6.92836e-19	0.000165492	0
6.93467e-19	0.0200489	10
6.95123e-19	0.0733086	20
6.97823e-19	0.160601	30
7.01601e-19	0.283023	40
7.06502e-19	0.442156	50
7.12592e-19	0.640132	60
7.19951e-19	0.879727	70
7.28684e-19	1.16449	80
7.38924e-19	1.4989	90
7.50838e-19	1.88862	100
7.64635e-19	2.34077	110
7.80579e-19	2.86437	120
7.99008e-19	3.47086	130
8.20351e-19	4.17494	140
8.45162e-19	4.99556	150
8.74165e-19	5.95749	160
9.08312e-19	7.09345	170
9.4888e-19	8.44721	180
9.97596e-19	10.0782	190
1.05684e-18	12.0683	200
1.12994e-18	14.5323	210
1.22165e-18	17.6333	220
1.33879e-18	21.607	230
1.49134e-18	26.7961	240
1.70272e-18	34.1662	250
1.99132e-18	44.2789	260
2.38065e-18	57.9585	270
2.85697e-18	74.7435	280
3.16915e-18	85.8589	290
2.34801e-18	56.74	300
1.01959e-18	7.25595	310
2.49979e-18	60.0837	320
3.19699e-18	86.5615	330
2.88599e-18	75.9081	340
2.44752e-18	60.2929	350
2.10073e-18	47.8739	360
1.85503e-18	39.0563	370
1.68895e-18	33.1261	380
1.58167e-18	29.3615	390
1.51311e-18	26.9436	400
1.47429e-18	25.5581	410
1.45963e-18	25.0089	420
1.46605e-18	25.1875	430
1.49251e-18	26.0567	440
1.53985e-18	27.6441	450
1.6109e-18	30.0472	460
1.71096e-18	33.4479	470
1.85382e-18	38.4181	480
2.05375e-18	45.4528	490
2.32723e-18	55.0952	500
2.68685e-18	67.8028	510
3.08059e-18	81.7657	520
3.16908e-18	85.0608	530
2.17941e-18	49.638	540
1.59662e-18	27.0421	550
2.8962e-18	73.8183	560
3.38872e-18	92.2752	570
3.22166e-18	86.362	580
3.00464e-18	78.3359	590
2.91536e-18	74.8231	600
2.99297e-18	77.4086	610
3.2365e-18	85.9871	620
3.58746e-18	98.5219	630
3.64239e-18	100.767	640
2.43021e-18	57.6667	650
1.72935e-18	30.6128	660
3.24583e-18	84.9537	670
3.82217e-18	106.363	680
3.61713e-18	98.9585	690
3.37304e-18	89.9001	700
3.27407e-18	86.0292	710
3.33423e-18	87.932	720
3.50766e-18	94.0264	730
3.62536e-18	98.1954	740
3.6081e-18	97.2996	750
3.59695e-18	96.6505	760
3.7336e-18	100.867	770
4.30125e-18	121.302	780
4.34367e-18	122.873	790
4.23309e-18	118.687	800
4.1195e-18	114.164	810
4.38784e-18	123.265	820
4.91841e-18	142.059	830
5.25996e-18	154.075	840
5.25656e-18	153.719	850
4.58187e-18	129.285	860
4.05933e-18	109.581	870
4.42994e-18	122.414	880
5.32458e-18	154.66	890
6.01349e-18	180.047	900
5.99342e-18	179.978	910
5.43326e-18	160.26	920
4.8548e-18	139.052	930
5.55999e-18	164.224	940
5.63514e-18	167.885	950
4.90927e-18	140.809	960
5.99611e-18	179.788	970
5.68474e-18	169.052	980
5.51511e-18	162.284	990
5.55399e-18	163.885	1000
5.56563e-18	164.323	1010
5.44808e-18	159.818	1020
5.58891e-18	164.782	1030
5.68232e-18	167.972	1040
5.72581e-18	169.531	1050
5.83899e-18	173.386	1060
5.76311e-18	170.756	1070
5.29545e-18	153.281	1080
5.9825e-18	178.004	1090
6.41385e-18	193.612	1100
6.36246e-18	191.642	1110
6.59863e-18	199.867	1120
6.44756e-18	194.387	1130
6.88283e-18	209.616	1140
7.00675e-18	214.69	1150
6.1415e-18	183.574	1160
6.55314e-18	197.262	1170
6.54292e-18	197.611	1180
7.00952e-18	213.939	1190
7.15594e-18	219.5	1200
7.19946e-18	221.033	1210
7.05412e-18	215.853	1220
7.0714e-18	216.112	1230
6.71345e-18	202.905	1240
7.01825e-18	213.496	1250
7.2357e-18	221.374	1260
7.50179e-18	230.696	1270
7.30849e-18	223.735	1280
7.20026e-18	219.338	1290
7.16755e-18	218.256	1300
7.17136e-18	217.711	1310
7.64748e-18	234.424	1320
7.65809e-18	235.448	1330
7.09418e-18	214.726	1340
6.73862e-18	201.013	1350
7.5607e-18	231.419	1360
7.4367e-18	226.899	1370
7.96486e-18	246.249	1380
7.04365e-18	212.473	1390
7.38769e-18	226.892	1400
6.48823e-18	193.302	1410
7.34216e-18	225.219	1420
5.93938e-18	174.886	1430
6.87994e-18	207.775	1440
7.42619e-18	228.41	1450
6.86969e-18	208.69	1460
6.30317e-18	188.034	1470
6.77791e-18	204.727	1480
7.35163e-18	226.088	1490
6.73494e-18	204.254	1500
7.18363e-18	220.629	1510
7.30543e-18	224.668	1520
7.45752e-18	230.965	1530
6.84577e-18	208.589	1540
7.21672e-18	222.132	1550
7.16254e-18	219.888	1560
7.35141e-18	227.658	1570
7.25228e-18	224.201	1580
7.04111e-18	216.824	1590
6.96676e-18	214.518	1600
6.91547e-18	212.071	1610
7.34921e-18	228.54	1620
7.0332e-18	217.517	1630
6.59224e-18	201.445	1640
6.70899e-18	205.202	1650
7.06587e-18	218.524	1660
6.45643e-18	196.61	1670
6.38186e-18	194.097	1680
5.95795e-18	178.007	1690
6.67869e-18	204.046	1700
6.93731e-18	213.717	1710
6.79678e-18	208.66	1720
6.87003e-18	211.05	1730
6.89772e-18	212.361	1740
6.48501e-18	197.396	1750
5.91762e-18	176.856	1760
5.95404e-18	177.545	1770
6.49287e-18	197.363	1780
6.52903e-18	198.567	1790
7.0462e-18	217.993	1800
6.62698e-18	203.054	1810
6.67674e-18	204.966	1820
6.58669e-18	201.242	1830
6.84722e-18	211.366	1840
6.75512e-18	206.722	1850
6.99121e-18	216.138	1860
6.45913e-18	196.056	1870
6.821e-18	208.653	1880
7.17397e-18	221.795	1890
6.7842e-18	207.356	1900
6.99114e-18	214.833	1910
7.08936e-18	219.366	1920
7.40841e-18	230.253	1930
7.07204e-18	219.141	1940
7.35228e-18	228.84	1950
7.12802e-18	221.177	1960
7.28509e-18	226.989	1970
7.35907e-18	229.621	1980
7.43152e-18	232.532	1990
6.68521e-18	205.256	2000
7.49952e-18	234.986	2010
7.4938e-18	235.449	2020
7.37088e-18	230.682	2030
7.24154e-18	226.857	2040
6.99969e-18	217.575	2050
6.98254e-18	217.473	2060
6.79467e-18	210.635	2070
6.77621e-18	210.098	2080
6.78458e-18	210.614	2090
6.61872e-18	204.977	2100
6.71785e-18	208.273	2110
7.00051e-18	218.835	2120
6.74324e-18	209.964	2130
6.77319e-18	210.725	2140
6.23483e-18	191.277	2150
6.33546e-18	194.797	2160
6.71374e-18	209.241	2170
6.86284e-18	214.526	2180
6.97104e-18	218.539	2190
6.80036e-18	212.648	2200
6.36477e-18	196.899	2210
6.51913e-18	202.219	2220
6.58625e-18	204.822	2230
6.46385e-18	200.475	2240
6.3752e-18	197.212	2250
6.325e-18	195.287	2260
6.3451e-18	195.957	2270
6.30295e-18	194.515	2280
6.31576e-18	194.714	2290
6.54993e-18	203.137	2300
6.4924e-18	200.768	2310
6.60928e-18	204.653	2320
6.73438e-18	208.845	2330
6.70876e-18	207.722	2340
6.86325e-18	212.651	2350
6.91235e-18	214.324	2360
6.92292e-18	214.129	2370
7.17563e-18	222.811	2380
7.30676e-18	227.267	2390
7.44076e-18	231.777	2400
7.22317e-18	224.072	2410
7.57761e-18	236.058	2420
7.65396e-18	238.86	2430
7.58653e-18	235.98	2440
7.78024e-18	242.823	2450
7.5775e-18	235.43	2460
7.55191e-18	233.882	2470
7.5641e-18	234.252	2480
7.52334e-18	232.695	2490
7.50607e-18	231.838	2500
7.74376e-18	240.529	2510
7.73762e-18	240.419	2520
7.62187e-18	236.574	2530
7.55399e-18	233.835	2540
7.63689e-18	237.172	2550
7.66363e-18	238.269	2560
7.51143e-18	232.991	2570
7.6186e-18	236.733	2580
7.71302e-18	240.498	2590
7.55858e-18	235.064	2600
7.66227e-18	238.749	2610
7.79381e-18	243.755	2620
7.67366e-18	239.508	2630
7.58867e-18	236.451	2640
7.61455e-18	237.207	2650
7.71454e-18	241.002	2660
7.54614e-18	234.926	2670
7.43847e-18	231.001	2680
7.3034e-18	226.057	2690
7.43779e-18	230.879	2700
7.62397e-18	237.678	2710
7.64443e-18	238.576	2720
7.45422e-18	231.873	2730
7.37511e-18	228.867	2740
7.37866e-18	229.182	2750
7.31834e-18	227.006	2760
7.26757e-18	225.161	2770
7.37458e-18	229.074	2780
7.40251e-18	230.215	2790
7.2291e-18	224.111	2800
7.20024e-18	223.004	2810
7.22686e-18	224.01	2820
7.24971e-18	224.968	2830
7.1605e-18	221.832	2840
7.09015e-18	219.422	2850
6.9653e-18	214.923	2860
7.07021e-18	218.616	2870
7.12773e-18	220.948	2880
7.00471e-18	216.526	2890
6.9414e-18	214.216	2900
6.98987e-18	216.071	2910
6.94543e-18	214.606	2920
6.99808e-18	216.396	2930
6.9806e-18	215.968	2940
6.95968e-18	215.267	2950
6.97082e-18	215.546	2960
7.09102e-18	219.937	2970
7.02022e-18	217.466	2980
7.00304e-18	216.776	2990
6.95664e-18	215.135	3000
6.93855e-18	214.487	3010
6.97824e-18	215.773	3020
7.10198e-18	220.323	3030
7.04836e-18	218.516	3040
7.00075e-18	216.676	3050
7.01839e-18	217.342	3060
7.00485e-18	216.832	3070
7.02526e-18	217.565	3080
7.05409e-18	218.649	3090
7.02272e-18	217.509	3100
6.96553e-18	215.496	3110
6.99497e-18	216.447	3120
7.11869e-18	221.037	3130
7.10835e-18	220.779	3140
7.09868e-18	220.417	3150
7.13235e-18	221.691	3160
7.07084e-18	219.496	3170
7.09548e-18	220.348	3180
7.07013e-18	219.504	3190
7.00469e-18	217.161	3200
6.94865e-18	215.119	3210
6.95239e-18	215.253	3220
6.96757e-18	215.766	3230
7.01386e-18	217.445	3240
6.93069e-18	214.539	3250
6.86358e-18	212.037	3260
6.87926e-18	212.709	3270
6.89719e-18	213.382	3280
6.81173e-18	210.36	3290
6.8553e-18	211.893	3300
6.82644e-18	211.002	3310
6.84481e-18	211.689	3320
6.78956e-18	209.747	3330
6.81864e-18	210.775	3340
6.91913e-18	214.566	3350
6.79493e-18	210.164	3360
6.81111e-18	210.73	3370
6.8039e-18	210.573	3380
6.76307e-18	209.066	3390
6.79557e-18	210.304	3400
6.69207e-18	206.565	3410
6.7435e-18	208.361	3420
6.75468e-18	208.812	3430
6.64589e-18	204.973	3440
6.59966e-18	203.128	3450
6.6462e-18	204.932	3460
6.6664e-18	205.651	3470
6.72157e-18	207.71	3480
6.65543e-18	205.485	3490
6.65844e-18	205.519	3500
6.66657e-18	205.925	3510
6.66858e-18	205.905	3520
6.70431e-18	207.233	3530
6.67991e-18	206.288	3540
6.72323e-18	207.893	3550
6.65295e-18	205.352	3560
6.66359e-18	205.667	3570
6.69155e-18	206.69	3580
6.71434e-18	207.527	3590
6.72529e-18	207.924	3600
6.76756e-18	209.408	3610
6.8348e-18	211.925	3620
6.74268e-18	208.639	3630
6.73993e-18	208.455	3640
6.78526e-18	210.164	3650
6.71879e-18	207.73	3660
6.76416e-18	209.355	3670
6.73295e-18	208.205	3680
6.77583e-18	209.701	3690
6.88457e-18	213.63	3700
6.8452e-18	212.249	3710
6.8559e-18	212.581	3720
6.7481e-18	208.76	3730
6.69007e-18	206.593	3740
6.6757e-18	206.053	3750
6.73243e-18	208.19	3760
6.69947e-18	206.993	3770
6.72925e-18	208.185	3780
6.65523e-18	205.57	3790
6.58885e-18	203.152	3800
6.64747e-18	205.335	3810
6.65241e-18	205.572	3820
6.61088e-18	204.141	3830
6.55278e-18	202.042	3840
6.63963e-18	205.156	3850
6.66326e-18	206.075	3860
6.5765e-18	202.998	3870
6.60808e-18	203.981	3880
6.72939e-18	208.465	3890
6.67652e-18	206.592	3900
6.60345e-18	203.946	3910
6.61116e-18	204.166	3920
6.65495e-18	205.774	3930
6.66485e-18	206.173	3940
6.62317e-18	204.679	3950
6.59971e-18	203.849	3960
6.61416e-18	204.406	3970
6.60553e-18	204.188	3980
6.54556e-18	202.075	3990
6.51926e-18	201.033	4000
6.55446e-18	202.414	4010
6.47301e-18	199.499	4020
6.47853e-18	199.641	4030
6.55163e-18	202.339	4040
6.54003e-18	201.897	4050
6.60915e-18	204.562	4060
6.42256e-18	197.795	4070
6.54019e-18	201.907	4080
6.58932e-18	203.846	4090
6.47559e-18	199.759	4100
6.4557e-18	198.999	4110
6.48095e-18	199.908	4120
6.56432e-18	203.006	4130
6.50171e-18	200.763	4140
6.54092e-18	202.194	4150
6.49949e-18	200.712	4160
6.50792e-18	201.098	4170
6.39954e-18	197.125	4180
6.5304e-18	201.825	4190
6.48348e-18	200.226	4200
6.43062e-18	198.34	4210
6.43157e-18	198.226	4220
6.48927e-18	200.347	4230
6.48179e-18	200.087	4240
6.46983e-18	199.647	4250
6.42549e-18	198.02	4260
6.38772e-18	196.707	4270
6.37522e-18	196.119	4280
6.42248e-18	197.872	4290
6.45522e-18	199.091	4300
6.43829e-18	198.456	4310
6.42846e-18	198.186	4320
6.37322e-18	196.14	4330
6.38856e-18	196.745	4340
6.38886e-18	196.71	4350
6.43406e-18	198.414	4360
6.43018e-18	198.316	4370
6.47686e-18	199.999	4380
6.50322e-18	200.909	4390
6.54369e-18	202.413	4400
6.45978e-18	199.381	4410
6.40701e-18	197.391	4420
6.43272e-18	198.242	4430
6.429e-18	198.14	4440
6.42923e-18	198.048	4450
6.4749e-18	199.669	4460
6.51532e-18	201.118	4470
6.52848e-18	201.584	4480
6.52225e-18	201.28	4490
6.56857e-18	202.921	4500
6.51473e-18	200.963	4510
6.51381e-18	200.885	4520
6.56075e-18	202.48	4530
6.62148e-18	204.638	4540
6.66721e-18	206.401	4550
6.52283e-18	201.145	4560
6.56043e-18	202.366	4570
6.59656e-18	203.727	4580
6.45324e-18	198.608	4590
6.55262e-18	201.991	4600
6.59355e-18	203.614	4610
6.60758e-18	204.018	4620
6.60344e-18	203.92	4630
6.57681e-18	202.847	4640
6.62316e-18	204.472	4650
6.67793e-18	206.459	4660
6.60377e-18	203.758	4670
6.66169e-18	205.763	4680
6.6872e-18	206.761	4690
6.5844e-18	203.095	4700
6.61345e-18	204.036	4710
6.58735e-18	203.2	4720
6.66563e-18	206.029	4730
6.6601e-18	205.983	4740
6.58104e-18	203.103	4750
6.62338e-18	204.73	4760
6.54061e-18	201.766	4770
6.55084e-18	202.108	4780
6.53321e-18	201.647	4790
6.43136e-18	197.914	4800
6.4077e-18	197.08	4810
6.4518e-18	198.673	4820
6.38648e-18	196.456	4830
6.34758e-18	194.946	4840
6.3849e-18	196.424	4850
6.3741e-18	196.003	4860
6.43632e-18	198.319	4870
6.36517e-18	195.946	4880
6.32457e-18	194.398	4890
6.34197e-18	195.028	4900
6.37173e-18	196.189	4910
6.36316e-18	195.787	4920
6.37512e-18	196.356	4930
6.27307e-18	192.598	4940
6.34609e-18	195.19	4950
6.34913e-18	195.349	4960
6.32368e-18	194.408	4970
6.26802e-18	192.387	4980
6.26596e-18	192.279	4990
6.30377e-18	193.674	5000
6.32119e-18	194.3	5010
6.38531e-18	196.563	5020
6.33238e-18	194.737	5030
6.29459e-18	193.258	5040
6.35601e-18	195.476	5050
6.27954e-18	192.738	5060
6.35596e-18	195.495	5070
6.37629e-18	196.238	5080
6.38043e-18	196.39	5090
6.35197e-18	195.375	5100
6.36447e-18	195.768	5110
6.359e-18	195.551	5120
6.40543e-18	197.153	5130
6.45087e-18	198.793	5140
6.38277e-18	196.319	5150
6.4144e-18	197.294	5160
6.47507e-18	199.496	5170
6.48195e-18	199.703	5180
6.4867e-18	199.861	5190
6.50838e-18	200.587	5200
6.51045e-18	200.663	5210
6.55269e-18	202.157	5220
6.5372e-18	201.654	5230
6.52755e-18	201.243	5240
6.60574e-18	204.075	5250
6.49374e-18	200.106	5260
6.47963e-18	199.518	5270
6.42271e-18	197.55	5280
6.35685e-18	195.056	5290
6.44876e-18	198.402	5300
6.46317e-18	198.963	5310
6.44792e-18	198.38	5320
6.36372e-18	195.395	5330
6.35778e-18	195.033	5340
6.40854e-18	196.823	5350
6.43605e-18	197.772	5360
6.45599e-18	198.49	5370
6.44891e-18	198.112	5380
6.45777e-18	198.449	5390
6.42824e-18	197.284	5400
6.49952e-18	199.777	5410
6.50022e-18	199.823	5420
6.55794e-18	201.769	5430
6.64078e-18	204.85	5440
6.52786e-18	200.815	5450
6.51529e-18	200.219	5460
6.63891e-18	204.755	5470
6.61549e-18	203.963	5480
6.59813e-18	203.357	5490
6.53743e-18	201.166	5500
6.51265e-18	200.235	5510
6.48052e-18	199	5520
6.54877e-18	201.568	5530
6.46372e-18	198.529	5540
6.47676e-18	198.954	5550
6.51469e-18	200.331	5560
6.52972e-18	200.991	5570
6.50151e-18	199.964	5580
6.47576e-18	199.055	5590
6.48247e-18	199.199	5600
6.60209e-18	203.592	5610
6.55462e-18	201.947	5620
6.50385e-18	200.037	5630
6.52183e-18	200.777	5640
6.46904e-18	198.877	5650
6.42714e-18	197.327	5660
6.4602e-18	198.521	5670
6.4885e-18	199.599	5680
6.41603e-18	196.99	5690
6.4217e-18	197.24	5700
6.35414e-18	194.74	5710
6.38846e-18	196.051	5720
6.38148e-18	195.787	5730
6.42395e-18	197.367	5740
6.38538e-18	196.105	5750
6.3502e-18	194.751	5760
6.41811e-18	197.267	5770
6.44061e-18	198.168	5780
6.39583e-18	196.577	5790
6.36432e-18	195.526	5800
6.32574e-18	194.103	5810
6.43137e-18	197.931	5820
6.4969e-18	200.399	5830
6.48088e-18	199.843	5840
6.46956e-18	199.521	5850
6.41291e-18	197.463	5860
6.41812e-18	197.645	5870
6.38189e-18	196.384	5880
6.37106e-18	195.95	5890
6.42882e-18	197.994	5900
6.40709e-18	197.335	5910
6.36416e-18	195.65	5920
6.40013e-18	197.003	5930
6.30314e-18	193.481	5940
6.314e-18	193.859	5950
6.29978e-18	193.337	5960
6.3474e-18	195.038	5970
6.28747e-18	192.904	5980
6.22472e-18	190.591	5990
6.29358e-18	192.993	6000
6.36404e-18	195.556	6010
6.42357e-18	197.646	6020
6.38221e-18	196.27	6030
6.32554e-18	194.063	6040
6.37336e-18	195.718	6050
6.47072e-18	199.202	6060
6.47469e-18	199.363	6070
6.34451e-18	194.631	6080
6.42213e-18	197.283	6090
6.42775e-18	197.556	6100
6.43687e-18	197.782	6110
6.44051e-18	197.928	6120
6.48925e-18	199.622	6130
6.48435e-18	199.498	6140
6.44184e-18	197.934	6150
6.39852e-18	196.37	6160
6.42079e-18	197.132	6170
6.50199e-18	200.032	6180
6.60305e-18	203.776	6190
6.45124e-18	198.411	6200
6.35914e-18	194.969	6210
6.48473e-18	199.427	6220
6.49875e-18	200.066	6230
6.39808e-18	196.433	6240
6.41667e-18	196.975	6250
6.48913e-18	199.646	6260
6.50331e-18	200.169	6270
6.51748e-18	200.657	6280
6.52076e-18	200.785	6290
6.51056e-18	200.39	6300
6.4771e-18	199.179	6310
6.44424e-18	198.004	6320
6.52729e-18	200.992	6330
6.4897e-18	199.79	6340
6.43075e-18	197.527	6350
6.54322e-18	201.527	6360
6.57848e-18	202.923	6370
6.5175e-18	200.652	6380
6.52378e-18	200.807	6390
6.52431e-18	200.887	6400
6.47085e-18	198.938	6410
6.47554e-18	199.087	6420
6.4841e-18	199.457	6430
6.42989e-18	197.51	6440
6.50878e-18	200.281	6450
6.5628e-18	202.348	6460
6.60253e-18	203.766	6470
6.59549e-18	203.614	6480
6.54558e-18	201.818	6490
6.48683e-18	199.621	6500
6.54853e-18	201.911	6510
6.5417e-18	201.703	6520
6.48552e-18	199.632	6530
6.5166e-18	200.755	6540
6.5809e-18	203.07	6550
6.58071e-18	203.118	6560
6.44923e-18	198.381	6570
6.51696e-18	200.754	6580
6.49858e-18	200.146	6590
6.47072e-18	199.189	6600
6.4379e-18	197.969	6610
6.49615e-18	200.036	6620
6.44962e-18	198.403	6630
6.44877e-18	198.321	6640
6.4632e-18	198.911	6650
6.43117e-18	197.707	6660
6.43275e-18	197.846	6670
6.46111e-18	198.866	6680
6.42524e-18	197.683	6690
6.40268e-18	196.809	6700
6.38649e-18	196.241	6710
6.41467e-18	197.24	6720
6.43275e-18	197.801	6730
6.45768e-18	198.788	6740
6.38362e-18	196.029	6750
6.49009e-18	199.884	6760
6.44668e-18	198.407	6770
6.42202e-18	197.412	6780
6.47566e-18	199.391	6790
6.50559e-18	200.439	6800
6.45457e-18	198.695	6810
6.40261e-18	196.716	6820
6.36421e-18	195.327	6830
6.4732e-18	199.178	6840
6.4489e-18	198.418	6850
6.38749e-18	196.139	6860
6.39622e-18	196.432	6870
6.34274e-18	194.498	6880
6.38984e-18	196.09	6890
6.43211e-18	197.663	6900
6.41571e-18	196.98	6910
6.38627e-18	195.912	6920
6.45176e-18	198.142	6930
6.45355e-18	198.334	6940
6.39067e-18	196.011	6950
6.44982e-18	198.02	6960
6.53085e-18	201.031	6970
6.55247e-18	201.835	6980
6.55847e-18	201.998	6990
6.52558e-18	200.776	7000
6.63467e-18	204.622	7010
6.67877e-18	206.267	7020
6.56743e-18	202.27	7030
6.52244e-18	200.494	7040
6.58216e-18	202.756	7050
6.50734e-18	200.003	7060
6.61353e-18	203.87	7070
6.5902e-18	203.13	7080
6.5733e-18	202.471	7090
6.63814e-18	204.919	7100
6.55906e-18	202.102	7110
6.55815e-18	202.042	7120
6.58665e-18	203.221	7130
6.50039e-18	199.996	7140
6.54108e-18	201.555	7150
6.59021e-18	203.276	7160
6.58795e-18	203.324	7170
6.52834e-18	201.194	7180
6.53219e-18	201.323	7190
6.52886e-18	201.215	7200
6.51552e-18	200.74	7210
6.50813e-18	200.536	7220
6.43959e-18	198.058	7230
6.44307e-18	198.12	7240
6.54506e-18	201.842	7250
6.58122e-18	203.115	7260
6.52126e-18	201.089	7270
6.48658e-18	199.71	7280
6.49089e-18	199.837	7290
6.57371e-18	202.762	7300
6.57157e-18	202.808	7310
6.54336e-18	201.616	7320
6.58649e-18	203.265	7330
6.53269e-18	201.332	7340
6.48238e-18	199.428	7350
6.53203e-18	201.225	7360
6.54188e-18	201.585	7370
6.57451e-18	202.797	7380
6.57987e-18	202.988	7390
6.45547e-18	198.568	7400
6.44021e-18	197.868	7410
6.45454e-18	198.41	7420
6.49749e-18	199.973	7430
6.44382e-18	198.102	7440
6.42766e-18	197.443	7450
6.4118e-18	196.932	7460
6.41931e-18	197.173	7470
6.34048e-18	194.498	7480
6.30344e-18	193.036	7490
6.38024e-18	195.852	7500
6.37153e-18	195.654	7510
6.38674e-18	196.177	7520
6.32039e-18	193.906	7530
6.25501e-18	191.467	7540
6.34843e-18	194.782	7550
6.40176e-18	196.696	7560
6.44107e-18	198.163	7570
6.35403e-18	195.01	7580
6.37778e-18	195.771	7590
6.49564e-18	200.017	7600
6.39462e-18	196.453	7610
6.37327e-18	195.475	7620
6.51118e-18	200.495	7630
6.5516e-18	201.969	7640
6.56323e-18	202.404	7650
6.57149e-18	202.654	7660
6.53789e-18	201.504	7670
6.56843e-18	202.461	7680
6.57408e-18	202.686	7690
6.54767e-18	201.756	7700
6.44295e-18	197.897	7710
6.45631e-18	198.345	7720
6.48766e-18	199.491	7730
6.42967e-18	197.387	7740
6.43902e-18	197.755	7750
6.44613e-18	198	7760
6.4181e-18	197.142	7770
6.32205e-18	193.528	7780
6.38962e-18	196.077	7790
6.36064e-18	195.057	7800
6.37496e-18	195.594	7810
6.42356e-18	197.363	7820
6.38055e-18	195.876	7830
6.29274e-18	192.721	7840
6.36554e-18	195.298	7850
6.35275e-18	194.892	7860
6.36729e-18	195.4	7870
6.36835e-18	195.465	7880
6.30323e-18	193.107	7890
6.38195e-18	195.875	7900
6.36027e-18	195.221	7910
6.33028e-18	194.091	7920
6.38288e-18	195.981	7930
6.33565e-18	194.345	7940
6.31162e-18	193.374	7950
6.38025e-18	195.937	7960
6.36159e-18	195.251	7970
6.38927e-18	196.228	7980
6.392e-18	196.416	7990
6.30452e-18	193.204	8000
6.38464e-18	196.044	8010
6.41505e-18	197.158	8020
6.37881e-18	195.833	8030
6.38536e-18	195.968	8040
6.40055e-18	196.533	8050
6.36478e-18	195.209	8060
6.37443e-18	195.571	8070
6.46163e-18	198.635	8080
6.52382e-18	200.975	8090
6.44261e-18	198.054	8100
6.47189e-18	198.967	8110
6.55309e-18	201.899	8120
6.56059e-18	202.268	8130
6.47526e-18	199.115	8140
6.48446e-18	199.4	8150
6.44964e-18	198.189	8160
6.39979e-18	196.387	8170
6.34388e-18	194.34	8180
6.41315e-18	196.824	8190
6.4591e-18	198.535	8200
6.45938e-18	198.548	8210
6.39694e-18	196.404	8220
6.2763e-18	191.959	8230
6.3555e-18	194.788	8240
6.38437e-18	195.835	8250
6.34545e-18	194.48	8260
6.36103e-18	194.981	8270
6.43101e-18	197.487	8280
6.43146e-18	197.501	8290
6.4812e-18	199.231	8300
6.45866e-18	198.491	8310
6.42484e-18	197.063	8320
6.46442e-18	198.498	8330
6.46821e-18	198.592	8340
6.40916e-18	196.46	8350
6.47694e-18	198.728	8360
6.5493e-18	201.376	8370
6.58113e-18	202.53	8380
6.58647e-18	202.746	8390
6.54361e-18	201.084	8400
6.55861e-18	201.649	8410
6.49437e-18	199.336	8420
6.50804e-18	199.79	8430
6.59056e-18	202.735	8440
6.56459e-18	201.92	8450
6.5501e-18	201.31	8460
6.59738e-18	203.043	8470
6.57381e-18	202.207	8480
6.54238e-18	201.03	8490
6.54512e-18	201.08	8500
6.53044e-18	200.553	8510
6.53804e-18	200.763	8520
6.5125e-18	199.889	8530
6.48434e-18	198.716	8540
6.56141e-18	201.589	8550
6.38073e-18	195.071	8560
6.54534e-18	200.791	8570
6.64432e-18	204.521	8580
6.57824e-18	202.146	8590
6.57159e-18	201.865	8600
6.52875e-18	200.356	8610
6.51132e-18	199.658	8620
6.55263e-18	201.1	8630
6.58226e-18	202.216	8640
6.63645e-18	204.137	8650
6.64739e-18	204.551	8660
6.61514e-18	203.34	8670
6.67582e-18	205.456	8680
6.64007e-18	204.18	8690
6.63518e-18	203.922	8700
6.60137e-18	202.794	8710
6.48516e-18	198.49	8720
6.54818e-18	200.734	8730
6.65724e-18	204.702	8740
6.59371e-18	202.522	8750
6.5966e-18	202.571	8760
6.53408e-18	200.407	8770
6.48123e-18	198.418	8780
6.5486e-18	200.873	8790
6.62298e-18	203.597	8800
6.60825e-18	203.109	8810
6.5437e-18	200.796	8820
6.55445e-18	201.135	8830
6.63403e-18	204.071	8840
6.62296e-18	203.694	8850
6.54412e-18	200.907	8860
6.45561e-18	197.559	8870
6.58861e-18	202.375	8880
6.49907e-18	199.225	8890
6.48296e-18	198.532	8900
6.55052e-18	200.962	8910
6.56541e-18	201.586	8920
6.51976e-18	199.873	8930
6.58611e-18	202.231	8940
6.5642e-18	201.515	8950
6.50033e-18	199	8960
6.63744e-18	203.974	8970
6.62332e-18	203.457	8980
6.58102e-18	201.842	8990
6.61831e-18	203.079	9000
6.69439e-18	205.84	9010
6.6811e-18	205.346	9020
6.71163e-18	206.358	9030
6.72604e-18	206.98	9040
6.66126e-18	204.532	9050
6.75717e-18	207.967	9060
6.69822e-18	206.015	9070
6.72536e-18	206.829	9080
6.73898e-18	207.544	9090
6.70902e-18	206.374	9100
6.69498e-18	205.983	9110
6.57722e-18	201.766	9120
6.54958e-18	200.747	9130
6.64707e-18	204.291	9140
6.62048e-18	203.441	9150
6.57259e-18	201.722	9160
6.55989e-18	201.351	9170
6.47621e-18	198.287	9180
6.55167e-18	201.034	9190
6.51966e-18	199.855	9200
6.51642e-18	199.809	9210
6.45514e-18	197.499	9220
6.55134e-18	200.925	9230
6.63705e-18	204.041	9240
6.60275e-18	202.869	9250
6.58739e-18	202.309	9260
6.575e-18	201.838	9270
6.60954e-18	203.029	9280
6.67617e-18	205.506	9290
6.67215e-18	205.404	9300
6.60183e-18	202.806	9310
6.65703e-18	204.785	9320
6.72212e-18	207.076	9330
6.72861e-18	207.43	9340
6.60025e-18	202.681	9350
6.705e-18	206.421	9360
6.73779e-18	207.662	9370
6.6397e-18	204.105	9380
6.6014e-18	202.684	9390
6.59986e-18	202.574	9400
6.55795e-18	201.109	9410
6.55975e-18	201.159	9420
6.60604e-18	202.764	9430
6.64253e-18	204.121	9440
6.62149e-18	203.347	9450
6.63711e-18	203.901	9460
6.57468e-18	201.571	9470
6.68609e-18	205.59	9480
6.63181e-18	203.635	9490
6.66457e-18	204.833	9500
6.62624e-18	203.347	9510
6.78843e-18	209.203	9520
6.79433e-18	209.552	9530
6.6657e-18	204.884	9540
6.64722e-18	204.139	9550
6.66773e-18	204.86	9560
6.74533e-18	207.602	9570
6.66318e-18	204.748	9580
6.63117e-18	203.454	9590
6.66453e-18	204.684	9600
6.58201e-18	201.657	9610
6.69378e-18	205.667	9620
6.63363e-18	203.525	9630
6.57509e-18	201.43	9640
6.59716e-18	202.174	9650
6.69139e-18	205.574	9660
6.78246e-18	208.907	9670
6.75269e-18	207.964	9680
6.61914e-18	203.167	9690
6.64163e-18	203.921	9700
6.63526e-18	203.735	9710
6.68717e-18	205.537	9720
6.75152e-18	207.959	9730
6.77052e-18	208.639	9740
6.8163e-18	210.329	9750
6.74449e-18	207.843	9760
6.68416e-18	205.571	9770
6.80112e-18	209.853	9780
6.78617e-18	209.38	9790
6.72369e-18	207.198	9800
6.67609e-18	205.554	9810
6.67039e-18	205.347	9820
6.74247e-18	207.981	9830
6.75371e-18	208.541	9840
6.6333e-18	204.295	9850
6.57161e-18	202.091	9860
6.61828e-18	203.746	9870
6.60452e-18	203.363	9880
6.52007e-18	200.347	9890
6.49082e-18	199.267	9900
6.55083e-18	201.477	9910
6.51252e-18	200.193	9920
6.45609e-18	198.195	9930
6.47738e-18	198.948	9940
6.49741e-18	199.809	9950
6.4399e-18	197.688	9960
6.52756e-18	200.891	9970
6.47218e-18	198.973	9980
6.42841e-18	197.268	9990
6.49601e-18	199.799	10000
6.4049e-18	196.544	10010
6.44503e-18	197.966	10020
6.43962e-18	197.805	10030
6.5234e-18	200.893	10040
6.50221e-18	200.206	10050
6.48045e-18	199.43	10060
6.42358e-18	197.437	10070
6.39257e-18	196.227	10080
6.53739e-18	201.498	10090
6.48458e-18	199.63	10100
6.54272e-18	201.773	10110
6.48228e-18	199.644	10120
6.45765e-18	198.743	10130
6.51738e-18	200.829	10140
6.54447e-18	201.917	10150
6.39555e-18	196.593	10160
6.406e-18	196.857	10170
6.50078e-18	200.292	10180
6.55721e-18	202.416	10190
6.52995e-18	201.495	10200
6.4282e-18	197.826	10210
6.46522e-18	199.085	10220
6.49481e-18	200.159	10230
6.56534e-18	202.809	10240
6.48094e-18	199.783	10250
6.51771e-18	201.12	10260
6.42453e-18	197.826	10270
6.3556e-18	195.312	10280
6.39589e-18	196.785	10290
6.42782e-18	198.043	10300
6.42514e-18	197.98	10310
6.44893e-18	198.909	10320
6.3739e-18	196.277	10330
6.33131e-18	194.811	10340
6.27687e-18	192.798	10350
6.38322e-18	196.66	10360
6.36012e-18	195.939	10370
6.2511e-18	191.943	10380
6.32305e-18	194.513	10390
6.24517e-18	191.869	10400
6.24449e-18	191.755	10410
6.26882e-18	192.705	10420
6.28267e-18	193.187	10430
6.3201e-18	194.642	10440
6.24943e-18	192.066	10450
6.23515e-18	191.559	10460
6.23894e-18	191.609	10470
6.26898e-18	192.7	10480
6.30395e-18	193.975	10490
6.21701e-18	190.887	10500
6.17007e-18	189.062	10510
6.23074e-18	191.297	10520
6.21489e-18	190.753	10530
6.19223e-18	189.989	10540
6.23812e-18	191.521	10550
6.30108e-18	193.941	10560
6.21696e-18	190.843	10570
6.19316e-18	189.934	10580
6.20435e-18	190.342	10590
6.191e-18	189.804	10600
6.24748e-18	191.8	10610
6.27064e-18	192.696	10620
6.19553e-18	189.941	10630
6.24791e-18	191.684	10640
6.29534e-18	193.494	10650
6.29887e-18	193.636	10660
6.21479e-18	190.618	10670
6.24284e-18	191.545	10680
6.31611e-18	194.288	10690
6.23627e-18	191.416	10700
6.26007e-18	192.233	10710
6.31268e-18	194.157	10720
6.2709e-18	192.615	10730
6.32462e-18	194.53	10740
6.33255e-18	194.845	10750
6.3121e-18	194.061	10760
6.29209e-18	193.305	10770
6.25328e-18	191.903	10780
6.24756e-18	191.628	10790
6.19278e-18	189.672	10800
6.24339e-18	191.432	10810
6.23827e-18	191.288	10820
6.24536e-18	191.545	10830
6.27588e-18	192.633	10840
6.2572e-18	192.054	10850
6.18143e-18	189.318	10860
6.18106e-18	189.258	10870
6.20506e-18	190.074	10880
6.27551e-18	192.651	10890
6.24249e-18	191.457	10900
6.20468e-18	190.037	10910
6.28155e-18	192.741	10920
6.27806e-18	192.707	10930
6.20234e-18	189.876	10940
6.25918e-18	191.899	10950
6.2435e-18	191.403	10960
6.27853e-18	192.547	10970
6.35497e-18	195.396	10980
6.35521e-18	195.439	10990
6.28089e-18	192.738	11000
6.30144e-18	193.36	11010
6.33063e-18	194.463	11020
6.23736e-18	191.04	11030
6.27324e-18	192.164	11040
6.3653e-18	195.459	11050
6.36734e-18	195.531	11060
6.32295e-18	193.847	11070
6.31558e-18	193.521	11080
6.31511e-18	193.425	11090
6.31266e-18	193.277	11100
6.35691e-18	194.824	11110
6.3667e-18	195.107	11120
6.34515e-18	194.295	11130
6.38745e-18	195.691	11140
6.49165e-18	199.453	11150
6.48344e-18	199.039	11160
6.63541e-18	204.447	11170
6.59112e-18	202.889	11180
6.61917e-18	203.71	11190
6.60705e-18	203.268	11200
6.5052e-18	199.528	11210
6.50873e-18	199.542	11220
6.5683e-18	201.562	11230
6.59763e-18	202.653	11240
6.61581e-18	203.279	11250
6.59261e-18	202.303	11260
6.63869e-18	204.058	11270
6.59126e-18	202.304	11280
6.57655e-18	201.733	11290
6.59719e-18	202.41	11300
6.60074e-18	202.533	11310
6.61093e-18	202.824	11320
6.61864e-18	203.088	11330
6.61087e-18	202.801	11340
6.59105e-18	202.018	11350
6.65526e-18	204.27	11360
6.60973e-18	202.637	11370
6.60669e-18	202.365	11380
6.66701e-18	204.524	11390
6.68876e-18	205.39	11400
6.62383e-18	202.937	11410
6.62426e-18	202.862	11420
6.77765e-18	208.363	11430
6.77411e-18	208.311	11440
6.69063e-18	205.298	11450
6.72247e-18	206.308	11460
6.77736e-18	208.364	11470
6.82241e-18	209.949	11480
6.69037e-18	205.265	11490
6.73321e-18	206.7	11500
6.76402e-18	207.958	11510
6.75617e-18	207.694	11520
6.73235e-18	206.91	11530
6.61727e-18	202.767	11540
6.63203e-18	203.299	11550
6.64362e-18	203.689	11560
6.69058e-18	205.481	11570
6.61406e-18	202.825	11580
6.56669e-18	201.083	11590
6.55507e-18	200.747	11600
6.55377e-18	200.702	11610
6.6151e-18	202.946	11620
6.5376e-18	200.302	11630
6.50668e-18	199.113	11640
6.50358e-18	199.036	11650
6.50134e-18	198.905	11660
6.49788e-18	198.867	11670
6.49428e-18	198.724	11680
6.45976e-18	197.509	11690
6.465e-18	197.691	11700
6.43884e-18	196.828	11710
6.4291e-18	196.444	11720
6.46641e-18	197.848	11730
6.50779e-18	199.354	11740
6.52671e-18	200.102	11750
6.45655e-18	197.656	11760
6.4281e-18	196.478	11770
6.5906e-18	202.354	11780
6.56836e-18	201.711	11790
6.41423e-18	196.087	11800
6.37871e-18	194.695	11810
6.45539e-18	197.398	11820
6.55296e-18	200.978	11830
6.49166e-18	198.797	11840
6.57426e-18	201.647	11850
6.5885e-18	202.288	11860
6.43673e-18	196.781	11870
6.56286e-18	201.217	11880
6.56566e-18	201.445	11890
6.58446e-18	202.07	11900
6.58524e-18	202.146	11910
6.50289e-18	199.185	11920
6.51331e-18	199.425	11930
6.61509e-18	203.173	11940
6.55835e-18	201.244	11950
6.54539e-18	200.773	11960
6.56501e-18	201.504	11970
6.59828e-18	202.829	11980
6.50237e-18	199.332	11990
6.57493e-18	201.974	12000
6.5442e-18	200.911	12010
6.54273e-18	200.885	12020
6.52552e-18	200.269	12030
6.50623e-18	199.649	12040
6.56039e-18	201.618	12050
6.45436e-18	197.878	12060
6.48852e-18	199.087	12070
6.41921e-18	196.678	12080
6.44265e-18	197.499	12090
6.43002e-18	197.151	12100
6.4293e-18	197.195	12110
6.44916e-18	197.865	12120
6.4417e-18	197.701	12130
6.45738e-18	198.208	12140
6.4778e-18	198.996	12150
6.48435e-18	199.263	12160
6.38993e-18	195.901	12170
6.37551e-18	195.272	12180
6.39066e-18	195.89	12190
6.4045e-18	196.329	12200
6.4448e-18	197.785	12210
6.50575e-18	200.058	12220
6.4534e-18	198.237	12230
6.3682e-18	195.103	12240
6.43249e-18	197.295	12250
6.43308e-18	197.493	12260
6.31649e-18	193.119	12270
6.39459e-18	195.884	12280
6.38789e-18	195.689	12290
6.40223e-18	196.167	12300
6.32397e-18	193.286	12310
6.38251e-18	195.386	12320
6.38444e-18	195.423	12330
6.41102e-18	196.426	12340
6.34465e-18	194.029	12350
6.42532e-18	196.841	12360
6.41245e-18	196.419	12370
6.41561e-18	196.455	12380
6.40192e-18	195.978	12390
6.35756e-18	194.343	12400
6.38925e-18	195.442	12410
6.46974e-18	198.226	12420
6.54048e-18	200.787	12430
6.52596e-18	200.251	12440
6.49518e-18	199.072	12450
6.51343e-18	199.691	12460
6.5464e-18	200.875	12470
6.55916e-18	201.278	12480
6.63524e-18	204.099	12490
6.59615e-18	202.668	12500
6.63862e-18	204.171	12510
6.57746e-18	202.011	12520
6.53636e-18	200.493	12530
6.55725e-18	201.155	12540
6.5111e-18	199.591	12550
6.46262e-18	197.751	12560
6.48435e-18	198.537	12570
6.53076e-18	200.209	12580
6.52346e-18	199.984	12590
6.47837e-18	198.297	12600
6.44305e-18	197.16	12610
6.41278e-18	195.858	12620
6.46331e-18	197.801	12630
6.41989e-18	196.212	12640
6.38372e-18	194.865	12650
6.44087e-18	196.835	12660
6.57401e-18	201.689	12670
6.56673e-18	201.479	12680
6.5316e-18	200.224	12690
6.46262e-18	197.76	12700
6.40189e-18	195.495	12710
6.43576e-18	196.734	12720
6.46838e-18	197.867	12730
6.49263e-18	198.859	12740
6.43336e-18	196.663	12750
6.47313e-18	198.037	12760
6.58044e-18	201.98	12770
6.59554e-18	202.482	12780
6.61868e-18	203.405	12790
6.57441e-18	201.784	12800
6.5712e-18	201.672	12810
6.55585e-18	201.124	12820
6.45596e-18	197.518	12830
6.49773e-18	198.992	12840
6.52625e-18	199.948	12850
6.56596e-18	201.411	12860
6.59564e-18	202.545	12870
6.56253e-18	201.403	12880
6.51366e-18	199.543	12890
6.52078e-18	199.913	12900
6.42666e-18	196.472	12910
6.44912e-18	197.247	12920
6.51636e-18	199.653	12930
6.48709e-18	198.658	12940
6.45453e-18	197.459	12950
6.54627e-18	200.713	12960
6.6045e-18	202.938	12970
6.52313e-18	199.96	12980
6.5067e-18	199.321	12990
6.58776e-18	202.246	13000
6.56374e-18	201.351	13010
6.60907e-18	202.962	13020
6.62903e-18	203.746	13030
6.57807e-18	201.858	13040
6.56791e-18	201.474	13050
6.62958e-18	203.708	13060
6.62973e-18	203.779	13070
6.52648e-18	200.038	13080
6.57637e-18	201.73	13090
6.68899e-18	205.859	13100
6.64108e-18	204.205	13110
6.6285e-18	203.617	13120
6.64417e-18	204.246	13130
6.64827e-18	204.368	13140
6.62412e-18	203.521	13150
6.56364e-18	201.396	13160
6.58364e-18	201.973	13170
6.66998e-18	205.179	13180
6.66076e-18	204.844	13190
6.67357e-18	205.309	13200
6.62169e-18	203.494	13210
6.55643e-18	201.079	13220
6.60673e-18	202.846	13230
6.59595e-18	202.513	13240
6.65336e-18	204.571	13250
6.70885e-18	206.58	13260
6.58216e-18	202.144	13270
6.55852e-18	201.201	13280
6.51845e-18	199.798	13290
6.622e-18	203.517	13300
6.58088e-18	202.127	13310
6.61684e-18	203.417	13320
6.49658e-18	199.09	13330
6.56466e-18	201.564	13340
6.49692e-18	199.174	13350
6.42865e-18	196.707	13360
6.479e-18	198.473	13370
6.46434e-18	198.112	13380
6.41785e-18	196.435	13390
6.34398e-18	193.762	13400
6.35331e-18	193.991	13410
6.42573e-18	196.745	13420
6.31568e-18	192.825	13430
6.33532e-18	193.414	13440
6.30335e-18	192.306	13450
6.33661e-18	193.413	13460
6.40038e-18	195.703	13470
6.40352e-18	195.785	13480
6.46736e-18	198.036	13490
6.49747e-18	199.144	13500
6.44395e-18	197.195	13510
6.45196e-18	197.397	13520
6.47117e-18	197.984	13530
6.572e-18	201.617	13540
6.57349e-18	201.7	13550
6.63388e-18	203.784	13560
6.62216e-18	203.445	13570
6.52627e-18	199.992	13580
6.53061e-18	200.063	13590
6.59571e-18	202.39	13600
6.64882e-18	204.435	13610
6.5075e-18	199.315	13620
6.52645e-18	199.963	13630
6.54789e-18	200.739	13640
6.49937e-18	199.041	13650
6.5058e-18	199.208	13660
6.46501e-18	197.728	13670
6.46766e-18	197.778	13680
6.38641e-18	194.886	13690
6.49786e-18	198.736	13700
6.57987e-18	201.76	13710
6.64762e-18	204.228	13720
6.61858e-18	203.309	13730
6.4669e-18	197.71	13740
6.51493e-18	199.4	13750
6.50644e-18	199.084	13760
6.52349e-18	199.676	13770
6.5189e-18	199.505	13780
6.48835e-18	198.313	13790
6.62989e-18	203.42	13800
6.58153e-18	201.664	13810
6.58961e-18	201.803	13820
6.64297e-18	203.77	13830
6.55502e-18	200.539	13840
6.61633e-18	202.547	13850
6.77055e-18	208.126	13860
6.68874e-18	205.189	13870
6.67886e-18	204.722	13880
6.76473e-18	207.781	13890
6.69865e-18	205.462	13900
6.69596e-18	205.257	13910
6.79143e-18	208.648	13920
6.82678e-18	209.99	13930
6.77512e-18	208.137	13940
6.7209e-18	206.114	13950
6.73015e-18	206.545	13960
6.75947e-18	207.539	13970
6.78602e-18	208.506	13980
6.80303e-18	209.057	13990
6.7328e-18	206.626	14000
6.64739e-18	203.389	14010
6.70029e-18	205.243	14020
6.76846e-18	207.764	14030
6.73448e-18	206.491	14040
6.78263e-18	208.287	14050
6.80613e-18	209.13	14060
6.87939e-18	211.788	14070
6.89382e-18	212.392	14080
6.85259e-18	210.879	14090
6.83271e-18	210.17	14100
6.79256e-18	208.747	14110
6.75964e-18	207.529	14120
6.76478e-18	207.656	14130
6.79996e-18	209.025	14140
6.77019e-18	207.904	14150
6.80244e-18	209.027	14160
6.78036e-18	208.33	14170
6.65485e-18	203.832	14180
6.74002e-18	206.874	14190
6.72743e-18	206.455	14200
6.71768e-18	206.095	14210
6.70723e-18	205.717	14220
6.66824e-18	204.365	14230
6.58691e-18	201.371	14240
6.61365e-18	202.386	14250
6.61073e-18	202.204	14260
6.67929e-18	204.718	14270
6.62766e-18	202.824	14280
6.6718e-18	204.352	14290
6.66401e-18	204.054	14300
6.69645e-18	205.212	14310
6.62668e-18	202.695	14320
6.54431e-18	199.677	14330
6.568e-18	200.368	14340
6.68752e-18	204.623	14350
6.78395e-18	208.162	14360
6.74215e-18	206.555	14370
6.85026e-18	210.467	14380
6.8285e-18	209.59	14390
6.83781e-18	209.848	14400
6.84585e-18	210.079	14410
6.91364e-18	212.449	14420
6.88492e-18	211.297	14430
6.97021e-18	214.361	14440
6.90609e-18	212.053	14450
6.83395e-18	209.325	14460
6.91079e-18	212.102	14470
6.90528e-18	211.757	14480
6.99691e-18	215.109	14490
7.03989e-18	216.551	14500
6.94264e-18	213.131	14510
6.90576e-18	211.584	14520
6.89621e-18	211.26	14530
6.94273e-18	212.806	14540
7.01912e-18	215.606	14550
7.04198e-18	216.386	14560
7.03732e-18	216.26	14570
7.07118e-18	217.5	14580
6.98312e-18	214.402	14590
6.89847e-18	211.208	14600
6.96902e-18	213.798	14610
6.95366e-18	213.222	14620
7.04509e-18	216.511	14630
7.0267e-18	215.913	14640
6.92353e-18	212.158	14650
6.90935e-18	211.654	14660
6.85123e-18	209.498	14670
6.90346e-18	211.393	14680
6.88725e-18	210.802	14690
6.91669e-18	211.828	14700
6.84606e-18	209.347	14710
6.8255e-18	208.476	14720
6.92357e-18	212.039	14730
6.94256e-18	212.698	14740
6.89526e-18	211.071	14750
6.93274e-18	212.291	14760
6.84507e-18	209.323	14770
6.80588e-18	207.669	14780
6.87206e-18	210.137	14790
6.88453e-18	210.552	14800
6.95434e-18	213.154	14810
6.91938e-18	211.875	14820
7.01378e-18	215.368	14830
7.04387e-18	216.632	14840
6.9548e-18	213.327	14850
6.98904e-18	214.668	14860
6.85696e-18	209.876	14870
6.86201e-18	210.078	14880
6.84223e-18	209.354	14890
6.92541e-18	212.346	14900
6.93185e-18	212.683	14910
6.92817e-18	212.571	14920
6.86829e-18	210.437	14930
6.86862e-18	210.464	14940
6.80049e-18	208.054	14950
6.78444e-18	207.411	14960
6.88709e-18	211.203	14970
6.89268e-18	211.461	14980
6.93458e-18	213.036	14990
6.88315e-18	211.323	15000
6.80697e-18	208.481	15010
6.8104e-18	208.703	15020
6.75758e-18	206.859	15030
6.74991e-18	206.546	15040
6.77364e-18	207.445	15050
6.76234e-18	207.129	15060
6.76599e-18	207.288	15070
6.6945e-18	204.73	15080
6.67086e-18	203.979	15090
6.66141e-18	203.534	15100
6.67795e-18	204.305	15110
6.66731e-18	203.862	15120
6.6829e-18	204.54	15130
6.68573e-18	204.66	15140
6.72448e-18	206.046	15150
6.72008e-18	205.993	15160
6.66462e-18	204.004	15170
6.59616e-18	201.564	15180
6.65361e-18	203.54	15190
6.7331e-18	206.522	15200
6.62472e-18	202.656	15210
6.64401e-18	203.237	15220
6.6855e-18	204.85	15230
6.63654e-18	203.038	15240
6.61136e-18	202.126	15250
6.7052e-18	205.451	15260
6.68191e-18	204.731	15270
6.66558e-18	203.956	15280
6.73839e-18	206.655	15290
6.65483e-18	203.558	15300
6.79811e-18	208.772	15310
6.77989e-18	208.134	15320
6.66073e-18	203.872	15330
6.73609e-18	206.425	15340
6.7843e-18	208.272	15350
6.77341e-18	207.905	15360
6.77021e-18	207.65	15370
6.79958e-18	208.751	15380
6.83991e-18	210.129	15390
6.80967e-18	209.161	15400
6.68886e-18	204.659	15410
6.78514e-18	208.116	15420
6.84046e-18	210.199	15430
6.73101e-18	206.338	15440
6.70449e-18	205.308	15450
6.6981e-18	205.164	15460
6.74157e-18	206.68	15470
6.71343e-18	205.821	15480
6.62687e-18	202.646	15490
6.67055e-18	204.177	15500
6.68554e-18	204.863	15510
6.57453e-18	200.82	15520
6.66029e-18	203.897	15530
6.63375e-18	203.011	15540
6.5816e-18	201.203	15550
6.55732e-18	200.261	15560
6.60651e-18	202.118	15570
6.59268e-18	201.672	15580
6.58034e-18	201.229	15590
6.4985e-18	198.338	15600
6.54923e-18	200.014	15610
6.61681e-18	202.589	15620
6.61073e-18	202.354	15630
6.55028e-18	200.175	15640
6.57574e-18	201.114	15650
6.5932e-18	201.726	15660
6.63324e-18	203.218	15670
6.62483e-18	202.873	15680
6.61178e-18	202.473	15690
6.54624e-18	200.068	15700
6.58723e-18	201.445	15710
6.67016e-18	204.409	15720
6.64523e-18	203.613	15730
6.534e-18	199.492	15740
6.57588e-18	200.932	15750
6.61358e-18	202.305	15760
6.61027e-18	202.098	15770
6.72589e-18	206.257	15780
6.75814e-18	207.48	15790
6.71137e-18	205.759	15800
6.66692e-18	204.119	15810
6.72605e-18	206.191	15820
6.72118e-18	206.044	15830
6.70364e-18	205.393	15840
6.67913e-18	204.464	15850
6.71057e-18	205.493	15860
6.75823e-18	207.261	15870
6.71718e-18	205.718	15880
6.72846e-18	206.064	15890
6.74737e-18	206.744	15900
6.80001e-18	208.589	15910
6.79774e-18	208.555	15920
6.72411e-18	205.795	15930
6.79614e-18	208.297	15940
6.77378e-18	207.529	15950
6.77083e-18	207.296	15960
6.82581e-18	209.304	15970
6.78694e-18	207.821	15980
6.80414e-18	208.343	15990
6.84536e-18	209.867	16000
6.8108e-18	208.585	16010
6.84626e-18	209.823	16020
6.83637e-18	209.484	16030
6.83136e-18	209.406	16040
6.74984e-18	206.353	16050
6.88021e-18	210.95	16060
6.93218e-18	212.976	16070
6.83906e-18	209.57	16080
6.77739e-18	207.266	16090
6.79302e-18	207.805	16100
6.84709e-18	209.713	16110
6.93137e-18	212.752	16120
6.86982e-18	210.646	16130
6.76712e-18	206.755	16140
6.71602e-18	204.902	16150
6.78784e-18	207.411	16160
6.78406e-18	207.225	16170
6.8623e-18	209.974	16180
6.91072e-18	211.79	16190
6.88722e-18	210.826	16200
7.02195e-18	215.753	16210
6.94533e-18	212.975	16220
6.98281e-18	214.182	16230
7.05211e-18	216.746	16240
7.06114e-18	217.011	16250
7.06122e-18	217.064	16260
6.9197e-18	211.987	16270
6.91549e-18	211.588	16280
6.95736e-18	213.25	16290
6.93583e-18	212.2	16300
7.14239e-18	219.802	16310
6.96777e-18	213.497	16320
7.00401e-18	214.645	16330
7.02552e-18	215.567	16340
6.94897e-18	212.773	16350
7.03625e-18	215.787	16360
7.11252e-18	218.691	16370
7.0445e-18	216.237	16380
7.01157e-18	215.037	16390
7.04978e-18	216.408	16400
6.96638e-18	213.4	16410
7.08396e-18	217.527	16420
7.14592e-18	219.929	16430
7.06617e-18	217.045	16440
7.11025e-18	218.653	16450
7.04635e-18	216.336	16460
7.04102e-18	216.062	16470
7.03393e-18	215.871	16480
7.11893e-18	218.841	16490
7.07988e-18	217.623	16500
7.06268e-18	216.873	16510
7.10083e-18	218.309	16520
7.08823e-18	217.895	16530
7.07636e-18	217.47	16540
7.04697e-18	216.496	16550
7.01296e-18	215.279	16560
6.99692e-18	214.745	16570
6.97285e-18	213.963	16580
6.97273e-18	213.989	16590
6.99957e-18	214.979	16600
7.03572e-18	216.385	16610
6.96789e-18	214.027	16620
6.89649e-18	211.512	16630
6.89702e-18	211.513	16640
6.90768e-18	211.953	16650
6.90841e-18	211.986	16660
6.89717e-18	211.661	16670
6.84279e-18	209.688	16680
6.82363e-18	208.985	16690
6.82987e-18	209.255	16700
6.79024e-18	207.766	16710
6.83892e-18	209.48	16720
6.87989e-18	211.026	16730
6.82615e-18	209.068	16740
6.79281e-18	207.886	16750
6.78224e-18	207.386	16760
6.82651e-18	209.012	16770
6.87446e-18	210.653	16780
6.91972e-18	212.432	16790
6.8621e-18	210.351	16800
6.86158e-18	210.259	16810
6.88035e-18	210.948	16820
6.88358e-18	211.096	16830
6.92395e-18	212.544	16840
6.84137e-18	209.711	16850
6.67503e-18	203.506	16860
6.8435e-18	209.719	16870
6.78451e-18	207.591	16880
6.81012e-18	208.528	16890
6.7723e-18	207.247	16900
6.80694e-18	208.522	16910
6.8057e-18	208.593	16920
6.75089e-18	206.607	16930
6.76188e-18	207.064	16940
6.80335e-18	208.527	16950
6.79879e-18	208.5	16960
6.79951e-18	208.431	16970
6.79587e-18	208.389	16980
6.76667e-18	207.382	16990
6.79194e-18	208.269	17000
6.81178e-18	209.012	17010
6.86071e-18	210.836	17020
6.8263e-18	209.645	17030
6.76299e-18	207.354	17040
6.72123e-18	205.81	17050
6.74948e-18	206.815	17060
6.78426e-18	208.159	17070
6.71844e-18	205.806	17080
6.69849e-18	205.11	17090
6.66488e-18	203.803	17100
6.75614e-18	207.147	17110
6.73198e-18	206.311	17120
6.76392e-18	207.392	17130
6.76414e-18	207.48	17140
6.75734e-18	207.199	17150
6.79174e-18	208.469	17160
6.69833e-18	205.17	17170
6.72414e-18	206.02	17180
6.74433e-18	206.72	17190
6.78738e-18	208.345	17200
6.77414e-18	207.782	17210
6.81753e-18	209.362	17220
6.76763e-18	207.547	17230
6.81128e-18	209.057	17240
6.77045e-18	207.68	17250
6.69637e-18	204.963	17260
6.66396e-18	203.718	17270
6.71859e-18	205.693	17280
6.74772e-18	206.671	17290
6.83117e-18	209.703	17300
6.70122e-18	205.026	17310
6.79062e-18	208.092	17320
6.75318e-18	206.87	17330
6.80798e-18	208.755	17340
6.70071e-18	204.875	17350
6.69707e-18	204.746	17360
6.73627e-18	206.11	17370
6.69006e-18	204.401	17380
6.82226e-18	209.107	17390
6.93611e-18	213.225	17400
6.9052e-18	212.213	17410
6.74307e-18	206.331	17420
6.81069e-18	208.652	17430
6.88509e-18	211.407	17440
6.88444e-18	211.443	17450
6.81407e-18	208.865	17460
6.88659e-18	211.454	17470
6.87315e-18	210.974	17480
6.88657e-18	211.443	17490
6.84462e-18	209.925	17500
6.79292e-18	208.077	17510
6.82783e-18	209.266	17520
6.80607e-18	208.487	17530
6.80432e-18	208.436	17540
6.78644e-18	207.826	17550
6.82242e-18	209.128	17560
6.7589e-18	206.887	17570
6.75603e-18	206.779	17580
6.74275e-18	206.299	17590
6.78928e-18	207.988	17600
6.74217e-18	206.396	17610
6.7125e-18	205.222	17620
6.84535e-18	210.061	17630
6.7997e-18	208.598	17640
6.70328e-18	204.993	17650
6.74507e-18	206.594	17660
6.68505e-18	204.413	17670
6.69177e-18	204.555	17680
6.74668e-18	206.565	17690
6.81497e-18	209.073	17700
6.76031e-18	207.098	17710
6.67528e-18	203.994	17720
6.672e-18	203.843	17730
6.69461e-18	204.668	17740
6.70553e-18	205.078	17750
6.6569e-18	203.357	17760
6.74018e-18	206.307	17770
6.73227e-18	206.147	17780
6.67005e-18	203.782	17790
6.75189e-18	206.774	17800
6.75633e-18	206.903	17810
6.74973e-18	206.724	17820
6.68821e-18	204.436	17830
6.71649e-18	205.451	17840
6.71576e-18	205.38	17850
6.7259e-18	205.809	17860
6.65389e-18	203.153	17870
6.71149e-18	205.234	17880
6.71979e-18	205.577	17890
6.77482e-18	207.546	17900
6.74705e-18	206.681	17910
6.70022e-18	204.936	17920
6.78207e-18	207.953	17930
6.65826e-18	203.539	17940
6.74163e-18	206.428	17950
6.82952e-18	209.712	17960
6.79345e-18	208.389	17970
6.81495e-18	209.156	17980
6.8356e-18	209.901	17990
6.7545e-18	206.964	18000
6.74015e-18	206.382	18010
6.78457e-18	207.894	18020
6.83285e-18	209.656	18030
6.84043e-18	209.886	18040
6.80803e-18	208.757	18050
6.78336e-18	207.805	18060
6.78629e-18	207.859	18070
6.75489e-18	206.779	18080
6.72439e-18	205.553	18090
6.72692e-18	205.709	18100
6.73792e-18	206.006	18110
6.68178e-18	204.092	18120
6.74712e-18	206.38	18130
6.78342e-18	207.745	18140
6.74965e-18	206.519	18150
6.83585e-18	209.576	18160
6.82472e-18	209.256	18170
6.78217e-18	207.719	18180
6.75108e-18	206.579	18190
6.65547e-18	203.192	18200
6.73276e-18	205.794	18210
6.83537e-18	209.643	18220
6.78879e-18	207.901	18230
6.79211e-18	208.046	18240
6.76138e-18	206.882	18250
6.69544e-18	204.507	18260
6.72267e-18	205.448	18270
6.75726e-18	206.697	18280
6.7063e-18	204.868	18290
6.72012e-18	205.286	18300
6.77787e-18	207.419	18310
6.80073e-18	208.278	18320
6.78517e-18	207.715	18330
6.80501e-18	208.45	18340
6.83549e-18	209.434	18350
6.8558e-18	210.292	18360
6.77634e-18	207.334	18370
6.8205e-18	208.812	18380
6.89991e-18	211.706	18390
6.863e-18	210.34	18400
6.80103e-18	208.095	18410
6.82847e-18	208.984	18420
6.82703e-18	209.025	18430
6.82666e-18	208.906	18440
6.88449e-18	210.973	18450
6.94828e-18	213.378	18460
6.82045e-18	208.749	18470
6.84883e-18	209.788	18480
6.88307e-18	210.949	18490
6.92722e-18	212.586	18500
6.92684e-18	212.542	18510
6.90662e-18	211.754	18520
6.97038e-18	213.976	18530
6.95303e-18	213.341	18540
6.93611e-18	212.73	18550
6.835e-18	209.058	18560
6.8587e-18	209.811	18570
6.9273e-18	212.277	18580
6.88663e-18	210.79	18590
6.91514e-18	211.76	18600
6.95938e-18	213.498	18610
6.9011e-18	211.267	18620
6.99739e-18	214.853	18630
6.92133e-18	212.128	18640
6.96445e-18	213.598	18650
7.03055e-18	216.008	18660
6.96254e-18	213.649	18670
6.91377e-18	211.669	18680
7.02183e-18	215.567	18690
6.99818e-18	214.765	18700
7.02998e-18	215.9	18710
6.99711e-18	214.685	18720
7.01277e-18	215.227	18730
6.98723e-18	214.317	18740
7.01462e-18	215.275	18750
6.98791e-18	214.332	18760
6.96461e-18	213.461	18770
6.99962e-18	214.702	18780
7.04613e-18	216.432	18790
6.95694e-18	213.235	18800
6.88742e-18	210.658	18810
6.9787e-18	213.851	18820
7.0523e-18	216.518	18830
7.01665e-18	215.347	18840
6.89085e-18	210.724	18850
6.9871e-18	214.21	18860
6.94989e-18	212.894	18870
6.93588e-18	212.32	18880
6.97327e-18	213.72	18890
6.88774e-18	210.623	18900
6.84568e-18	209.047	18910
6.85581e-18	209.449	18920
6.81111e-18	207.9	18930
6.75403e-18	205.848	18940
6.80337e-18	207.602	18950
6.78341e-18	206.98	18960
6.82906e-18	208.635	18970
6.89359e-18	210.937	18980
6.92355e-18	212.18	18990
6.79268e-18	207.466	19000
6.74529e-18	205.639	19010
6.82575e-18	208.554	19020
6.87256e-18	210.309	19030
6.85735e-18	209.811	19040
6.80276e-18	207.862	19050
6.80965e-18	208.069	19060
6.87874e-18	210.655	19070
6.86595e-18	210.218	19080
6.82744e-18	208.818	19090
6.90902e-18	211.719	19100
6.92572e-18	212.414	19110
6.84867e-18	209.629	19120
6.85662e-18	209.905	19130
6.79026e-18	207.459	19140
6.84961e-18	209.533	19150
6.85001e-18	209.604	19160
6.78087e-18	207.064	19170
6.79173e-18	207.448	19180
6.80724e-18	208.062	19190
6.8523e-18	209.678	19200
6.87686e-18	210.68	19210
6.79561e-18	207.7	19220
6.8189e-18	208.588	19230
6.81737e-18	208.549	19240
6.76634e-18	206.778	19250
6.76293e-18	206.538	19260
6.88582e-18	211.013	19270
6.81689e-18	208.611	19280
6.84401e-18	209.457	19290
6.82341e-18	208.855	19300
6.76606e-18	206.697	19310
6.69988e-18	204.383	19320
6.74748e-18	205.992	19330
6.76798e-18	206.853	19340
6.79574e-18	207.806	19350
6.74108e-18	205.899	19360
6.77101e-18	206.966	19370
6.75004e-18	206.187	19380
6.79221e-18	207.644	19390
6.81477e-18	208.5	19400
6.81019e-18	208.19	19410
6.86476e-18	210.113	19420
6.95749e-18	213.378	19430
6.94948e-18	213.187	19440
6.94163e-18	212.787	19450
6.95702e-18	213.346	19460
6.91404e-18	211.844	19470
6.98181e-18	214.169	19480
7.00757e-18	215.215	19490
6.96787e-18	213.726	19500
7.03609e-18	216.275	19510
6.97931e-18	214.2	19520
6.9979e-18	214.887	19530
7.00089e-18	215.119	19540
6.92739e-18	212.411	19550
6.96708e-18	213.851	19560
6.94966e-18	213.247	19570
6.98091e-18	214.484	19580
6.9262e-18	212.46	19590
6.92427e-18	212.421	19600
6.90799e-18	211.844	19610
6.9104e-18	211.912	19620
6.93306e-18	212.797	19630
6.93528e-18	212.833	19640
6.99403e-18	214.999	19650
6.99355e-18	215.015	19660
6.9036e-18	211.774	19670
6.9243e-18	212.54	19680
6.90718e-18	211.972	19690
7.02966e-18	216.419	19700
6.92352e-18	212.736	19710
6.8929e-18	211.65	19720
6.91765e-18	212.58	19730
6.89825e-18	211.935	19740
6.97981e-18	214.953	19750
6.82297e-18	209.454	19760
6.85021e-18	210.355	19770
6.78202e-18	208.044	19780
6.83167e-18	209.872	19790
6.79039e-18	208.567	19800
6.68422e-18	204.676	19810
6.84025e-18	210.33	19820
6.80622e-18	209.237	19830
6.73314e-18	206.646	19840
6.66668e-18	204.263	19850
6.62877e-18	202.979	19860
6.62895e-18	202.956	19870
6.61796e-18	202.624	19880
6.62042e-18	202.729	19890
6.58394e-18	201.474	19900
6.48134e-18	197.849	19910
6.46696e-18	197.26	19920
6.46799e-18	197.346	19930
6.47401e-18	197.568	19940
6.48775e-18	198.066	19950
6.47205e-18	197.546	19960
6.45253e-18	196.824	19970
6.48895e-18	198.167	19980
6.49156e-18	198.228	19990
6.55154e-18	200.428	20000
