-2.83283e-17	29.8236	0
1.07246e-17	1426.87	10
5.17744e-17	2914.17	20
5.57762e-18	1249.03	30
3.81998e-17	2520.44	40
3.82411e-17	2521.18	50
2.39318e-17	2042.24	60
9.85271e-18	1439.35	70
5.0715e-18	1164.71	80
3.27608e-17	2260.62	90
4.81611e-17	2822.57	100
1.1992e-17	1509.9	110
2.66221e-17	2012.69	120
2.58141e-17	2006.57	130
3.28483e-17	2281.51	140
1.85187e-17	1706.44	150
2.50497e-17	2006.03	160
2.0139e-17	1774.11	170
2.65915e-17	2003.61	180
2.49475e-17	1941.1	190
3.13823e-17	2196.68	200
2.15113e-17	1862.87	210
3.3726e-17	2302.96	220
2.3584e-17	1930.21	230
2.47615e-17	1975.04	240
3.20001e-17	2237.88	250
2.35842e-17	1941.69	260
2.59055e-17	1989.49	270
1.82106e-17	1752.57	280
3.32959e-17	2299.01	290
1.59886e-17	1658.42	300
3.02082e-17	2236.36	310
2.73575e-17	2082.55	320
2.9227e-17	2160.71	330
2.96653e-17	2134.68	340
3.69011e-17	2446.42	350
3.34122e-17	2296.15	360
3.37533e-17	2317.78	370
3.44554e-17	2340.66	380
3.7445e-17	2460.95	390
3.66732e-17	2433.68	400
3.60658e-17	2407.93	410
3.67158e-17	2444.4	420
3.59909e-17	2414.08	430
3.59935e-17	2413.25	440
3.49175e-17	2394.3	450
3.69775e-17	2461.08	460
3.64933e-17	2442.5	470
3.71329e-17	2468.09	480
3.50664e-17	2392.47	490
3.73394e-17	2480.44	500
3.6715e-17	2460.01	510
3.85989e-17	2529.8	520
3.62391e-17	2450.94	530
3.66007e-17	2460.48	540
3.68325e-17	2468.5	550
3.67728e-17	2473.93	560
3.71268e-17	2491.58	570
3.70181e-17	2486.26	580
3.57877e-17	2447	590
3.71312e-17	2503.24	600
3.75014e-17	2516.63	610
3.77488e-17	2532.67	620
3.9031e-17	2574.98	630
3.8483e-17	2559.38	640
3.88497e-17	2588.65	650
3.74259e-17	2536.08	660
3.65756e-17	2504.01	670
3.99474e-17	2623.23	680
3.7938e-17	2552.15	690
3.91452e-17	2598.81	700
3.91954e-17	2602.95	710
3.75062e-17	2550.57	720
3.69179e-17	2529.07	730
3.77547e-17	2558.12	740
3.84556e-17	2587.28	750
4.1814e-17	2715.57	760
3.8266e-17	2583.94	770
4.04733e-17	2667.5	780
3.87806e-17	2613.54	790
4.07607e-17	2692.96	800
3.88504e-17	2615.13	810
3.9007e-17	2624.1	820
3.85906e-17	2610.7	830
4.05326e-17	2686.7	840
4.08535e-17	2698.14	850
3.75447e-17	2580.74	860
4.05222e-17	2688.03	870
3.72183e-17	2577.33	880
3.94969e-17	2650.62	890
3.95814e-17	2659.82	900
4.10824e-17	2725.5	910
3.7526e-17	2602.21	920
4.16292e-17	2747.41	930
4.03698e-17	2700.61	940
4.18615e-17	2763.23	950
4.10683e-17	2728.6	960
3.98364e-17	2697.58	970
4.07237e-17	2732.44	980
3.91225e-17	2673.67	990
4.20248e-17	2778.26	1000
4.12304e-17	2754.84	1010
4.11495e-17	2751.21	1020
4.05568e-17	2732.53	1030
4.1047e-17	2756.06	1040
4.12497e-17	2767.74	1050
4.08553e-17	2765.8	1060
4.11888e-17	2768.92	1070
4.22289e-17	2816.45	1080
3.96777e-17	2722.13	1090
4.09619e-17	2766	1100
4.03807e-17	2755.22	1110
4.32596e-17	2861.06	1120
4.20837e-17	2817.08	1130
4.15354e-17	2793.97	1140
4.04685e-17	2766.83	1150
4.24901e-17	2835.45	1160
4.19715e-17	2823.07	1170
4.0325e-17	2770.82	1180
4.28032e-17	2861.05	1190
4.3987e-17	2908.97	1200
4.26589e-17	2857.94	1210
4.34014e-17	2887.92	1220
4.31762e-17	2873.14	1230
4.27771e-17	2872.25	1240
4.20702e-17	2843.03	1250
4.19843e-17	2848.83	1260
4.27099e-17	2875.17	1270
3.98924e-17	2783.77	1280
4.22688e-17	2869.06	1290
4.13156e-17	2842.18	1300
4.2785e-17	2891.64	1310
4.22235e-17	2871	1320
4.37328e-17	2939.19	1330
4.01652e-17	2819	1340
4.38628e-17	2948.16	1350
4.33239e-17	2932.01	1360
4.34908e-17	2927.31	1370
4.28241e-17	2917.95	1380
4.35431e-17	2954.45	1390
4.31999e-17	2941.05	1400
4.289e-17	2932.63	1410
4.41437e-17	2991.64	1420
4.26109e-17	2933.33	1430
4.43389e-17	2999.16	1440
4.48632e-17	3032.51	1450
4.33812e-17	2968.6	1460
4.43165e-17	3014.56	1470
4.28508e-17	2962.01	1480
4.26007e-17	2940.66	1490
4.46304e-17	3025.44	1500
4.50118e-17	3040.26	1510
4.55518e-17	3066.69	1520
4.62791e-17	3098.36	1530
4.51142e-17	3061.55	1540
4.44652e-17	3038.26	1550
4.3131e-17	2995.34	1560
4.39723e-17	3025.15	1570
4.28485e-17	2989.05	1580
4.44168e-17	3051.99	1590
4.31344e-17	3012.87	1600
4.53555e-17	3098.07	1610
4.65027e-17	3139.9	1620
4.65248e-17	3137.11	1630
4.62618e-17	3133.31	1640
4.57747e-17	3124.73	1650
4.40685e-17	3072	1660
4.49394e-17	3096.3	1670
4.53216e-17	3121.96	1680
4.54065e-17	3126.41	1690
4.37679e-17	3062.94	1700
4.67788e-17	3168.03	1710
4.84591e-17	3242.14	1720
4.74559e-17	3205.9	1730
4.55967e-17	3159.23	1740
5.0318e-17	3329.83	1750
4.76289e-17	3228.87	1760
4.63703e-17	3200.61	1770
4.89212e-17	3298.48	1780
4.60609e-17	3195.7	1790
4.88266e-17	3291.42	1800
4.55733e-17	3175.69	1810
4.67357e-17	3229.12	1820
4.75615e-17	3246.49	1830
4.71369e-17	3248.8	1840
4.78774e-17	3277.9	1850
4.52169e-17	3186.53	1860
4.73868e-17	3257.02	1870
4.95713e-17	3351.61	1880
4.70985e-17	3265.96	1890
4.65381e-17	3238.67	1900
5.03537e-17	3375.95	1910
5.02005e-17	3374.92	1920
4.87826e-17	3331.08	1930
5.0527e-17	3405.83	1940
5.0785e-17	3409.48	1950
4.69907e-17	3285.92	1960
4.65914e-17	3271.23	1970
4.90134e-17	3362.79	1980
4.73713e-17	3321.22	1990
4.92947e-17	3387.25	2000
4.77886e-17	3332.86	2010
5.1658e-17	3463.56	2020
5.0152e-17	3425.17	2030
5.08698e-17	3455.4	2040
4.84393e-17	3367.04	2050
5.02589e-17	3437	2060
5.35612e-17	3571.37	2070
5.00191e-17	3436.89	2080
4.98869e-17	3428.23	2090
5.03638e-17	3449.5	2100
5.11083e-17	3478.86	2110
5.20694e-17	3518.88	2120
4.971e-17	3441.51	2130
5.22176e-17	3535.95	2140
5.12975e-17	3505.5	2150
5.1212e-17	3516.32	2160
5.11973e-17	3517.67	2170
5.2612e-17	3565.67	2180
5.00451e-17	3476.53	2190
5.07341e-17	3494.48	2200
4.86334e-17	3427.34	2210
5.17656e-17	3546.15	2220
5.09275e-17	3527	2230
4.94226e-17	3468.17	2240
5.14465e-17	3537.47	2250
5.27216e-17	3596.82	2260
5.13097e-17	3544.9	2270
5.34078e-17	3624.02	2280
5.41033e-17	3660.91	2290
5.1481e-17	3573.57	2300
5.22995e-17	3606.73	2310
5.22606e-17	3617.68	2320
5.20873e-17	3609.12	2330
5.59334e-17	3745.97	2340
5.44813e-17	3702.72	2350
5.34037e-17	3670.55	2360
5.44174e-17	3708.6	2370
5.5322e-17	3753.09	2380
5.36352e-17	3689.51	2390
5.14073e-17	3618.28	2400
5.46381e-17	3737.17	2410
5.72709e-17	3847.27	2420
5.44087e-17	3735.68	2430
5.61427e-17	3809.89	2440
5.57661e-17	3819.28	2450
5.46728e-17	3768.34	2460
5.28118e-17	3701.84	2470
5.54566e-17	3801.56	2480
5.41869e-17	3759	2490
5.53766e-17	3811.78	2500
5.62443e-17	3845.29	2510
5.30936e-17	3735.08	2520
5.70589e-17	3886.12	2530
5.68251e-17	3896.14	2540
5.36405e-17	3770.7	2550
5.61123e-17	3862.08	2560
5.7787e-17	3923.36	2570
5.66423e-17	3890.46	2580
5.94411e-17	3989.76	2590
5.43411e-17	3822.07	2600
5.49457e-17	3842.68	2610
5.6861e-17	3914.48	2620
5.79969e-17	3955.5	2630
6.05108e-17	4047.82	2640
5.71172e-17	3931.16	2650
5.50205e-17	3880.39	2660
5.61648e-17	3919.88	2670
5.87173e-17	4008.26	2680
5.73786e-17	3954.96	2690
5.89963e-17	4032.96	2700
5.65433e-17	3942.55	2710
5.67604e-17	3950.94	2720
5.74079e-17	3987.97	2730
5.74276e-17	4000.9	2740
5.91502e-17	4059.49	2750
5.67551e-17	3999.79	2760
6.02069e-17	4115.44	2770
6.13192e-17	4167.29	2780
6.08459e-17	4155.93	2790
5.73023e-17	4029.08	2800
5.75913e-17	4032.21	2810
5.84092e-17	4072.95	2820
5.90189e-17	4102.99	2830
6.05794e-17	4168.14	2840
6.07419e-17	4183.63	2850
5.78483e-17	4086.06	2860
6.00251e-17	4168.86	2870
6.00185e-17	4179.73	2880
6.12545e-17	4206.7	2890
6.10688e-17	4217.75	2900
6.19e-17	4249.13	2910
6.34752e-17	4327.57	2920
6.29451e-17	4323.81	2930
6.33975e-17	4340.13	2940
6.18596e-17	4288.3	2950
6.15773e-17	4289.89	2960
6.2704e-17	4357.31	2970
6.21274e-17	4322.93	2980
6.45684e-17	4423.02	2990
6.41575e-17	4402.8	3000
6.25542e-17	4345.72	3010
6.44926e-17	4429.7	3020
6.52086e-17	4465.16	3030
6.52074e-17	4470.24	3040
6.12349e-17	4335.07	3050
6.48048e-17	4471.57	3060
6.86773e-17	4625.09	3070
6.78261e-17	4594.59	3080
6.21732e-17	4405.39	3090
6.35893e-17	4475.33	3100
6.21882e-17	4426.45	3110
6.71496e-17	4609.98	3120
6.87475e-17	4670.21	3130
6.77759e-17	4661.09	3140
6.71691e-17	4645.13	3150
6.63848e-17	4620.63	3160
6.81026e-17	4672.09	3170
6.81018e-17	4704.36	3180
7.00772e-17	4772.42	3190
6.46026e-17	4573.41	3200
6.6481e-17	4663.98	3210
6.97331e-17	4793.8	3220
6.76938e-17	4730.09	3230
6.90932e-17	4782.77	3240
6.92284e-17	4813.9	3250
7.03718e-17	4830.64	3260
6.95848e-17	4806.81	3270
7.16319e-17	4908.87	3280
7.10232e-17	4898.99	3290
6.77033e-17	4787.73	3300
6.94271e-17	4854.45	3310
6.97432e-17	4852.3	3320
7.06618e-17	4908.22	3330
7.51047e-17	5067.12	3340
7.09823e-17	4933.64	3350
7.07383e-17	4951.91	3360
7.08812e-17	4957.5	3370
7.45005e-17	5093.48	3380
7.16603e-17	5011.01	3390
7.36561e-17	5100.71	3400
7.478e-17	5124.66	3410
7.02633e-17	4965.84	3420
7.70867e-17	5228.02	3430
7.31532e-17	5114.76	3440
7.17581e-17	5072.08	3450
7.9441e-17	5345.87	3460
7.25495e-17	5106.78	3470
7.68642e-17	5293	3480
7.51868e-17	5245.37	3490
7.85794e-17	5378.98	3500
7.91764e-17	5407.11	3510
8.01564e-17	5452.97	3520
7.51002e-17	5274.03	3530
7.55367e-17	5281.81	3540
7.83855e-17	5407.89	3550
7.91644e-17	5449.12	3560
7.98535e-17	5485.07	3570
7.65327e-17	5369	3580
7.71698e-17	5407.84	3590
7.79336e-17	5438.44	3600
7.58228e-17	5375.95	3610
8.24188e-17	5642.99	3620
7.94962e-17	5521.05	3630
8.04326e-17	5561.27	3640
7.7119e-17	5451.89	3650
8.0626e-17	5570.41	3660
7.91128e-17	5535.16	3670
8.29818e-17	5688.54	3680
8.02401e-17	5620.2	3690
8.06523e-17	5634.01	3700
8.34037e-17	5768.89	3710
8.3991e-17	5783.41	3720
8.13529e-17	5716.45	3730
8.53019e-17	5866.38	3740
8.00453e-17	5711.61	3750
8.35489e-17	5831.12	3760
8.60083e-17	5904.98	3770
8.95224e-17	6081.44	3780
8.39183e-17	5896.95	3790
8.57642e-17	5959.48	3800
8.49716e-17	5993.23	3810
8.40619e-17	5953.75	3820
9.03531e-17	6188.41	3830
9.30858e-17	6313.44	3840
9.38361e-17	6340.91	3850
8.94084e-17	6210.37	3860
9.0656e-17	6310.18	3870
9.30772e-17	6410.16	3880
9.25515e-17	6411.04	3890
9.5416e-17	6539.02	3900
8.79681e-17	6271.93	3910
9.32307e-17	6472.38	3920
9.49369e-17	6521.4	3930
9.191e-17	6440.18	3940
9.39119e-17	6556.5	3950
9.68139e-17	6645.35	3960
1.01227e-16	6824.52	3970
9.60776e-17	6637.44	3980
9.59965e-17	6660.87	3990
1.01559e-16	6862.86	4000
1.00924e-16	6856.28	4010
9.9498e-17	6801.49	4020
9.69961e-17	6744.53	4030
1.03907e-16	7030.5	4040
1.02836e-16	7046.55	4050
9.65482e-17	6800.95	4060
1.0278e-16	7046	4070
1.01125e-16	7029.93	4080
1.06401e-16	7257.95	4090
9.99663e-17	7016.85	4100
1.05762e-16	7282.48	4110
1.09786e-16	7412.58	4120
1.07308e-16	7341.29	4130
1.04002e-16	7226.06	4140
1.06042e-16	7337.64	4150
1.07647e-16	7415.98	4160
1.05111e-16	7345.76	4170
1.06951e-16	7435.93	4180
1.15968e-16	7766.48	4190
1.09869e-16	7615.63	4200
1.09562e-16	7663.29	4210
1.13229e-16	7778.24	4220
1.16858e-16	7980.83	4230
1.11277e-16	7775.65	4240
1.19582e-16	8110.63	4250
1.15163e-16	8024.2	4260
1.17594e-16	8140.68	4270
1.19267e-16	8228.01	4280
1.19041e-16	8263.93	4290
1.25281e-16	8539.12	4300
1.23044e-16	8525.01	4310
1.28048e-16	8815.63	4320
8.0487e-17	10017.9	4330
0.0606685	3.28884e+18	4340
1.48578e+11	8.05302e+30	4350
1.48578e+11	8.05302e+30	4360
1.48578e+11	8.05303e+30	4370
1.48578e+11	8.05303e+30	4380
1.48578e+11	8.05303e+30	4390
1.48578e+11	8.05303e+30	4400
1.48578e+11	8.05303e+30	4410
1.48578e+11	8.05303e+30	4420
1.48578e+11	8.05303e+30	4430
1.48578e+11	8.05303e+30	4440
1.48578e+11	8.05303e+30	4450
1.48578e+11	8.05303e+30	4460
1.48578e+11	8.05303e+30	4470
1.48578e+11	8.05303e+30	4480
1.48578e+11	8.05303e+30	4490
1.48578e+11	8.05303e+30	4500
1.48578e+11	8.05303e+30	4510
1.48578e+11	8.05303e+30	4520
1.48578e+11	8.05303e+30	4530
1.48578e+11	8.05303e+30	4540
1.48578e+11	8.05303e+30	4550
1.48578e+11	8.05303e+30	4560
1.48578e+11	8.05303e+30	4570
1.48578e+11	8.05303e+30	4580
1.48578e+11	8.05303e+30	4590
1.48578e+11	8.05303e+30	4600
1.48578e+11	8.05303e+30	4610
1.48578e+11	8.05303e+30	4620
1.48578e+11	8.05303e+30	4630
1.48578e+11	8.05303e+30	4640
1.48578e+11	8.05303e+30	4650
1.48578e+11	8.05303e+30	4660
1.48578e+11	8.05303e+30	4670
1.48578e+11	8.05303e+30	4680
1.48578e+11	8.05303e+30	4690
1.48578e+11	8.05303e+30	4700
1.48578e+11	8.05303e+30	4710
1.48578e+11	8.05303e+30	4720
1.48578e+11	8.05303e+30	4730
1.48578e+11	8.05303e+30	4740
1.48578e+11	8.05303e+30	4750
1.48578e+11	8.05303e+30	4760
1.48578e+11	8.05303e+30	4770
1.48578e+11	8.05303e+30	4780
1.48578e+11	8.05303e+30	4790
1.48578e+11	8.05303e+30	4800
1.48578e+11	8.05303e+30	4810
1.48578e+11	8.05303e+30	4820
1.48578e+11	8.05303e+30	4830
1.48578e+11	8.05303e+30	4840
1.48578e+11	8.05303e+30	4850
1.48578e+11	8.05303e+30	4860
1.48578e+11	8.05303e+30	4870
1.48578e+11	8.05303e+30	4880
1.48578e+11	8.05303e+30	4890
1.48578e+11	8.05303e+30	4900
1.48578e+11	8.05303e+30	4910
1.48578e+11	8.05303e+30	4920
1.48578e+11	8.05303e+30	4930
1.48578e+11	8.05303e+30	4940
1.48578e+11	8.05303e+30	4950
1.48578e+11	8.05303e+30	4960
1.48578e+11	8.05303e+30	4970
1.48578e+11	8.05303e+30	4980
1.48578e+11	8.05303e+30	4990
1.48578e+11	8.05303e+30	5000
1.48578e+11	8.05303e+30	5010
1.48578e+11	8.05303e+30	5020
1.48578e+11	8.05303e+30	5030
1.48578e+11	8.05303e+30	5040
1.48578e+11	8.05303e+30	5050
1.48578e+11	8.05303e+30	5060
1.48578e+11	8.05303e+30	5070
1.48578e+11	8.05303e+30	5080
1.48578e+11	8.05303e+30	5090
1.48578e+11	8.05303e+30	5100
1.48578e+11	8.05303e+30	5110
1.48578e+11	8.05303e+30	5120
1.48578e+11	8.05303e+30	5130
1.48578e+11	8.05303e+30	5140
1.48578e+11	8.05303e+30	5150
1.48578e+11	8.05303e+30	5160
1.48578e+11	8.05303e+30	5170
1.48578e+11	8.05303e+30	5180
1.48578e+11	8.05303e+30	5190
1.48578e+11	8.05303e+30	5200
1.48578e+11	8.05303e+30	5210
1.48578e+11	8.05303e+30	5220
1.48578e+11	8.05303e+30	5230
1.48578e+11	8.05303e+30	5240
1.48578e+11	8.05303e+30	5250
1.48578e+11	8.05303e+30	5260
1.48578e+11	8.05303e+30	5270
1.48578e+11	8.05303e+30	5280
1.48578e+11	8.05303e+30	5290
1.48578e+11	8.05303e+30	5300
1.48578e+11	8.05303e+30	5310
1.48578e+11	8.05303e+30	5320
1.48578e+11	8.05303e+30	5330
1.48578e+11	8.05303e+30	5340
1.48578e+11	8.05303e+30	5350
1.48578e+11	8.05303e+30	5360
1.48578e+11	8.05303e+30	5370
1.48578e+11	8.05303e+30	5380
1.48578e+11	8.05303e+30	5390
1.48578e+11	8.05303e+30	5400
1.48578e+11	8.05303e+30	5410
1.48578e+11	8.05303e+30	5420
1.48578e+11	8.05303e+30	5430
1.48578e+11	8.05303e+30	5440
1.48578e+11	8.05303e+30	5450
1.48578e+11	8.05303e+30	5460
1.48578e+11	8.05303e+30	5470
1.48578e+11	8.05303e+30	5480
1.48578e+11	8.05303e+30	5490
1.48578e+11	8.05303e+30	5500
1.48578e+11	8.05303e+30	5510
1.48578e+11	8.05303e+30	5520
1.48578e+11	8.05303e+30	5530
1.48578e+11	8.05303e+30	5540
1.48578e+11	8.05303e+30	5550
1.48578e+11	8.05303e+30	5560
1.48578e+11	8.05303e+30	5570
1.48578e+11	8.05303e+30	5580
1.48578e+11	8.05303e+30	5590
1.48578e+11	8.05303e+30	5600
1.48578e+11	8.05303e+30	5610
1.48578e+11	8.05303e+30	5620
1.48578e+11	8.05303e+30	5630
1.48578e+11	8.05303e+30	5640
1.48578e+11	8.05303e+30	5650
1.48578e+11	8.05303e+30	5660
1.48578e+11	8.05303e+30	5670
1.48578e+11	8.05303e+30	5680
1.48578e+11	8.05303e+30	5690
1.48578e+11	8.05303e+30	5700
1.48578e+11	8.05303e+30	5710
1.48578e+11	8.05303e+30	5720
1.48578e+11	8.05303e+30	5730
1.48578e+11	8.05303e+30	5740
1.48578e+11	8.05303e+30	5750
1.48578e+11	8.05303e+30	5760
1.48578e+11	8.05303e+30	5770
1.48578e+11	8.05303e+30	5780
1.48578e+11	8.05303e+30	5790
1.48578e+11	8.05303e+30	5800
1.48578e+11	8.05303e+30	5810
1.48578e+11	8.05303e+30	5820
1.48578e+11	8.05303e+30	5830
1.48578e+11	8.05303e+30	5840
1.48578e+11	8.05303e+30	5850
1.48578e+11	8.05303e+30	5860
1.48578e+11	8.05303e+30	5870
1.48578e+11	8.05303e+30	5880
1.48578e+11	8.05303e+30	5890
1.48578e+11	8.05303e+30	5900
1.48578e+11	8.05303e+30	5910
1.48578e+11	8.05303e+30	5920
1.48578e+11	8.05303e+30	5930
1.48578e+11	8.05303e+30	5940
1.48578e+11	8.05303e+30	5950
1.48578e+11	8.05303e+30	5960
1.48578e+11	8.05303e+30	5970
1.48578e+11	8.05303e+30	5980
1.48578e+11	8.05303e+30	5990
1.48578e+11	8.05303e+30	6000
1.48578e+11	8.05303e+30	6010
1.48578e+11	8.05303e+30	6020
1.48578e+11	8.05303e+30	6030
1.48578e+11	8.05303e+30	6040
1.48578e+11	8.05303e+30	6050
1.48578e+11	8.05303e+30	6060
1.48578e+11	8.05303e+30	6070
1.48578e+11	8.05303e+30	6080
1.48578e+11	8.05303e+30	6090
1.48578e+11	8.05303e+30	6100
1.48578e+11	8.05303e+30	6110
1.48578e+11	8.05303e+30	6120
1.48578e+11	8.05303e+30	6130
1.48578e+11	8.05303e+30	6140
1.48578e+11	8.05303e+30	6150
1.48578e+11	8.05303e+30	6160
1.48578e+11	8.05303e+30	6170
1.48578e+11	8.05303e+30	6180
1.48578e+11	8.05303e+30	6190
1.48578e+11	8.05303e+30	6200
1.48578e+11	8.05303e+30	6210
1.48578e+11	8.05303e+30	6220
1.48578e+11	8.05303e+30	6230
1.48578e+11	8.05303e+30	6240
1.48578e+11	8.05303e+30	6250
1.48578e+11	8.05303e+30	6260
1.48578e+11	8.05303e+30	6270
1.48578e+11	8.05303e+30	6280
1.48578e+11	8.05303e+30	6290
1.48578e+11	8.05303e+30	6300
1.48578e+11	8.05303e+30	6310
1.48578e+11	8.05303e+30	6320
1.48578e+11	8.05303e+30	6330
1.48578e+11	8.05303e+30	6340
1.48578e+11	8.05303e+30	6350
1.48578e+11	8.05303e+30	6360
1.48578e+11	8.05303e+30	6370
1.48578e+11	8.05303e+30	6380
1.48578e+11	8.05303e+30	6390
1.48578e+11	8.05303e+30	6400
1.48578e+11	8.05303e+30	6410
1.48578e+11	8.05303e+30	6420
1.48578e+11	8.05303e+30	6430
1.48578e+11	8.05303e+30	6440
1.48578e+11	8.05303e+30	6450
1.48578e+11	8.05303e+30	6460
1.48578e+11	8.05303e+30	6470
1.48578e+11	8.05303e+30	6480
1.48578e+11	8.05303e+30	6490
1.48578e+11	8.05303e+30	6500
1.48578e+11	8.05303e+30	6510
1.48578e+11	8.05303e+30	6520
1.48578e+11	8.05303e+30	6530
1.48578e+11	8.05303e+30	6540
1.48578e+11	8.05303e+30	6550
1.48578e+11	8.05303e+30	6560
1.48578e+11	8.05303e+30	6570
1.48578e+11	8.05303e+30	6580
1.48578e+11	8.05303e+30	6590
1.48578e+11	8.05303e+30	6600
1.48578e+11	8.05303e+30	6610
1.48578e+11	8.05303e+30	6620
1.48578e+11	8.05303e+30	6630
1.48578e+11	8.05303e+30	6640
1.48578e+11	8.05303e+30	6650
1.48578e+11	8.05303e+30	6660
1.48578e+11	8.05303e+30	6670
1.48578e+11	8.05303e+30	6680
1.48578e+11	8.05303e+30	6690
1.48578e+11	8.05303e+30	6700
1.48578e+11	8.05303e+30	6710
1.48578e+11	8.05303e+30	6720
1.48578e+11	8.05303e+30	6730
1.48578e+11	8.05303e+30	6740
1.48578e+11	8.05303e+30	6750
1.48578e+11	8.05303e+30	6760
1.48578e+11	8.05303e+30	6770
1.48578e+11	8.05303e+30	6780
1.48578e+11	8.05303e+30	6790
1.48578e+11	8.05303e+30	6800
1.48578e+11	8.05303e+30	6810
1.48578e+11	8.05303e+30	6820
1.48578e+11	8.05303e+30	6830
1.48578e+11	8.05303e+30	6840
1.48578e+11	8.05303e+30	6850
1.48578e+11	8.05303e+30	6860
1.48578e+11	8.05303e+30	6870
1.48578e+11	8.05303e+30	6880
1.48578e+11	8.05303e+30	6890
1.48578e+11	8.05303e+30	6900
1.48578e+11	8.05303e+30	6910
1.48578e+11	8.05303e+30	6920
1.48578e+11	8.05303e+30	6930
1.48578e+11	8.05303e+30	6940
1.48578e+11	8.05303e+30	6950
1.48578e+11	8.05303e+30	6960
1.48578e+11	8.05303e+30	6970
1.48578e+11	8.05303e+30	6980
1.48578e+11	8.05303e+30	6990
1.48578e+11	8.05303e+30	7000
1.48578e+11	8.05303e+30	7010
1.48578e+11	8.05303e+30	7020
1.48578e+11	8.05303e+30	7030
1.48578e+11	8.05303e+30	7040
1.48578e+11	8.05303e+30	7050
1.48578e+11	8.05303e+30	7060
1.48578e+11	8.05303e+30	7070
1.48578e+11	8.05303e+30	7080
1.48578e+11	8.05303e+30	7090
1.48578e+11	8.05303e+30	7100
1.48578e+11	8.05303e+30	7110
1.48578e+11	8.05303e+30	7120
1.48578e+11	8.05303e+30	7130
1.48578e+11	8.05303e+30	7140
1.48578e+11	8.05303e+30	7150
1.48578e+11	8.05303e+30	7160
1.48578e+11	8.05303e+30	7170
1.48578e+11	8.05303e+30	7180
1.48578e+11	8.05303e+30	7190
1.48578e+11	8.05303e+30	7200
1.48578e+11	8.05303e+30	7210
1.48578e+11	8.05303e+30	7220
1.48578e+11	8.05303e+30	7230
1.48578e+11	8.05303e+30	7240
1.48578e+11	8.05303e+30	7250
1.48578e+11	8.05303e+30	7260
1.48578e+11	8.05303e+30	7270
1.48578e+11	8.05303e+30	7280
1.48578e+11	8.05303e+30	7290
1.48578e+11	8.05303e+30	7300
1.48578e+11	8.05303e+30	7310
1.48578e+11	8.05303e+30	7320
1.48578e+11	8.05303e+30	7330
1.48578e+11	8.05303e+30	7340
1.48578e+11	8.05303e+30	7350
1.48578e+11	8.05303e+30	7360
1.48578e+11	8.05303e+30	7370
1.48578e+11	8.05303e+30	7380
1.48578e+11	8.05303e+30	7390
1.48578e+11	8.05303e+30	7400
1.48578e+11	8.05303e+30	7410
1.48578e+11	8.05303e+30	7420
1.48578e+11	8.05303e+30	7430
1.48578e+11	8.05303e+30	7440
1.48578e+11	8.05303e+30	7450
1.48578e+11	8.05303e+30	7460
1.48578e+11	8.05303e+30	7470
1.48578e+11	8.05303e+30	7480
1.48578e+11	8.05303e+30	7490
1.48578e+11	8.05303e+30	7500
1.48578e+11	8.05303e+30	7510
1.48578e+11	8.05303e+30	7520
1.48578e+11	8.05303e+30	7530
1.48578e+11	8.05303e+30	7540
1.48578e+11	8.05303e+30	7550
1.48578e+11	8.05303e+30	7560
1.48578e+11	8.05303e+30	7570
1.48578e+11	8.05303e+30	7580
1.48578e+11	8.05303e+30	7590
1.48578e+11	8.05303e+30	7600
1.48578e+11	8.05303e+30	7610
1.48578e+11	8.05303e+30	7620
1.48578e+11	8.05303e+30	7630
1.48578e+11	8.05303e+30	7640
1.48578e+11	8.05303e+30	7650
1.48578e+11	8.05303e+30	7660
1.48578e+11	8.05303e+30	7670
1.48578e+11	8.05303e+30	7680
1.48578e+11	8.05303e+30	7690
1.48578e+11	8.05303e+30	7700
1.48578e+11	8.05303e+30	7710
1.48578e+11	8.05303e+30	7720
1.48578e+11	8.05303e+30	7730
1.48578e+11	8.05303e+30	7740
1.48578e+11	8.05303e+30	7750
1.48578e+11	8.05303e+30	7760
1.48578e+11	8.05303e+30	7770
1.48578e+11	8.05303e+30	7780
1.48578e+11	8.05303e+30	7790
1.48578e+11	8.05303e+30	7800
1.48578e+11	8.05303e+30	7810
1.48578e+11	8.05303e+30	7820
1.48578e+11	8.05303e+30	7830
1.48578e+11	8.05303e+30	7840
1.48578e+11	8.05303e+30	7850
1.48578e+11	8.05303e+30	7860
1.48578e+11	8.05303e+30	7870
1.48578e+11	8.05303e+30	7880
1.48578e+11	8.05303e+30	7890
1.48578e+11	8.05303e+30	7900
1.48578e+11	8.05303e+30	7910
1.48578e+11	8.05303e+30	7920
1.48578e+11	8.05303e+30	7930
1.48578e+11	8.05303e+30	7940
1.48578e+11	8.05303e+30	7950
1.48578e+11	8.05303e+30	7960
1.48578e+11	8.05303e+30	7970
1.48578e+11	8.05303e+30	7980
1.48578e+11	8.05303e+30	7990
1.48578e+11	8.05303e+30	8000
1.48578e+11	8.05303e+30	8010
1.48578e+11	8.05303e+30	8020
1.48578e+11	8.05303e+30	8030
1.48578e+11	8.05303e+30	8040
1.48578e+11	8.05303e+30	8050
1.48578e+11	8.05303e+30	8060
1.48578e+11	8.05303e+30	8070
1.48578e+11	8.05303e+30	8080
1.48578e+11	8.05303e+30	8090
1.48578e+11	8.05303e+30	8100
1.48578e+11	8.05303e+30	8110
1.48578e+11	8.05303e+30	8120
1.48578e+11	8.05303e+30	8130
1.48578e+11	8.05303e+30	8140
1.48578e+11	8.05303e+30	8150
1.48578e+11	8.05303e+30	8160
1.48578e+11	8.05303e+30	8170
1.48578e+11	8.05303e+30	8180
1.48578e+11	8.05303e+30	8190
1.48578e+11	8.05303e+30	8200
1.48578e+11	8.05303e+30	8210
1.48578e+11	8.05303e+30	8220
1.48578e+11	8.05303e+30	8230
1.48578e+11	8.05303e+30	8240
1.48578e+11	8.05303e+30	8250
1.48578e+11	8.05303e+30	8260
1.48578e+11	8.05303e+30	8270
1.48578e+11	8.05303e+30	8280
1.48578e+11	8.05303e+30	8290
1.48578e+11	8.05303e+30	8300
1.48578e+11	8.05303e+30	8310
1.48578e+11	8.05303e+30	8320
1.48578e+11	8.05303e+30	8330
1.48578e+11	8.05303e+30	8340
1.48578e+11	8.05303e+30	8350
1.48578e+11	8.05303e+30	8360
1.48578e+11	8.05303e+30	8370
1.48578e+11	8.05303e+30	8380
1.48578e+11	8.05303e+30	8390
1.48578e+11	8.05303e+30	8400
1.48578e+11	8.05303e+30	8410
1.48578e+11	8.05303e+30	8420
1.48578e+11	8.05303e+30	8430
1.48578e+11	8.05303e+30	8440
1.48578e+11	8.05303e+30	8450
1.48578e+11	8.05303e+30	8460
1.48578e+11	8.05303e+30	8470
1.48578e+11	8.05303e+30	8480
1.48578e+11	8.05303e+30	8490
1.48578e+11	8.05303e+30	8500
1.48578e+11	8.05303e+30	8510
1.48578e+11	8.05303e+30	8520
1.48578e+11	8.05303e+30	8530
1.48578e+11	8.05303e+30	8540
1.48578e+11	8.05303e+30	8550
1.48578e+11	8.05303e+30	8560
1.48578e+11	8.05303e+30	8570
1.48578e+11	8.05303e+30	8580
1.48578e+11	8.05303e+30	8590
1.48578e+11	8.05303e+30	8600
1.48578e+11	8.05303e+30	8610
1.48578e+11	8.05303e+30	8620
1.48578e+11	8.05303e+30	8630
1.48578e+11	8.05303e+30	8640
1.48578e+11	8.05303e+30	8650
1.48578e+11	8.05303e+30	8660
1.48578e+11	8.05303e+30	8670
1.48578e+11	8.05303e+30	8680
1.48578e+11	8.05303e+30	8690
1.48578e+11	8.05303e+30	8700
1.48578e+11	8.05303e+30	8710
1.48578e+11	8.05303e+30	8720
1.48578e+11	8.05303e+30	8730
1.48578e+11	8.05303e+30	8740
1.48578e+11	8.05303e+30	8750
1.48578e+11	8.05303e+30	8760
1.48578e+11	8.05303e+30	8770
1.48578e+11	8.05303e+30	8780
1.48578e+11	8.05303e+30	8790
1.48578e+11	8.05303e+30	8800
1.48578e+11	8.05303e+30	8810
1.48578e+11	8.05303e+30	8820
1.48578e+11	8.05303e+30	8830
1.48578e+11	8.05303e+30	8840
1.48578e+11	8.05303e+30	8850
1.48578e+11	8.05303e+30	8860
1.48578e+11	8.05303e+30	8870
1.48578e+11	8.05303e+30	8880
1.48578e+11	8.05303e+30	8890
1.48578e+11	8.05303e+30	8900
1.48578e+11	8.05303e+30	8910
1.48578e+11	8.05303e+30	8920
1.48578e+11	8.05303e+30	8930
1.48578e+11	8.05303e+30	8940
1.48578e+11	8.05303e+30	8950
1.48578e+11	8.05303e+30	8960
1.48578e+11	8.05303e+30	8970
1.48578e+11	8.05303e+30	8980
1.48578e+11	8.05303e+30	8990
1.48578e+11	8.05303e+30	9000
1.48578e+11	8.05303e+30	9010
1.48578e+11	8.05303e+30	9020
1.48578e+11	8.05303e+30	9030
1.48578e+11	8.05303e+30	9040
1.48578e+11	8.05303e+30	9050
1.48578e+11	8.05303e+30	9060
1.48578e+11	8.05303e+30	9070
1.48578e+11	8.05303e+30	9080
1.48578e+11	8.05303e+30	9090
1.48578e+11	8.05303e+30	9100
1.48578e+11	8.05303e+30	9110
1.48578e+11	8.05303e+30	9120
1.48578e+11	8.05303e+30	9130
1.48578e+11	8.05303e+30	9140
1.48578e+11	8.05303e+30	9150
1.48578e+11	8.05303e+30	9160
1.48578e+11	8.05303e+30	9170
1.48578e+11	8.05303e+30	9180
1.48578e+11	8.05303e+30	9190
1.48578e+11	8.05303e+30	9200
1.48578e+11	8.05303e+30	9210
1.48578e+11	8.05303e+30	9220
1.48578e+11	8.05303e+30	9230
1.48578e+11	8.05303e+30	9240
1.48578e+11	8.05303e+30	9250
1.48578e+11	8.05303e+30	9260
1.48578e+11	8.05303e+30	9270
1.48578e+11	8.05303e+30	9280
1.48578e+11	8.05303e+30	9290
1.48578e+11	8.05303e+30	9300
1.48578e+11	8.05303e+30	9310
1.48578e+11	8.05303e+30	9320
1.48578e+11	8.05303e+30	9330
1.48578e+11	8.05303e+30	9340
1.48578e+11	8.05303e+30	9350
1.48578e+11	8.05303e+30	9360
1.48578e+11	8.05303e+30	9370
1.48578e+11	8.05303e+30	9380
1.48578e+11	8.05303e+30	9390
1.48578e+11	8.05303e+30	9400
1.48578e+11	8.05303e+30	9410
1.48578e+11	8.05303e+30	9420
1.48578e+11	8.05303e+30	9430
1.48578e+11	8.05303e+30	9440
1.48578e+11	8.05303e+30	9450
1.48578e+11	8.05303e+30	9460
1.48578e+11	8.05303e+30	9470
1.48578e+11	8.05303e+30	9480
1.48578e+11	8.05303e+30	9490
1.48578e+11	8.05303e+30	9500
1.48578e+11	8.05303e+30	9510
1.48578e+11	8.05303e+30	9520
1.48578e+11	8.05303e+30	9530
1.48578e+11	8.05303e+30	9540
1.48578e+11	8.05303e+30	9550
1.48578e+11	8.05303e+30	9560
1.48578e+11	8.05303e+30	9570
1.48578e+11	8.05303e+30	9580
1.48578e+11	8.05303e+30	9590
1.48578e+11	8.05303e+30	9600
1.48578e+11	8.05303e+30	9610
1.48578e+11	8.05303e+30	9620
1.48578e+11	8.05303e+30	9630
1.48578e+11	8.05303e+30	9640
1.48578e+11	8.05303e+30	9650
1.48578e+11	8.05303e+30	9660
1.48578e+11	8.05303e+30	9670
1.48578e+11	8.05303e+30	9680
1.48578e+11	8.05303e+30	9690
1.48578e+11	8.05303e+30	9700
1.48578e+11	8.05303e+30	9710
1.48578e+11	8.05303e+30	9720
1.48578e+11	8.05303e+30	9730
1.48578e+11	8.05303e+30	9740
1.48578e+11	8.05303e+30	9750
1.48578e+11	8.05303e+30	9760
1.48578e+11	8.05303e+30	9770
1.48578e+11	8.05303e+30	9780
1.48578e+11	8.05303e+30	9790
1.48578e+11	8.05303e+30	9800
1.48578e+11	8.05303e+30	9810
1.48578e+11	8.05303e+30	9820
1.48578e+11	8.05303e+30	9830
1.48578e+11	8.05303e+30	9840
1.48578e+11	8.05303e+30	9850
1.48578e+11	8.05303e+30	9860
1.48578e+11	8.05303e+30	9870
1.48578e+11	8.05303e+30	9880
1.48578e+11	8.05303e+30	9890
1.48578e+11	8.05303e+30	9900
1.48578e+11	8.05303e+30	9910
1.48578e+11	8.05303e+30	9920
1.48578e+11	8.05303e+30	9930
1.48578e+11	8.05303e+30	9940
1.48578e+11	8.05303e+30	9950
1.48578e+11	8.05303e+30	9960
1.48578e+11	8.05303e+30	9970
1.48578e+11	8.05303e+30	9980
1.48578e+11	8.05303e+30	9990
1.48578e+11	8.05303e+30	10000
1.48578e+11	8.05303e+30	10010
1.48578e+11	8.05303e+30	10020
1.48578e+11	8.05303e+30	10030
1.48578e+11	8.05303e+30	10040
1.48578e+11	8.05303e+30	10050
1.48578e+11	8.05303e+30	10060
1.48578e+11	8.05303e+30	10070
1.48578e+11	8.05303e+30	10080
1.48578e+11	8.05303e+30	10090
1.48578e+11	8.05303e+30	10100
1.48578e+11	8.05303e+30	10110
1.48578e+11	8.05303e+30	10120
1.48578e+11	8.05303e+30	10130
1.48578e+11	8.05303e+30	10140
1.48578e+11	8.05303e+30	10150
1.48578e+11	8.05303e+30	10160
1.48578e+11	8.05303e+30	10170
1.48578e+11	8.05303e+30	10180
1.48578e+11	8.05303e+30	10190
1.48578e+11	8.05303e+30	10200
1.48578e+11	8.05303e+30	10210
1.48578e+11	8.05303e+30	10220
1.48578e+11	8.05303e+30	10230
1.48578e+11	8.05303e+30	10240
1.48578e+11	8.05303e+30	10250
1.48578e+11	8.05303e+30	10260
1.48578e+11	8.05303e+30	10270
1.48578e+11	8.05303e+30	10280
1.48578e+11	8.05303e+30	10290
1.48578e+11	8.05303e+30	10300
1.48578e+11	8.05303e+30	10310
1.48578e+11	8.05303e+30	10320
1.48578e+11	8.05303e+30	10330
1.48578e+11	8.05303e+30	10340
1.48578e+11	8.05303e+30	10350
1.48578e+11	8.05303e+30	10360
1.48578e+11	8.05303e+30	10370
1.48578e+11	8.05303e+30	10380
1.48578e+11	8.05303e+30	10390
1.48578e+11	8.05303e+30	10400
1.48578e+11	8.05303e+30	10410
1.48578e+11	8.05303e+30	10420
1.48578e+11	8.05303e+30	10430
1.48578e+11	8.05303e+30	10440
1.48578e+11	8.05303e+30	10450
1.48578e+11	8.05303e+30	10460
1.48578e+11	8.05303e+30	10470
1.48578e+11	8.05303e+30	10480
1.48578e+11	8.05303e+30	10490
1.48578e+11	8.05303e+30	10500
1.48578e+11	8.05303e+30	10510
1.48578e+11	8.05303e+30	10520
1.48578e+11	8.05303e+30	10530
1.48578e+11	8.05303e+30	10540
1.48578e+11	8.05303e+30	10550
1.48578e+11	8.05303e+30	10560
1.48578e+11	8.05303e+30	10570
1.48578e+11	8.05303e+30	10580
1.48578e+11	8.05303e+30	10590
1.48578e+11	8.05303e+30	10600
1.48578e+11	8.05303e+30	10610
1.48578e+11	8.05303e+30	10620
1.48578e+11	8.05303e+30	10630
1.48578e+11	8.05303e+30	10640
1.48578e+11	8.05303e+30	10650
1.48578e+11	8.05303e+30	10660
1.48578e+11	8.05303e+30	10670
1.48578e+11	8.05303e+30	10680
1.48578e+11	8.05303e+30	10690
1.48578e+11	8.05303e+30	10700
1.48578e+11	8.05303e+30	10710
1.48578e+11	8.05303e+30	10720
1.48578e+11	8.05303e+30	10730
1.48578e+11	8.05303e+30	10740
1.48578e+11	8.05303e+30	10750
1.48578e+11	8.05303e+30	10760
1.48578e+11	8.05303e+30	10770
1.48578e+11	8.05303e+30	10780
1.48578e+11	8.05303e+30	10790
1.48578e+11	8.05303e+30	10800
1.48578e+11	8.05303e+30	10810
1.48578e+11	8.05303e+30	10820
1.48578e+11	8.05303e+30	10830
1.48578e+11	8.05303e+30	10840
1.48578e+11	8.05303e+30	10850
1.48578e+11	8.05303e+30	10860
1.48578e+11	8.05303e+30	10870
1.48578e+11	8.05303e+30	10880
1.48578e+11	8.05303e+30	10890
1.48578e+11	8.05303e+30	10900
1.48578e+11	8.05303e+30	10910
1.48578e+11	8.05303e+30	10920
1.48578e+11	8.05303e+30	10930
1.48578e+11	8.05303e+30	10940
1.48578e+11	8.05303e+30	10950
1.48578e+11	8.05303e+30	10960
1.48578e+11	8.05303e+30	10970
1.48578e+11	8.05303e+30	10980
1.48578e+11	8.05303e+30	10990
1.48578e+11	8.05303e+30	11000
1.48578e+11	8.05303e+30	11010
1.48578e+11	8.05303e+30	11020
1.48578e+11	8.05303e+30	11030
1.48578e+11	8.05303e+30	11040
1.48578e+11	8.05303e+30	11050
1.48578e+11	8.05303e+30	11060
1.48578e+11	8.05303e+30	11070
1.48578e+11	8.05303e+30	11080
1.48578e+11	8.05303e+30	11090
1.48578e+11	8.05303e+30	11100
1.48578e+11	8.05303e+30	11110
1.48578e+11	8.05303e+30	11120
1.48578e+11	8.05303e+30	11130
1.48578e+11	8.05303e+30	11140
1.48578e+11	8.05303e+30	11150
1.48578e+11	8.05303e+30	11160
1.48578e+11	8.05303e+30	11170
1.48578e+11	8.05303e+30	11180
1.48578e+11	8.05303e+30	11190
1.48578e+11	8.05303e+30	11200
1.48578e+11	8.05303e+30	11210
1.48578e+11	8.05303e+30	11220
1.48578e+11	8.05303e+30	11230
1.48578e+11	8.05303e+30	11240
1.48578e+11	8.05303e+30	11250
1.48578e+11	8.05303e+30	11260
1.48578e+11	8.05303e+30	11270
1.48578e+11	8.05303e+30	11280
1.48578e+11	8.05303e+30	11290
1.48578e+11	8.05303e+30	11300
1.48578e+11	8.05303e+30	11310
1.48578e+11	8.05303e+30	11320
1.48578e+11	8.05303e+30	11330
1.48578e+11	8.05303e+30	11340
1.48578e+11	8.05303e+30	11350
1.48578e+11	8.05303e+30	11360
1.48578e+11	8.05303e+30	11370
1.48578e+11	8.05303e+30	11380
1.48578e+11	8.05303e+30	11390
1.48578e+11	8.05303e+30	11400
1.48578e+11	8.05303e+30	11410
1.48578e+11	8.05303e+30	11420
1.48578e+11	8.05303e+30	11430
1.48578e+11	8.05303e+30	11440
1.48578e+11	8.05303e+30	11450
1.48578e+11	8.05303e+30	11460
1.48578e+11	8.05303e+30	11470
1.48578e+11	8.05303e+30	11480
1.48578e+11	8.05303e+30	11490
1.48578e+11	8.05303e+30	11500
1.48578e+11	8.05303e+30	11510
1.48578e+11	8.05303e+30	11520
1.48578e+11	8.05303e+30	11530
1.48578e+11	8.05303e+30	11540
1.48578e+11	8.05303e+30	11550
1.48578e+11	8.05303e+30	11560
1.48578e+11	8.05303e+30	11570
1.48578e+11	8.05303e+30	11580
1.48578e+11	8.05303e+30	11590
1.48578e+11	8.05303e+30	11600
1.48578e+11	8.05303e+30	11610
1.48578e+11	8.05303e+30	11620
1.48578e+11	8.05303e+30	11630
1.48578e+11	8.05303e+30	11640
1.48578e+11	8.05303e+30	11650
1.48578e+11	8.05303e+30	11660
1.48578e+11	8.05303e+30	11670
1.48578e+11	8.05303e+30	11680
1.48578e+11	8.05303e+30	11690
1.48578e+11	8.05303e+30	11700
1.48578e+11	8.05303e+30	11710
1.48578e+11	8.05303e+30	11720
1.48578e+11	8.05303e+30	11730
1.48578e+11	8.05303e+30	11740
1.48578e+11	8.05303e+30	11750
1.48578e+11	8.05303e+30	11760
1.48578e+11	8.05303e+30	11770
1.48578e+11	8.05303e+30	11780
1.48578e+11	8.05303e+30	11790
1.48578e+11	8.05303e+30	11800
1.48578e+11	8.05303e+30	11810
1.48578e+11	8.05303e+30	11820
1.48578e+11	8.05303e+30	11830
1.48578e+11	8.05303e+30	11840
1.48578e+11	8.05303e+30	11850
1.48578e+11	8.05303e+30	11860
1.48578e+11	8.05303e+30	11870
1.48578e+11	8.05303e+30	11880
1.48578e+11	8.05303e+30	11890
1.48578e+11	8.05303e+30	11900
1.48578e+11	8.05303e+30	11910
1.48578e+11	8.05303e+30	11920
1.48578e+11	8.05303e+30	11930
1.48578e+11	8.05303e+30	11940
1.48578e+11	8.05303e+30	11950
1.48578e+11	8.05303e+30	11960
1.48578e+11	8.05303e+30	11970
1.48578e+11	8.05303e+30	11980
1.48578e+11	8.05303e+30	11990
1.48578e+11	8.05303e+30	12000
1.48578e+11	8.05303e+30	12010
1.48578e+11	8.05303e+30	12020
1.48578e+11	8.05303e+30	12030
1.48578e+11	8.05303e+30	12040
1.48578e+11	8.05303e+30	12050
1.48578e+11	8.05303e+30	12060
1.48578e+11	8.05303e+30	12070
1.48578e+11	8.05303e+30	12080
1.48578e+11	8.05303e+30	12090
1.48578e+11	8.05303e+30	12100
1.48578e+11	8.05303e+30	12110
1.48578e+11	8.05303e+30	12120
1.48578e+11	8.05303e+30	12130
1.48578e+11	8.05303e+30	12140
1.48578e+11	8.05303e+30	12150
1.48578e+11	8.05303e+30	12160
1.48578e+11	8.05303e+30	12170
1.48578e+11	8.05303e+30	12180
1.48578e+11	8.05303e+30	12190
1.48578e+11	8.05303e+30	12200
1.48578e+11	8.05303e+30	12210
1.48578e+11	8.05303e+30	12220
1.48578e+11	8.05303e+30	12230
1.48578e+11	8.05303e+30	12240
1.48578e+11	8.05303e+30	12250
1.48578e+11	8.05303e+30	12260
1.48578e+11	8.05303e+30	12270
1.48578e+11	8.05303e+30	12280
1.48578e+11	8.05303e+30	12290
1.48578e+11	8.05303e+30	12300
1.48578e+11	8.05303e+30	12310
1.48578e+11	8.05303e+30	12320
1.48578e+11	8.05303e+30	12330
1.48578e+11	8.05303e+30	12340
1.48578e+11	8.05303e+30	12350
1.48578e+11	8.05303e+30	12360
1.48578e+11	8.05303e+30	12370
1.48578e+11	8.05303e+30	12380
1.48578e+11	8.05303e+30	12390
1.48578e+11	8.05303e+30	12400
1.48578e+11	8.05303e+30	12410
1.48578e+11	8.05303e+30	12420
1.48578e+11	8.05303e+30	12430
1.48578e+11	8.05303e+30	12440
1.48578e+11	8.05303e+30	12450
1.48578e+11	8.05303e+30	12460
1.48578e+11	8.05303e+30	12470
1.48578e+11	8.05303e+30	12480
1.48578e+11	8.05303e+30	12490
1.48578e+11	8.05303e+30	12500
1.48578e+11	8.05303e+30	12510
1.48578e+11	8.05303e+30	12520
1.48578e+11	8.05303e+30	12530
1.48578e+11	8.05303e+30	12540
1.48578e+11	8.05303e+30	12550
1.48578e+11	8.05303e+30	12560
1.48578e+11	8.05303e+30	12570
1.48578e+11	8.05303e+30	12580
1.48578e+11	8.05303e+30	12590
1.48578e+11	8.05303e+30	12600
1.48578e+11	8.05303e+30	12610
1.48578e+11	8.05303e+30	12620
1.48578e+11	8.05303e+30	12630
1.48578e+11	8.05303e+30	12640
1.48578e+11	8.05303e+30	12650
1.48578e+11	8.05303e+30	12660
1.48578e+11	8.05303e+30	12670
1.48578e+11	8.05303e+30	12680
1.48578e+11	8.05303e+30	12690
1.48578e+11	8.05303e+30	12700
1.48578e+11	8.05303e+30	12710
1.48578e+11	8.05303e+30	12720
1.48578e+11	8.05303e+30	12730
1.48578e+11	8.05303e+30	12740
1.48578e+11	8.05303e+30	12750
1.48578e+11	8.05303e+30	12760
1.48578e+11	8.05303e+30	12770
1.48578e+11	8.05303e+30	12780
1.48578e+11	8.05303e+30	12790
1.48578e+11	8.05303e+30	12800
1.48578e+11	8.05303e+30	12810
1.48578e+11	8.05303e+30	12820
1.48578e+11	8.05303e+30	12830
1.48578e+11	8.05303e+30	12840
1.48578e+11	8.05303e+30	12850
1.48578e+11	8.05303e+30	12860
1.48578e+11	8.05303e+30	12870
1.48578e+11	8.05303e+30	12880
1.48578e+11	8.05303e+30	12890
1.48578e+11	8.05303e+30	12900
1.48578e+11	8.05303e+30	12910
1.48578e+11	8.05303e+30	12920
1.48578e+11	8.05303e+30	12930
1.48578e+11	8.05303e+30	12940
1.48578e+11	8.05303e+30	12950
1.48578e+11	8.05303e+30	12960
1.48578e+11	8.05303e+30	12970
1.48578e+11	8.05303e+30	12980
1.48578e+11	8.05303e+30	12990
1.48578e+11	8.05303e+30	13000
1.48578e+11	8.05303e+30	13010
1.48578e+11	8.05303e+30	13020
1.48578e+11	8.05303e+30	13030
1.48578e+11	8.05303e+30	13040
1.48578e+11	8.05303e+30	13050
1.48578e+11	8.05303e+30	13060
1.48578e+11	8.05303e+30	13070
1.48578e+11	8.05303e+30	13080
1.48578e+11	8.05303e+30	13090
1.48578e+11	8.05303e+30	13100
1.48578e+11	8.05303e+30	13110
1.48578e+11	8.05303e+30	13120
1.48578e+11	8.05303e+30	13130
1.48578e+11	8.05303e+30	13140
1.48578e+11	8.05303e+30	13150
1.48578e+11	8.05303e+30	13160
1.48578e+11	8.05303e+30	13170
1.48578e+11	8.05303e+30	13180
1.48578e+11	8.05303e+30	13190
1.48578e+11	8.05303e+30	13200
1.48578e+11	8.05303e+30	13210
1.48578e+11	8.05303e+30	13220
1.48578e+11	8.05303e+30	13230
1.48578e+11	8.05303e+30	13240
1.48578e+11	8.05303e+30	13250
1.48578e+11	8.05303e+30	13260
1.48578e+11	8.05303e+30	13270
1.48578e+11	8.05303e+30	13280
1.48578e+11	8.05303e+30	13290
1.48578e+11	8.05303e+30	13300
1.48578e+11	8.05303e+30	13310
1.48578e+11	8.05303e+30	13320
1.48578e+11	8.05303e+30	13330
1.48578e+11	8.05303e+30	13340
1.48578e+11	8.05303e+30	13350
1.48578e+11	8.05303e+30	13360
1.48578e+11	8.05303e+30	13370
1.48578e+11	8.05303e+30	13380
1.48578e+11	8.05303e+30	13390
1.48578e+11	8.05303e+30	13400
1.48578e+11	8.05303e+30	13410
1.48578e+11	8.05303e+30	13420
1.48578e+11	8.05303e+30	13430
1.48578e+11	8.05303e+30	13440
1.48578e+11	8.05303e+30	13450
1.48578e+11	8.05303e+30	13460
1.48578e+11	8.05303e+30	13470
1.48578e+11	8.05303e+30	13480
1.48578e+11	8.05303e+30	13490
1.48578e+11	8.05303e+30	13500
1.48578e+11	8.05303e+30	13510
1.48578e+11	8.05303e+30	13520
1.48578e+11	8.05303e+30	13530
1.48578e+11	8.05303e+30	13540
1.48578e+11	8.05303e+30	13550
1.48578e+11	8.05303e+30	13560
1.48578e+11	8.05303e+30	13570
1.48578e+11	8.05303e+30	13580
1.48578e+11	8.05303e+30	13590
1.48578e+11	8.05303e+30	13600
1.48578e+11	8.05303e+30	13610
1.48578e+11	8.05303e+30	13620
1.48578e+11	8.05303e+30	13630
1.48578e+11	8.05303e+30	13640
1.48578e+11	8.05303e+30	13650
1.48578e+11	8.05303e+30	13660
1.48578e+11	8.05303e+30	13670
1.48578e+11	8.05303e+30	13680
1.48578e+11	8.05303e+30	13690
1.48578e+11	8.05303e+30	13700
1.48578e+11	8.05303e+30	13710
1.48578e+11	8.05303e+30	13720
1.48578e+11	8.05303e+30	13730
1.48578e+11	8.05303e+30	13740
1.48578e+11	8.05303e+30	13750
1.48578e+11	8.05303e+30	13760
1.48578e+11	8.05303e+30	13770
1.48578e+11	8.05303e+30	13780
1.48578e+11	8.05303e+30	13790
1.48578e+11	8.05303e+30	13800
1.48578e+11	8.05303e+30	13810
1.48578e+11	8.05303e+30	13820
1.48578e+11	8.05303e+30	13830
1.48578e+11	8.05303e+30	13840
1.48578e+11	8.05303e+30	13850
1.48578e+11	8.05303e+30	13860
1.48578e+11	8.05303e+30	13870
1.48578e+11	8.05303e+30	13880
1.48578e+11	8.05303e+30	13890
1.48578e+11	8.05303e+30	13900
1.48578e+11	8.05303e+30	13910
1.48578e+11	8.05303e+30	13920
1.48578e+11	8.05303e+30	13930
1.48578e+11	8.05303e+30	13940
1.48578e+11	8.05303e+30	13950
1.48578e+11	8.05303e+30	13960
1.48578e+11	8.05303e+30	13970
1.48578e+11	8.05303e+30	13980
1.48578e+11	8.05303e+30	13990
1.48578e+11	8.05303e+30	14000
1.48578e+11	8.05303e+30	14010
1.48578e+11	8.05303e+30	14020
1.48578e+11	8.05303e+30	14030
1.48578e+11	8.05303e+30	14040
1.48578e+11	8.05303e+30	14050
1.48578e+11	8.05303e+30	14060
1.48578e+11	8.05303e+30	14070
1.48578e+11	8.05303e+30	14080
1.48578e+11	8.05303e+30	14090
1.48578e+11	8.05303e+30	14100
1.48578e+11	8.05303e+30	14110
1.48578e+11	8.05303e+30	14120
1.48578e+11	8.05303e+30	14130
1.48578e+11	8.05303e+30	14140
1.48578e+11	8.05303e+30	14150
1.48578e+11	8.05303e+30	14160
1.48578e+11	8.05303e+30	14170
1.48578e+11	8.05303e+30	14180
1.48578e+11	8.05303e+30	14190
1.48578e+11	8.05303e+30	14200
1.48578e+11	8.05303e+30	14210
1.48578e+11	8.05303e+30	14220
1.48578e+11	8.05303e+30	14230
1.48578e+11	8.05303e+30	14240
1.48578e+11	8.05303e+30	14250
1.48578e+11	8.05303e+30	14260
1.48578e+11	8.05303e+30	14270
1.48578e+11	8.05303e+30	14280
1.48578e+11	8.05303e+30	14290
1.48578e+11	8.05303e+30	14300
1.48578e+11	8.05303e+30	14310
1.48578e+11	8.05303e+30	14320
1.48578e+11	8.05303e+30	14330
1.48578e+11	8.05303e+30	14340
1.48578e+11	8.05303e+30	14350
1.48578e+11	8.05303e+30	14360
1.48578e+11	8.05303e+30	14370
1.48578e+11	8.05303e+30	14380
1.48578e+11	8.05303e+30	14390
1.48578e+11	8.05303e+30	14400
1.48578e+11	8.05303e+30	14410
1.48578e+11	8.05303e+30	14420
1.48578e+11	8.05303e+30	14430
1.48578e+11	8.05303e+30	14440
1.48578e+11	8.05303e+30	14450
1.48578e+11	8.05303e+30	14460
1.48578e+11	8.05303e+30	14470
1.48578e+11	8.05303e+30	14480
1.48578e+11	8.05303e+30	14490
1.48578e+11	8.05303e+30	14500
1.48578e+11	8.05303e+30	14510
1.48578e+11	8.05303e+30	14520
1.48578e+11	8.05303e+30	14530
1.48578e+11	8.05303e+30	14540
1.48578e+11	8.05303e+30	14550
1.48578e+11	8.05303e+30	14560
1.48578e+11	8.05303e+30	14570
1.48578e+11	8.05303e+30	14580
1.48578e+11	8.05303e+30	14590
1.48578e+11	8.05303e+30	14600
1.48578e+11	8.05303e+30	14610
1.48578e+11	8.05303e+30	14620
1.48578e+11	8.05303e+30	14630
1.48578e+11	8.05303e+30	14640
1.48578e+11	8.05303e+30	14650
1.48578e+11	8.05303e+30	14660
1.48578e+11	8.05303e+30	14670
1.48578e+11	8.05303e+30	14680
1.48578e+11	8.05303e+30	14690
1.48578e+11	8.05303e+30	14700
1.48578e+11	8.05303e+30	14710
1.48578e+11	8.05303e+30	14720
1.48578e+11	8.05303e+30	14730
1.48578e+11	8.05303e+30	14740
1.48578e+11	8.05303e+30	14750
1.48578e+11	8.05303e+30	14760
1.48578e+11	8.05303e+30	14770
1.48578e+11	8.05303e+30	14780
1.48578e+11	8.05303e+30	14790
1.48578e+11	8.05303e+30	14800
1.48578e+11	8.05303e+30	14810
1.48578e+11	8.05303e+30	14820
1.48578e+11	8.05303e+30	14830
1.48578e+11	8.05303e+30	14840
1.48578e+11	8.05303e+30	14850
1.48578e+11	8.05303e+30	14860
1.48578e+11	8.05303e+30	14870
1.48578e+11	8.05303e+30	14880
1.48578e+11	8.05303e+30	14890
1.48578e+11	8.05303e+30	14900
1.48578e+11	8.05303e+30	14910
1.48578e+11	8.05303e+30	14920
1.48578e+11	8.05303e+30	14930
1.48578e+11	8.05303e+30	14940
1.48578e+11	8.05303e+30	14950
1.48578e+11	8.05303e+30	14960
1.48578e+11	8.05303e+30	14970
1.48578e+11	8.05303e+30	14980
1.48578e+11	8.05303e+30	14990
1.48578e+11	8.05303e+30	15000
1.48578e+11	8.05303e+30	15010
1.48578e+11	8.05303e+30	15020
1.48578e+11	8.05303e+30	15030
1.48578e+11	8.05303e+30	15040
1.48578e+11	8.05303e+30	15050
1.48578e+11	8.05303e+30	15060
1.48578e+11	8.05303e+30	15070
1.48578e+11	8.05303e+30	15080
1.48578e+11	8.05303e+30	15090
1.48578e+11	8.05303e+30	15100
1.48578e+11	8.05303e+30	15110
1.48578e+11	8.05303e+30	15120
1.48578e+11	8.05303e+30	15130
1.48578e+11	8.05303e+30	15140
1.48578e+11	8.05303e+30	15150
1.48578e+11	8.05303e+30	15160
1.48578e+11	8.05303e+30	15170
1.48578e+11	8.05303e+30	15180
1.48578e+11	8.05303e+30	15190
1.48578e+11	8.05303e+30	15200
1.48578e+11	8.05303e+30	15210
1.48578e+11	8.05303e+30	15220
1.48578e+11	8.05303e+30	15230
1.48578e+11	8.05303e+30	15240
1.48578e+11	8.05303e+30	15250
1.48578e+11	8.05303e+30	15260
1.48578e+11	8.05303e+30	15270
1.48578e+11	8.05303e+30	15280
1.48578e+11	8.05303e+30	15290
1.48578e+11	8.05303e+30	15300
1.48578e+11	8.05303e+30	15310
1.48578e+11	8.05303e+30	15320
1.48578e+11	8.05303e+30	15330
1.48578e+11	8.05303e+30	15340
1.48578e+11	8.05303e+30	15350
1.48578e+11	8.05303e+30	15360
1.48578e+11	8.05303e+30	15370
1.48578e+11	8.05303e+30	15380
1.48578e+11	8.05303e+30	15390
1.48578e+11	8.05303e+30	15400
1.48578e+11	8.05303e+30	15410
1.48578e+11	8.05303e+30	15420
1.48578e+11	8.05303e+30	15430
1.48578e+11	8.05303e+30	15440
1.48578e+11	8.05303e+30	15450
1.48578e+11	8.05303e+30	15460
1.48578e+11	8.05303e+30	15470
1.48578e+11	8.05303e+30	15480
1.48578e+11	8.05303e+30	15490
1.48578e+11	8.05303e+30	15500
1.48578e+11	8.05303e+30	15510
1.48578e+11	8.05303e+30	15520
1.48578e+11	8.05303e+30	15530
1.48578e+11	8.05303e+30	15540
1.48578e+11	8.05303e+30	15550
1.48578e+11	8.05303e+30	15560
1.48578e+11	8.05303e+30	15570
1.48578e+11	8.05303e+30	15580
1.48578e+11	8.05303e+30	15590
1.48578e+11	8.05303e+30	15600
1.48578e+11	8.05303e+30	15610
1.48578e+11	8.05303e+30	15620
1.48578e+11	8.05303e+30	15630
1.48578e+11	8.05303e+30	15640
1.48578e+11	8.05303e+30	15650
1.48578e+11	8.05303e+30	15660
1.48578e+11	8.05303e+30	15670
1.48578e+11	8.05303e+30	15680
1.48578e+11	8.05303e+30	15690
1.48578e+11	8.05303e+30	15700
1.48578e+11	8.05303e+30	15710
1.48578e+11	8.05303e+30	15720
1.48578e+11	8.05303e+30	15730
1.48578e+11	8.05303e+30	15740
1.48578e+11	8.05303e+30	15750
1.48578e+11	8.05303e+30	15760
1.48578e+11	8.05303e+30	15770
1.48578e+11	8.05303e+30	15780
1.48578e+11	8.05303e+30	15790
1.48578e+11	8.05303e+30	15800
1.48578e+11	8.05303e+30	15810
1.48578e+11	8.05303e+30	15820
1.48578e+11	8.05303e+30	15830
1.48578e+11	8.05303e+30	15840
1.48578e+11	8.05303e+30	15850
1.48578e+11	8.05303e+30	15860
1.48578e+11	8.05303e+30	15870
1.48578e+11	8.05303e+30	15880
1.48578e+11	8.05303e+30	15890
1.48578e+11	8.05303e+30	15900
1.48578e+11	8.05303e+30	15910
1.48578e+11	8.05303e+30	15920
1.48578e+11	8.05303e+30	15930
1.48578e+11	8.05303e+30	15940
1.48578e+11	8.05303e+30	15950
1.48578e+11	8.05303e+30	15960
1.48578e+11	8.05303e+30	15970
1.48578e+11	8.05303e+30	15980
1.48578e+11	8.05303e+30	15990
1.48578e+11	8.05303e+30	16000
1.48578e+11	8.05303e+30	16010
1.48578e+11	8.05303e+30	16020
1.48578e+11	8.05303e+30	16030
1.48578e+11	8.05303e+30	16040
1.48578e+11	8.05303e+30	16050
1.48578e+11	8.05303e+30	16060
1.48578e+11	8.05303e+30	16070
1.48578e+11	8.05303e+30	16080
1.48578e+11	8.05303e+30	16090
1.48578e+11	8.05303e+30	16100
1.48578e+11	8.05303e+30	16110
1.48578e+11	8.05303e+30	16120
1.48578e+11	8.05303e+30	16130
1.48578e+11	8.05303e+30	16140
1.48578e+11	8.05303e+30	16150
1.48578e+11	8.05303e+30	16160
1.48578e+11	8.05303e+30	16170
1.48578e+11	8.05303e+30	16180
1.48578e+11	8.05303e+30	16190
1.48578e+11	8.05303e+30	16200
1.48578e+11	8.05303e+30	16210
1.48578e+11	8.05303e+30	16220
1.48578e+11	8.05303e+30	16230
1.48578e+11	8.05303e+30	16240
1.48578e+11	8.05303e+30	16250
1.48578e+11	8.05303e+30	16260
1.48578e+11	8.05303e+30	16270
1.48578e+11	8.05303e+30	16280
1.48578e+11	8.05303e+30	16290
1.48578e+11	8.05303e+30	16300
1.48578e+11	8.05303e+30	16310
1.48578e+11	8.05303e+30	16320
1.48578e+11	8.05303e+30	16330
1.48578e+11	8.05303e+30	16340
1.48578e+11	8.05303e+30	16350
1.48578e+11	8.05303e+30	16360
1.48578e+11	8.05303e+30	16370
1.48578e+11	8.05303e+30	16380
1.48578e+11	8.05303e+30	16390
1.48578e+11	8.05303e+30	16400
1.48578e+11	8.05303e+30	16410
1.48578e+11	8.05303e+30	16420
1.48578e+11	8.05303e+30	16430
1.48578e+11	8.05303e+30	16440
1.48578e+11	8.05303e+30	16450
1.48578e+11	8.05303e+30	16460
1.48578e+11	8.05303e+30	16470
1.48578e+11	8.05303e+30	16480
1.48578e+11	8.05303e+30	16490
1.48578e+11	8.05303e+30	16500
1.48578e+11	8.05303e+30	16510
1.48578e+11	8.05303e+30	16520
1.48578e+11	8.05303e+30	16530
1.48578e+11	8.05303e+30	16540
1.48578e+11	8.05303e+30	16550
1.48578e+11	8.05303e+30	16560
1.48578e+11	8.05303e+30	16570
1.48578e+11	8.05303e+30	16580
1.48578e+11	8.05303e+30	16590
1.48578e+11	8.05303e+30	16600
1.48578e+11	8.05303e+30	16610
1.48578e+11	8.05303e+30	16620
1.48578e+11	8.05303e+30	16630
1.48578e+11	8.05303e+30	16640
1.48578e+11	8.05303e+30	16650
1.48578e+11	8.05303e+30	16660
1.48578e+11	8.05303e+30	16670
1.48578e+11	8.05303e+30	16680
1.48578e+11	8.05303e+30	16690
1.48578e+11	8.05303e+30	16700
1.48578e+11	8.05303e+30	16710
1.48578e+11	8.05303e+30	16720
1.48578e+11	8.05303e+30	16730
1.48578e+11	8.05303e+30	16740
1.48578e+11	8.05303e+30	16750
1.48578e+11	8.05303e+30	16760
1.48578e+11	8.05303e+30	16770
1.48578e+11	8.05303e+30	16780
1.48578e+11	8.05303e+30	16790
1.48578e+11	8.05303e+30	16800
1.48578e+11	8.05303e+30	16810
1.48578e+11	8.05303e+30	16820
1.48578e+11	8.05303e+30	16830
1.48578e+11	8.05303e+30	16840
1.48578e+11	8.05303e+30	16850
1.48578e+11	8.05303e+30	16860
1.48578e+11	8.05303e+30	16870
1.48578e+11	8.05303e+30	16880
1.48578e+11	8.05303e+30	16890
1.48578e+11	8.05303e+30	16900
1.48578e+11	8.05303e+30	16910
1.48578e+11	8.05303e+30	16920
1.48578e+11	8.05303e+30	16930
1.48578e+11	8.05303e+30	16940
1.48578e+11	8.05303e+30	16950
1.48578e+11	8.05303e+30	16960
1.48578e+11	8.05303e+30	16970
1.48578e+11	8.05303e+30	16980
1.48578e+11	8.05303e+30	16990
1.48578e+11	8.05303e+30	17000
1.48578e+11	8.05303e+30	17010
1.48578e+11	8.05303e+30	17020
1.48578e+11	8.05303e+30	17030
1.48578e+11	8.05303e+30	17040
1.48578e+11	8.05303e+30	17050
1.48578e+11	8.05303e+30	17060
1.48578e+11	8.05303e+30	17070
1.48578e+11	8.05303e+30	17080
1.48578e+11	8.05303e+30	17090
1.48578e+11	8.05303e+30	17100
1.48578e+11	8.05303e+30	17110
1.48578e+11	8.05303e+30	17120
1.48578e+11	8.05303e+30	17130
1.48578e+11	8.05303e+30	17140
1.48578e+11	8.05303e+30	17150
1.48578e+11	8.05303e+30	17160
1.48578e+11	8.05303e+30	17170
1.48578e+11	8.05303e+30	17180
1.48578e+11	8.05303e+30	17190
1.48578e+11	8.05303e+30	17200
1.48578e+11	8.05303e+30	17210
1.48578e+11	8.05303e+30	17220
1.48578e+11	8.05303e+30	17230
1.48578e+11	8.05303e+30	17240
1.48578e+11	8.05303e+30	17250
1.48578e+11	8.05303e+30	17260
1.48578e+11	8.05303e+30	17270
1.48578e+11	8.05303e+30	17280
1.48578e+11	8.05303e+30	17290
1.48578e+11	8.05303e+30	17300
1.48578e+11	8.05303e+30	17310
1.48578e+11	8.05303e+30	17320
1.48578e+11	8.05303e+30	17330
1.48578e+11	8.05303e+30	17340
1.48578e+11	8.05303e+30	17350
1.48578e+11	8.05303e+30	17360
1.48578e+11	8.05303e+30	17370
1.48578e+11	8.05303e+30	17380
1.48578e+11	8.05303e+30	17390
1.48578e+11	8.05303e+30	17400
1.48578e+11	8.05303e+30	17410
1.48578e+11	8.05303e+30	17420
1.48578e+11	8.05303e+30	17430
1.48578e+11	8.05303e+30	17440
1.48578e+11	8.05303e+30	17450
1.48578e+11	8.05303e+30	17460
1.48578e+11	8.05303e+30	17470
1.48578e+11	8.05303e+30	17480
1.48578e+11	8.05303e+30	17490
1.48578e+11	8.05303e+30	17500
1.48578e+11	8.05303e+30	17510
1.48578e+11	8.05303e+30	17520
1.48578e+11	8.05303e+30	17530
1.48578e+11	8.05303e+30	17540
1.48578e+11	8.05303e+30	17550
1.48578e+11	8.05303e+30	17560
1.48578e+11	8.05303e+30	17570
1.48578e+11	8.05303e+30	17580
1.48578e+11	8.05303e+30	17590
1.48578e+11	8.05303e+30	17600
1.48578e+11	8.05303e+30	17610
1.48578e+11	8.05303e+30	17620
1.48578e+11	8.05303e+30	17630
1.48578e+11	8.05303e+30	17640
1.48578e+11	8.05303e+30	17650
1.48578e+11	8.05303e+30	17660
1.48578e+11	8.05303e+30	17670
1.48578e+11	8.05303e+30	17680
1.48578e+11	8.05303e+30	17690
1.48578e+11	8.05303e+30	17700
1.48578e+11	8.05303e+30	17710
1.48578e+11	8.05303e+30	17720
1.48578e+11	8.05303e+30	17730
1.48578e+11	8.05303e+30	17740
1.48578e+11	8.05303e+30	17750
1.48578e+11	8.05303e+30	17760
1.48578e+11	8.05303e+30	17770
1.48578e+11	8.05303e+30	17780
1.48578e+11	8.05303e+30	17790
1.48578e+11	8.05303e+30	17800
1.48578e+11	8.05303e+30	17810
1.48578e+11	8.05303e+30	17820
1.48578e+11	8.05303e+30	17830
1.48578e+11	8.05303e+30	17840
1.48578e+11	8.05303e+30	17850
1.48578e+11	8.05303e+30	17860
1.48578e+11	8.05303e+30	17870
1.48578e+11	8.05303e+30	17880
1.48578e+11	8.05303e+30	17890
1.48578e+11	8.05303e+30	17900
1.48578e+11	8.05303e+30	17910
1.48578e+11	8.05303e+30	17920
1.48578e+11	8.05303e+30	17930
1.48578e+11	8.05303e+30	17940
1.48578e+11	8.05303e+30	17950
1.48578e+11	8.05303e+30	17960
1.48578e+11	8.05303e+30	17970
1.48578e+11	8.05303e+30	17980
1.48578e+11	8.05303e+30	17990
1.48578e+11	8.05303e+30	18000
1.48578e+11	8.05303e+30	18010
1.48578e+11	8.05303e+30	18020
1.48578e+11	8.05303e+30	18030
1.48578e+11	8.05303e+30	18040
1.48578e+11	8.05303e+30	18050
1.48578e+11	8.05303e+30	18060
1.48578e+11	8.05303e+30	18070
1.48578e+11	8.05303e+30	18080
1.48578e+11	8.05303e+30	18090
1.48578e+11	8.05303e+30	18100
1.48578e+11	8.05303e+30	18110
1.48578e+11	8.05303e+30	18120
1.48578e+11	8.05303e+30	18130
1.48578e+11	8.05303e+30	18140
1.48578e+11	8.05303e+30	18150
1.48578e+11	8.05303e+30	18160
1.48578e+11	8.05303e+30	18170
1.48578e+11	8.05303e+30	18180
1.48578e+11	8.05303e+30	18190
1.48578e+11	8.05303e+30	18200
1.48578e+11	8.05303e+30	18210
1.48578e+11	8.05303e+30	18220
1.48578e+11	8.05303e+30	18230
1.48578e+11	8.05303e+30	18240
1.48578e+11	8.05303e+30	18250
1.48578e+11	8.05303e+30	18260
1.48578e+11	8.05303e+30	18270
1.48578e+11	8.05303e+30	18280
1.48578e+11	8.05303e+30	18290
1.48578e+11	8.05303e+30	18300
1.48578e+11	8.05303e+30	18310
1.48578e+11	8.05303e+30	18320
1.48578e+11	8.05303e+30	18330
1.48578e+11	8.05303e+30	18340
1.48578e+11	8.05303e+30	18350
1.48578e+11	8.05303e+30	18360
1.48578e+11	8.05303e+30	18370
1.48578e+11	8.05303e+30	18380
1.48578e+11	8.05303e+30	18390
1.48578e+11	8.05303e+30	18400
1.48578e+11	8.05303e+30	18410
1.48578e+11	8.05303e+30	18420
1.48578e+11	8.05303e+30	18430
1.48578e+11	8.05303e+30	18440
1.48578e+11	8.05303e+30	18450
1.48578e+11	8.05303e+30	18460
1.48578e+11	8.05303e+30	18470
1.48578e+11	8.05303e+30	18480
1.48578e+11	8.05303e+30	18490
1.48578e+11	8.05303e+30	18500
1.48578e+11	8.05303e+30	18510
1.48578e+11	8.05303e+30	18520
1.48578e+11	8.05303e+30	18530
1.48578e+11	8.05303e+30	18540
1.48578e+11	8.05303e+30	18550
1.48578e+11	8.05303e+30	18560
1.48578e+11	8.05303e+30	18570
1.48578e+11	8.05303e+30	18580
1.48578e+11	8.05303e+30	18590
1.48578e+11	8.05303e+30	18600
1.48578e+11	8.05303e+30	18610
1.48578e+11	8.05303e+30	18620
1.48578e+11	8.05303e+30	18630
1.48578e+11	8.05303e+30	18640
1.48578e+11	8.05303e+30	18650
1.48578e+11	8.05303e+30	18660
1.48578e+11	8.05303e+30	18670
1.48578e+11	8.05303e+30	18680
1.48578e+11	8.05303e+30	18690
1.48578e+11	8.05303e+30	18700
1.48578e+11	8.05303e+30	18710
1.48578e+11	8.05303e+30	18720
1.48578e+11	8.05303e+30	18730
1.48578e+11	8.05303e+30	18740
1.48578e+11	8.05303e+30	18750
1.48578e+11	8.05303e+30	18760
1.48578e+11	8.05303e+30	18770
1.48578e+11	8.05303e+30	18780
1.48578e+11	8.05303e+30	18790
1.48578e+11	8.05303e+30	18800
1.48578e+11	8.05303e+30	18810
1.48578e+11	8.05303e+30	18820
1.48578e+11	8.05303e+30	18830
1.48578e+11	8.05303e+30	18840
1.48578e+11	8.05303e+30	18850
1.48578e+11	8.05303e+30	18860
1.48578e+11	8.05303e+30	18870
1.48578e+11	8.05303e+30	18880
1.48578e+11	8.05303e+30	18890
1.48578e+11	8.05303e+30	18900
1.48578e+11	8.05303e+30	18910
1.48578e+11	8.05303e+30	18920
1.48578e+11	8.05303e+30	18930
1.48578e+11	8.05303e+30	18940
1.48578e+11	8.05303e+30	18950
1.48578e+11	8.05303e+30	18960
1.48578e+11	8.05303e+30	18970
1.48578e+11	8.05303e+30	18980
1.48578e+11	8.05303e+30	18990
1.48578e+11	8.05303e+30	19000
1.48578e+11	8.05303e+30	19010
1.48578e+11	8.05303e+30	19020
1.48578e+11	8.05303e+30	19030
1.48578e+11	8.05303e+30	19040
1.48578e+11	8.05303e+30	19050
1.48578e+11	8.05303e+30	19060
1.48578e+11	8.05303e+30	19070
1.48578e+11	8.05303e+30	19080
1.48578e+11	8.05303e+30	19090
1.48578e+11	8.05303e+30	19100
1.48578e+11	8.05303e+30	19110
1.48578e+11	8.05303e+30	19120
1.48578e+11	8.05303e+30	19130
1.48578e+11	8.05303e+30	19140
1.48578e+11	8.05303e+30	19150
1.48578e+11	8.05303e+30	19160
1.48578e+11	8.05303e+30	19170
1.48578e+11	8.05303e+30	19180
1.48578e+11	8.05303e+30	19190
1.48578e+11	8.05303e+30	19200
1.48578e+11	8.05303e+30	19210
1.48578e+11	8.05303e+30	19220
1.48578e+11	8.05303e+30	19230
1.48578e+11	8.05303e+30	19240
1.48578e+11	8.05303e+30	19250
1.48578e+11	8.05303e+30	19260
1.48578e+11	8.05303e+30	19270
1.48578e+11	8.05303e+30	19280
1.48578e+11	8.05303e+30	19290
1.48578e+11	8.05303e+30	19300
1.48578e+11	8.05303e+30	19310
1.48578e+11	8.05303e+30	19320
1.48578e+11	8.05303e+30	19330
1.48578e+11	8.05303e+30	19340
1.48578e+11	8.05303e+30	19350
1.48578e+11	8.05303e+30	19360
1.48578e+11	8.05303e+30	19370
1.48578e+11	8.05303e+30	19380
1.48578e+11	8.05303e+30	19390
1.48578e+11	8.05303e+30	19400
1.48578e+11	8.05303e+30	19410
1.48578e+11	8.05303e+30	19420
1.48578e+11	8.05303e+30	19430
1.48578e+11	8.05303e+30	19440
1.48578e+11	8.05303e+30	19450
1.48578e+11	8.05303e+30	19460
1.48578e+11	8.05303e+30	19470
1.48578e+11	8.05303e+30	19480
1.48578e+11	8.05303e+30	19490
1.48578e+11	8.05303e+30	19500
1.48578e+11	8.05303e+30	19510
1.48578e+11	8.05303e+30	19520
1.48578e+11	8.05303e+30	19530
1.48578e+11	8.05303e+30	19540
1.48578e+11	8.05303e+30	19550
1.48578e+11	8.05303e+30	19560
1.48578e+11	8.05303e+30	19570
1.48578e+11	8.05303e+30	19580
1.48578e+11	8.05303e+30	19590
1.48578e+11	8.05303e+30	19600
1.48578e+11	8.05303e+30	19610
1.48578e+11	8.05303e+30	19620
1.48578e+11	8.05303e+30	19630
1.48578e+11	8.05303e+30	19640
1.48578e+11	8.05303e+30	19650
1.48578e+11	8.05303e+30	19660
1.48578e+11	8.05303e+30	19670
1.48578e+11	8.05303e+30	19680
1.48578e+11	8.05303e+30	19690
1.48578e+11	8.05303e+30	19700
1.48578e+11	8.05303e+30	19710
1.48578e+11	8.05303e+30	19720
1.48578e+11	8.05303e+30	19730
1.48578e+11	8.05303e+30	19740
1.48578e+11	8.05303e+30	19750
1.48578e+11	8.05303e+30	19760
1.48578e+11	8.05303e+30	19770
1.48578e+11	8.05303e+30	19780
1.48578e+11	8.05303e+30	19790
1.48578e+11	8.05303e+30	19800
1.48578e+11	8.05303e+30	19810
1.48578e+11	8.05303e+30	19820
1.48578e+11	8.05303e+30	19830
1.48578e+11	8.05303e+30	19840
1.48578e+11	8.05303e+30	19850
1.48578e+11	8.05303e+30	19860
1.48578e+11	8.05303e+30	19870
1.48578e+11	8.05303e+30	19880
1.48578e+11	8.05303e+30	19890
1.48578e+11	8.05303e+30	19900
1.48578e+11	8.05303e+30	19910
1.48578e+11	8.05303e+30	19920
1.48578e+11	8.05303e+30	19930
1.48578e+11	8.05303e+30	19940
1.48578e+11	8.05303e+30	19950
1.48578e+11	8.05303e+30	19960
1.48578e+11	8.05303e+30	19970
1.48578e+11	8.05303e+30	19980
1.48578e+11	8.05303e+30	19990
1.48578e+11	8.05303e+30	20000
