6.92839e-19	0.000292129	0
6.93839e-19	0.0353956	10
6.96471e-19	0.129474	20
7.00773e-19	0.283829	30
7.06806e-19	0.50064	40
7.14658e-19	0.783073	50
7.24448e-19	1.13543	60
7.36334e-19	1.56336	70
7.50518e-19	2.07418	80
7.67262e-19	2.67729	90
7.86901e-19	3.38475	100
8.09866e-19	4.21204	110
8.36714e-19	5.17922	120
8.68173e-19	6.31249	130
9.05206e-19	7.64646	140
9.49102e-19	9.22747	150
1.00161e-18	11.1184	160
1.06515e-18	13.4063	170
1.14314e-18	16.2134	180
1.24044e-18	19.715	190
1.3642e-18	24.1677	200
1.52503e-18	29.9518	210
1.73874e-18	37.635	220
2.02806e-18	48.0346	230
2.42018e-18	62.1342	240
2.91607e-18	80.0118	250
3.32078e-18	94.8662	260
2.76147e-18	75.6289	270
1.27797e-18	21.435	280
2.33941e-18	58.428	290
3.40636e-18	97.9067	300
3.19981e-18	90.84	310
2.74187e-18	74.279	320
2.37625e-18	60.9915	330
2.129e-18	51.9921	340
1.97478e-18	46.3703	350
1.89027e-18	43.2789	360
1.86061e-18	42.1756	370
1.87837e-18	42.7886	380
1.94244e-18	45.0736	390
2.05775e-18	49.2052	400
2.23585e-18	55.5963	410
2.49462e-18	64.8905	420
2.84899e-18	77.6381	430
3.25338e-18	92.2737	440
3.36881e-18	96.8476	450
2.53961e-18	67.3529	460
2.25937e-18	56.2648	470
2.88518e-18	78.8027	480
3.43816e-18	98.9689	490
3.51771e-18	102.099	500
3.34794e-18	96.004	510
3.21292e-18	91.0577	520
3.21176e-18	90.9241	530
3.36368e-18	96.3184	540
3.664e-18	107.088	550
4.06383e-18	121.497	560
4.47783e-18	136.531	570
4.23947e-18	128.708	580
3.04473e-18	85.3605	590
3.70131e-18	107.701	600
4.87506e-18	150.771	610
4.91502e-18	152.624	620
4.82566e-18	149.219	630
4.78241e-18	147.926	640
4.26051e-18	129.088	650
4.23506e-18	127.791	660
4.41077e-18	134.201	670
4.66274e-18	143.13	680
4.91432e-18	152.505	690
4.81499e-18	148.819	700
4.82202e-18	149.132	710
5.27278e-18	164.934	720
5.71009e-18	181.226	730
5.42477e-18	171.088	740
5.30494e-18	166.576	750
5.35569e-18	168.003	760
6.49158e-18	208.828	770
7.0656e-18	230.056	780
7.08537e-18	230.908	790
7.10396e-18	231.436	800
7.41811e-18	242.673	810
7.70308e-18	253.174	820
7.29158e-18	238.601	830
7.46245e-18	244.521	840
7.00518e-18	228.222	850
6.84511e-18	221.717	860
6.99106e-18	226.291	870
7.57989e-18	249.736	880
7.51358e-18	245.581	890
7.7768e-18	256.208	900
7.85529e-18	257.655	910
8.53949e-18	283.866	920
8.18247e-18	270.223	930
8.50765e-18	282.221	940
8.48536e-18	281.504	950
8.08659e-18	267.406	960
7.87756e-18	259.16	970
8.46732e-18	280.441	980
8.43643e-18	280.359	990
7.93478e-18	260.738	1000
9.07366e-18	302.668	1010
9.12459e-18	304.192	1020
8.30465e-18	277.193	1030
8.06576e-18	265.423	1040
8.99138e-18	299.26	1050
9.96278e-18	334.746	1060
9.20382e-18	307.892	1070
9.22094e-18	307.705	1080
9.68023e-18	323.853	1090
1.00137e-17	337.593	1100
8.35636e-18	275.722	1110
1.04065e-17	350.659	1120
9.7868e-18	327.451	1130
9.86971e-18	331.465	1140
9.80941e-18	330.236	1150
9.15892e-18	305.435	1160
9.93257e-18	333.569	1170
9.63827e-18	324.348	1180
8.54435e-18	282.4	1190
9.83288e-18	330.113	1200
9.61014e-18	322.107	1210
9.63901e-18	323.193	1220
9.21087e-18	307.944	1230
8.79073e-18	292.544	1240
8.83305e-18	293.786	1250
8.84384e-18	295.272	1260
7.62055e-18	250.349	1270
8.65584e-18	286.801	1280
8.96683e-18	298.628	1290
8.78493e-18	292.863	1300
8.12661e-18	268.326	1310
8.59448e-18	284.866	1320
9.16633e-18	306.238	1330
8.1329e-18	269.047	1340
8.1085e-18	268.224	1350
8.2136e-18	271.698	1360
8.34402e-18	276.304	1370
7.98748e-18	263.754	1380
7.73072e-18	253.968	1390
7.88943e-18	260.296	1400
7.71344e-18	252.818	1410
9.01355e-18	300.266	1420
8.56035e-18	284.865	1430
7.7923e-18	256.367	1440
7.80738e-18	257.101	1450
7.51795e-18	246.654	1460
7.42987e-18	243.34	1470
6.94431e-18	226.154	1480
7.10798e-18	231.212	1490
7.68138e-18	252.248	1500
7.73338e-18	254.38	1510
7.48175e-18	245.404	1520
6.48907e-18	210.485	1530
6.75601e-18	218.151	1540
7.33474e-18	239.413	1550
7.68621e-18	253.485	1560
7.69657e-18	252.995	1570
7.35235e-18	240.602	1580
7.73548e-18	253.699	1590
8.1916e-18	271.061	1600
7.98808e-18	263.513	1610
7.37194e-18	242.036	1620
7.03749e-18	228.348	1630
8.29227e-18	274.282	1640
8.24748e-18	272.842	1650
8.38494e-18	277.828	1660
8.37614e-18	277.774	1670
8.31395e-18	274.345	1680
9.19673e-18	307.144	1690
8.47907e-18	282.089	1700
8.08084e-18	266.202	1710
8.83339e-18	293.665	1720
9.35591e-18	313.432	1730
8.73803e-18	289.555	1740
9.71099e-18	325.668	1750
1.01474e-17	341.696	1760
9.21504e-18	307.804	1770
9.73302e-18	326.161	1780
9.83206e-18	330.845	1790
8.78621e-18	292.39	1800
8.71307e-18	289.864	1810
9.15402e-18	305.398	1820
9.33034e-18	311.897	1830
9.25207e-18	309.495	1840
8.41638e-18	279.025	1850
9.22685e-18	308.227	1860
8.5947e-18	286.333	1870
9.03797e-18	301.305	1880
9.05156e-18	301.91	1890
9.09434e-18	303.729	1900
8.74318e-18	290.708	1910
8.56234e-18	284.521	1920
8.56004e-18	284.193	1930
8.53154e-18	282.673	1940
9.43439e-18	315.836	1950
8.85211e-18	294.608	1960
8.97779e-18	299.631	1970
8.27839e-18	273.862	1980
8.25036e-18	272.695	1990
8.53174e-18	283.793	2000
8.04468e-18	265.109	2010
8.63852e-18	286.889	2020
8.82671e-18	293.793	2030
8.71935e-18	290.166	2040
7.98882e-18	263.685	2050
8.47453e-18	281.094	2060
8.1272e-18	268.636	2070
8.15223e-18	269.571	2080
7.99097e-18	263.637	2090
8.11792e-18	268.145	2100
8.17506e-18	270.386	2110
7.94113e-18	261.852	2120
7.80468e-18	257.02	2130
7.86748e-18	259.013	2140
7.93535e-18	261.609	2150
7.87114e-18	259.417	2160
7.68017e-18	252.471	2170
7.46495e-18	244.553	2180
7.75779e-18	255.13	2190
7.78425e-18	256.181	2200
7.83475e-18	257.941	2210
7.83164e-18	257.908	2220
7.68086e-18	252.567	2230
7.7491e-18	254.785	2240
7.70519e-18	253.439	2250
7.52416e-18	246.743	2260
7.59168e-18	249.15	2270
7.60781e-18	249.98	2280
7.34065e-18	240.077	2290
7.61398e-18	250.011	2300
7.44515e-18	244.032	2310
7.65937e-18	251.334	2320
7.6367e-18	251.085	2330
7.509e-18	245.984	2340
7.68598e-18	252.631	2350
7.62245e-18	250.364	2360
7.63344e-18	250.65	2370
7.74665e-18	254.724	2380
7.64924e-18	251.339	2390
7.68629e-18	252.625	2400
7.66913e-18	251.859	2410
8.0075e-18	264.196	2420
8.00603e-18	264.059	2430
8.08699e-18	267.106	2440
8.14407e-18	269.13	2450
8.06403e-18	266.302	2460
8.015e-18	264.515	2470
7.97577e-18	263.076	2480
8.13398e-18	268.722	2490
8.27457e-18	273.816	2500
8.15291e-18	269.491	2510
8.17403e-18	270.189	2520
8.17456e-18	270.21	2530
8.27242e-18	273.766	2540
8.21827e-18	271.807	2550
8.26429e-18	273.453	2560
8.31738e-18	275.373	2570
8.19322e-18	270.966	2580
8.1786e-18	270.344	2590
8.25765e-18	273.243	2600
8.26825e-18	273.584	2610
8.30007e-18	274.834	2620
8.19356e-18	270.884	2630
8.27502e-18	273.87	2640
8.18298e-18	270.547	2650
8.20723e-18	271.435	2660
8.15353e-18	269.449	2670
8.29832e-18	274.633	2680
8.26717e-18	273.572	2690
8.25799e-18	273.286	2700
8.27814e-18	273.942	2710
8.1473e-18	269.283	2720
8.23432e-18	272.347	2730
8.23284e-18	272.286	2740
8.21403e-18	271.626	2750
8.35156e-18	276.557	2760
8.39931e-18	278.346	2770
8.30956e-18	275.107	2780
8.28562e-18	274.217	2790
8.34524e-18	276.368	2800
8.32956e-18	275.88	2810
8.23875e-18	272.493	2820
8.33581e-18	276.023	2830
8.29837e-18	274.689	2840
8.26962e-18	273.655	2850
8.19007e-18	270.832	2860
8.27779e-18	273.844	2870
8.31704e-18	275.367	2880
8.33381e-18	275.875	2890
8.40364e-18	278.59	2900
8.25665e-18	273.125	2910
8.24408e-18	272.746	2920
8.27686e-18	273.86	2930
8.37703e-18	277.515	2940
8.35145e-18	276.507	2950
8.39648e-18	278.31	2960
8.38429e-18	277.772	2970
8.31403e-18	275.214	2980
8.36935e-18	277.181	2990
8.41651e-18	279.01	3000
8.2587e-18	273.236	3010
8.59672e-18	285.269	3020
8.6119e-18	286.069	3030
8.51591e-18	282.573	3040
8.5085e-18	282.209	3050
8.54223e-18	283.493	3060
8.39511e-18	278.163	3070
8.52736e-18	282.89	3080
8.56154e-18	284.193	3090
8.51859e-18	282.579	3100
8.4997e-18	282.008	3110
8.46695e-18	280.715	3120
8.48929e-18	281.593	3130
8.49799e-18	281.76	3140
8.61586e-18	286.2	3150
8.4869e-18	281.448	3160
8.54637e-18	283.586	3170
8.6297e-18	286.571	3180
8.5543e-18	283.995	3190
8.53702e-18	283.195	3200
8.57492e-18	284.658	3210
8.54e-18	283.356	3220
8.47755e-18	281.151	3230
8.43711e-18	279.546	3240
8.5272e-18	282.931	3250
8.55712e-18	283.976	3260
8.55709e-18	284.008	3270
8.43023e-18	279.467	3280
8.46675e-18	280.686	3290
8.48669e-18	281.36	3300
8.56228e-18	284.238	3310
8.41851e-18	279.012	3320
8.48586e-18	281.432	3330
8.46104e-18	280.483	3340
8.50482e-18	282.073	3350
8.42991e-18	279.412	3360
8.48973e-18	281.557	3370
8.41883e-18	278.923	3380
8.34815e-18	276.479	3390
8.46211e-18	280.488	3400
8.44925e-18	280.046	3410
8.57948e-18	284.697	3420
8.56615e-18	284.425	3430
8.41085e-18	278.68	3440
8.55771e-18	283.935	3450
8.51062e-18	282.384	3460
8.43128e-18	279.347	3470
8.61044e-18	285.967	3480
8.4089e-18	278.649	3490
8.4462e-18	280.032	3500
8.39101e-18	277.879	3510
8.54306e-18	283.42	3520
8.55293e-18	283.9	3530
8.45726e-18	280.379	3540
8.41028e-18	278.75	3550
8.42003e-18	278.906	3560
8.3459e-18	276.507	3570
8.28293e-18	274.086	3580
8.34628e-18	276.362	3590
8.48371e-18	281.269	3600
8.39501e-18	278.237	3610
8.31873e-18	275.363	3620
8.39442e-18	278.101	3630
8.35693e-18	276.755	3640
8.32369e-18	275.584	3650
8.25458e-18	272.987	3660
8.37163e-18	277.32	3670
8.26444e-18	273.452	3680
8.11202e-18	267.996	3690
8.12656e-18	268.429	3700
8.14864e-18	269.203	3710
8.12068e-18	268.234	3720
8.11488e-18	267.993	3730
8.24732e-18	272.809	3740
8.15088e-18	269.355	3750
8.11435e-18	267.93	3760
8.18417e-18	270.565	3770
8.09327e-18	267.289	3780
8.07362e-18	266.458	3790
8.17831e-18	270.245	3800
8.27588e-18	273.819	3810
8.197e-18	271.012	3820
8.16696e-18	269.892	3830
8.11407e-18	268.068	3840
8.03272e-18	264.957	3850
8.15132e-18	269.328	3860
8.10646e-18	267.758	3870
8.12382e-18	268.321	3880
8.0548e-18	265.896	3890
8.05682e-18	265.9	3900
8.0638e-18	266.273	3910
7.96569e-18	262.623	3920
8.0585e-18	265.877	3930
8.11377e-18	268.002	3940
8.03558e-18	265.207	3950
7.97425e-18	262.906	3960
8.11023e-18	267.831	3970
8.1324e-18	268.549	3980
8.1774e-18	270.296	3990
8.12789e-18	268.484	4000
8.04996e-18	265.714	4010
8.11719e-18	268.097	4020
8.06587e-18	266.242	4030
8.1447e-18	269.043	4040
8.19791e-18	270.914	4050
8.26157e-18	273.265	4060
8.23167e-18	272.382	4070
8.17178e-18	269.97	4080
8.25254e-18	272.996	4090
8.23441e-18	272.369	4100
8.27569e-18	273.693	4110
8.35115e-18	276.567	4120
8.24432e-18	272.684	4130
8.23631e-18	272.419	4140
8.2832e-18	274.061	4150
8.38273e-18	277.677	4160
8.34488e-18	276.34	4170
8.40859e-18	278.701	4180
8.2902e-18	274.353	4190
8.25651e-18	273.146	4200
8.2161e-18	271.726	4210
8.21082e-18	271.521	4220
8.2023e-18	271.179	4230
8.14911e-18	269.157	4240
8.19954e-18	271.128	4250
8.12126e-18	268.242	4260
8.13169e-18	268.629	4270
8.15341e-18	269.295	4280
8.24483e-18	272.763	4290
8.17904e-18	270.269	4300
8.28484e-18	274.161	4310
8.20329e-18	271.343	4320
8.0931e-18	267.189	4330
8.14825e-18	269.206	4340
8.1364e-18	268.826	4350
8.10235e-18	267.503	4360
8.21686e-18	271.727	4370
8.26082e-18	273.209	4380
8.22764e-18	272.178	4390
8.12854e-18	268.524	4400
8.11139e-18	267.873	4410
8.1001e-18	267.514	4420
8.08635e-18	266.994	4430
8.15588e-18	269.425	4440
8.14659e-18	269.264	4450
8.01779e-18	264.535	4460
8.01568e-18	264.407	4470
8.19931e-18	271.07	4480
8.02111e-18	264.666	4490
8.05747e-18	265.951	4500
8.00272e-18	263.846	4510
8.10973e-18	267.862	4520
7.86044e-18	258.893	4530
7.96026e-18	262.338	4540
8.03409e-18	265.108	4550
7.99417e-18	263.643	4560
8.00039e-18	263.866	4570
8.0297e-18	264.905	4580
7.96767e-18	262.733	4590
8.01749e-18	264.492	4600
8.03863e-18	265.295	4610
7.96328e-18	262.531	4620
8.03724e-18	265.156	4630
8.09577e-18	267.302	4640
7.96793e-18	262.856	4650
8.04617e-18	265.401	4660
8.07773e-18	266.739	4670
7.96501e-18	262.609	4680
8.01486e-18	264.373	4690
8.15129e-18	269.243	4700
8.17001e-18	270.055	4710
8.03447e-18	265.146	4720
8.04204e-18	265.43	4730
8.02755e-18	264.817	4740
8.10789e-18	267.792	4750
8.00627e-18	264.066	4760
8.01366e-18	264.347	4770
8.03149e-18	264.978	4780
8.02974e-18	264.984	4790
8.04471e-18	265.403	4800
8.12892e-18	268.582	4810
8.07977e-18	266.788	4820
8.05669e-18	265.885	4830
8.10042e-18	267.479	4840
8.09369e-18	267.31	4850
8.06162e-18	266.085	4860
8.11717e-18	268.001	4870
8.21843e-18	271.779	4880
8.07087e-18	266.437	4890
8.2057e-18	271.259	4900
8.19973e-18	271.19	4910
8.10923e-18	267.813	4920
8.23241e-18	272.194	4930
8.29306e-18	274.526	4940
8.14688e-18	269.27	4950
8.20114e-18	271.03	4960
8.33232e-18	275.868	4970
8.30571e-18	274.874	4980
8.26684e-18	273.614	4990
8.17405e-18	270.129	5000
8.23423e-18	272.366	5010
8.21794e-18	271.773	5020
8.23234e-18	272.298	5030
8.21574e-18	271.681	5040
8.18617e-18	270.623	5050
8.16896e-18	269.895	5060
8.26846e-18	273.596	5070
8.31042e-18	275.147	5080
8.12926e-18	268.528	5090
8.17662e-18	270.318	5100
8.20798e-18	271.319	5110
8.19079e-18	270.775	5120
8.25231e-18	273.024	5130
8.28996e-18	274.326	5140
8.21132e-18	271.583	5150
8.18379e-18	270.503	5160
8.30523e-18	274.805	5170
8.41719e-18	278.99	5180
8.27716e-18	274.007	5190
8.18506e-18	270.604	5200
8.16062e-18	269.692	5210
8.22903e-18	272.113	5220
8.1616e-18	269.719	5230
8.23777e-18	272.495	5240
8.19755e-18	271.034	5250
8.22905e-18	272.148	5260
8.10639e-18	267.762	5270
8.11399e-18	268.062	5280
8.10156e-18	267.487	5290
8.06075e-18	266.14	5300
8.03793e-18	265.25	5310
8.16971e-18	269.903	5320
8.30931e-18	275.063	5330
8.18155e-18	270.487	5340
8.10342e-18	267.716	5350
8.10509e-18	267.569	5360
8.15079e-18	269.303	5370
8.38708e-18	277.829	5380
8.22848e-18	272.259	5390
8.28601e-18	274.101	5400
8.24256e-18	272.752	5410
8.09853e-18	267.427	5420
8.18358e-18	270.514	5430
8.12646e-18	268.497	5440
8.11948e-18	268.214	5450
8.07483e-18	266.588	5460
8.18546e-18	270.523	5470
8.03369e-18	265.239	5480
8.06678e-18	266.235	5490
8.16341e-18	269.718	5500
8.21406e-18	271.686	5510
8.1721e-18	270.067	5520
8.15231e-18	269.388	5530
8.21988e-18	271.753	5540
8.27947e-18	274.033	5550
8.20975e-18	271.526	5560
8.26271e-18	273.384	5570
8.08467e-18	266.987	5580
8.30319e-18	274.679	5590
8.25774e-18	273.285	5600
8.23888e-18	272.52	5610
8.21204e-18	271.52	5620
8.13824e-18	268.886	5630
8.19627e-18	270.933	5640
8.29368e-18	274.449	5650
8.37903e-18	277.566	5660
8.28258e-18	274.143	5670
8.18309e-18	270.501	5680
8.14737e-18	269.264	5690
8.08563e-18	266.869	5700
8.19822e-18	271.048	5710
8.27583e-18	273.846	5720
8.26326e-18	273.416	5730
8.17341e-18	270.134	5740
8.24645e-18	272.763	5750
8.17299e-18	270.195	5760
8.20911e-18	271.424	5770
8.18642e-18	270.65	5780
8.08604e-18	267.027	5790
8.0343e-18	265.116	5800
8.14585e-18	269.094	5810
8.28373e-18	274.126	5820
8.15665e-18	269.642	5830
8.13293e-18	268.706	5840
8.15983e-18	269.598	5850
8.09017e-18	267.267	5860
8.07431e-18	266.549	5870
8.15326e-18	269.368	5880
8.08215e-18	266.91	5890
8.05192e-18	265.777	5900
8.06114e-18	266.161	5910
8.04273e-18	265.341	5920
8.16704e-18	269.956	5930
7.9633e-18	262.65	5940
7.98765e-18	263.427	5950
8.06432e-18	266.082	5960
8.07139e-18	266.494	5970
8.01146e-18	264.253	5980
8.13664e-18	268.761	5990
8.14682e-18	269.277	6000
7.92459e-18	261.186	6010
7.96078e-18	262.393	6020
8.06979e-18	266.44	6030
8.09895e-18	267.372	6040
8.15147e-18	269.422	6050
8.05363e-18	265.854	6060
8.05742e-18	265.939	6070
8.02105e-18	264.664	6080
8.10428e-18	267.646	6090
8.02079e-18	264.632	6100
7.95597e-18	262.336	6110
8.02908e-18	264.811	6120
8.08146e-18	266.887	6130
8.00884e-18	264.244	6140
7.96918e-18	262.679	6150
8.21202e-18	271.517	6160
8.05063e-18	265.777	6170
8.05421e-18	265.883	6180
8.04312e-18	265.424	6190
8.03205e-18	264.97	6200
8.11497e-18	268.092	6210
7.99158e-18	263.615	6220
7.86901e-18	259.207	6230
7.97483e-18	262.912	6240
7.93264e-18	261.501	6250
7.96274e-18	262.509	6260
8.04987e-18	265.632	6270
7.96538e-18	262.719	6280
7.95549e-18	262.348	6290
7.96412e-18	262.516	6300
8.02766e-18	264.933	6310
7.87569e-18	259.384	6320
7.99061e-18	263.512	6330
7.96882e-18	262.763	6340
7.86604e-18	259.084	6350
7.94351e-18	261.749	6360
8.0351e-18	265.15	6370
8.03826e-18	265.297	6380
7.95161e-18	262.103	6390
8.02081e-18	264.618	6400
8.03164e-18	264.994	6410
8.04538e-18	265.524	6420
7.9888e-18	263.563	6430
7.94134e-18	261.712	6440
7.90968e-18	260.595	6450
7.95963e-18	262.438	6460
7.92948e-18	261.306	6470
8.04536e-18	265.439	6480
8.07839e-18	266.715	6490
7.91935e-18	261.039	6500
7.97134e-18	262.859	6510
8.07054e-18	266.354	6520
8.07456e-18	266.548	6530
8.10677e-18	267.747	6540
7.99284e-18	263.675	6550
8.00672e-18	264.06	6560
8.17799e-18	270.189	6570
8.21416e-18	271.712	6580
8.039e-18	265.266	6590
8.11565e-18	267.975	6600
8.17559e-18	270.253	6610
8.09001e-18	267.13	6620
8.20963e-18	271.443	6630
8.14657e-18	269.214	6640
8.17241e-18	270.119	6650
8.06533e-18	266.195	6660
8.12169e-18	268.328	6670
8.13701e-18	268.76	6680
8.22364e-18	271.945	6690
8.10633e-18	267.705	6700
8.17996e-18	270.339	6710
8.19373e-18	270.926	6720
8.12839e-18	268.468	6730
8.11329e-18	267.995	6740
8.09624e-18	267.295	6750
8.17363e-18	270.186	6760
8.1959e-18	270.882	6770
8.12444e-18	268.392	6780
8.21511e-18	271.53	6790
8.24794e-18	272.81	6800
8.22735e-18	272.143	6810
8.24337e-18	272.628	6820
8.24063e-18	272.604	6830
8.19893e-18	271.023	6840
8.22187e-18	271.861	6850
8.27277e-18	273.723	6860
8.30084e-18	274.701	6870
8.37784e-18	277.585	6880
8.38213e-18	277.659	6890
8.36231e-18	276.964	6900
8.44484e-18	279.873	6910
8.51827e-18	282.639	6920
8.47359e-18	280.957	6930
8.52476e-18	282.835	6940
8.56385e-18	284.216	6950
8.61478e-18	286.154	6960
8.38929e-18	278.095	6970
8.40618e-18	278.489	6980
8.62246e-18	286.305	6990
8.5206e-18	282.818	7000
8.41119e-18	278.94	7010
8.29406e-18	274.296	7020
8.48606e-18	281.507	7030
8.38778e-18	277.899	7040
8.42411e-18	279.116	7050
8.42433e-18	279.306	7060
8.25996e-18	273.169	7070
8.56056e-18	284.122	7080
8.42717e-18	279.362	7090
8.3531e-18	276.714	7100
8.43151e-18	279.45	7110
8.42185e-18	279.096	7120
8.48478e-18	281.404	7130
8.37121e-18	277.307	7140
8.44979e-18	280.117	7150
8.41248e-18	278.723	7160
8.37321e-18	277.497	7170
8.2207e-18	271.859	7180
8.14525e-18	269.137	7190
8.29543e-18	274.399	7200
8.38767e-18	277.965	7210
8.23609e-18	272.427	7220
8.34423e-18	276.265	7230
8.32543e-18	275.626	7240
8.32547e-18	275.671	7250
8.26327e-18	273.385	7260
8.19058e-18	270.788	7270
8.1623e-18	269.786	7280
8.21062e-18	271.468	7290
8.20929e-18	271.387	7300
8.16918e-18	270.029	7310
8.14548e-18	269.222	7320
8.08633e-18	266.947	7330
8.19566e-18	270.899	7340
8.28722e-18	274.206	7350
8.19113e-18	270.874	7360
8.12993e-18	268.556	7370
8.23727e-18	272.44	7380
8.12756e-18	268.496	7390
8.21984e-18	271.815	7400
8.22396e-18	272.007	7410
8.35496e-18	276.62	7420
8.22639e-18	272.102	7430
8.27167e-18	273.731	7440
8.22794e-18	272.137	7450
8.2476e-18	272.784	7460
8.31171e-18	275.098	7470
8.23144e-18	272.327	7480
8.18323e-18	270.513	7490
8.14496e-18	269.105	7500
8.24692e-18	272.788	7510
8.25686e-18	273.213	7520
8.14827e-18	269.3	7530
8.19678e-18	270.912	7540
8.14041e-18	269.038	7550
8.0253e-18	264.747	7560
8.13531e-18	268.748	7570
8.10023e-18	267.53	7580
8.06558e-18	266.325	7590
8.0851e-18	266.897	7600
8.11714e-18	268.122	7610
8.1431e-18	269.046	7620
8.2262e-18	272.014	7630
8.17942e-18	270.342	7640
8.16863e-18	270.056	7650
8.1922e-18	270.789	7660
8.17168e-18	270.109	7670
8.08608e-18	267.068	7680
8.16001e-18	269.487	7690
8.28232e-18	274.1	7700
8.26243e-18	273.402	7710
8.10914e-18	267.872	7720
8.18708e-18	270.596	7730
8.23383e-18	272.36	7740
8.18167e-18	270.46	7750
8.2137e-18	271.609	7760
8.15606e-18	269.582	7770
8.11818e-18	268.163	7780
8.08466e-18	266.972	7790
8.17046e-18	270.003	7800
8.10183e-18	267.639	7810
8.08556e-18	266.938	7820
8.18197e-18	270.39	7830
8.19691e-18	271.089	7840
8.12143e-18	268.258	7850
8.08873e-18	267.108	7860
8.14658e-18	269.029	7870
8.25659e-18	273.238	7880
8.25592e-18	273.044	7890
8.2838e-18	274.171	7900
8.21362e-18	271.605	7910
8.25746e-18	273.151	7920
8.23311e-18	272.32	7930
8.32961e-18	275.724	7940
8.30752e-18	275.003	7950
8.43001e-18	279.308	7960
8.40288e-18	278.565	7970
8.30027e-18	274.761	7980
8.19869e-18	271.073	7990
8.26527e-18	273.477	8000
8.21513e-18	271.597	8010
8.31547e-18	275.271	8020
8.35621e-18	276.672	8030
8.36349e-18	277.039	8040
8.35569e-18	276.719	8050
8.37294e-18	277.338	8060
8.33475e-18	276.092	8070
8.25483e-18	273.078	8080
8.33268e-18	275.985	8090
8.36794e-18	277.095	8100
8.31885e-18	275.573	8110
8.21485e-18	271.596	8120
8.32669e-18	275.648	8130
8.31269e-18	275.229	8140
8.16298e-18	269.916	8150
8.2713e-18	273.591	8160
8.24154e-18	272.703	8170
8.29258e-18	274.388	8180
8.32888e-18	275.847	8190
8.28702e-18	274.353	8200
8.20453e-18	271.243	8210
8.32858e-18	275.756	8220
8.24508e-18	272.761	8230
8.52279e-18	282.622	8240
8.42829e-18	279.501	8250
8.37075e-18	277.253	8260
8.30063e-18	274.837	8270
8.34157e-18	276.155	8280
8.39376e-18	278.18	8290
8.32224e-18	275.554	8300
8.34493e-18	276.336	8310
8.35703e-18	276.83	8320
8.34694e-18	276.278	8330
8.55984e-18	284.216	8340
8.38203e-18	277.77	8350
8.37852e-18	277.518	8360
8.42697e-18	279.308	8370
8.44326e-18	279.984	8380
8.35195e-18	276.614	8390
8.38511e-18	277.795	8400
8.35599e-18	276.851	8410
8.42738e-18	279.221	8420
8.43934e-18	279.879	8430
8.29252e-18	274.508	8440
8.31769e-18	275.409	8450
8.19788e-18	271.087	8460
8.23995e-18	272.558	8470
8.26001e-18	273.261	8480
8.24941e-18	272.899	8490
8.23296e-18	272.35	8500
8.16532e-18	269.895	8510
8.21869e-18	271.768	8520
8.17609e-18	270.363	8530
8.12281e-18	268.337	8540
8.09568e-18	267.401	8550
8.06037e-18	266.073	8560
7.95255e-18	262.27	8570
7.96203e-18	262.493	8580
8.02656e-18	264.819	8590
8.03316e-18	265.091	8600
7.92661e-18	261.326	8610
8.05575e-18	265.812	8620
8.00554e-18	264.243	8630
7.99171e-18	263.595	8640
7.91612e-18	260.846	8650
8.01629e-18	264.443	8660
7.92699e-18	261.214	8670
8.03933e-18	265.356	8680
8.03082e-18	265	8690
7.98481e-18	263.352	8700
8.03184e-18	265.067	8710
7.99472e-18	263.798	8720
7.92183e-18	260.999	8730
8.0836e-18	266.865	8740
8.06351e-18	266.244	8750
7.96688e-18	262.67	8760
8.09937e-18	267.442	8770
8.11388e-18	268.06	8780
8.11425e-18	267.97	8790
8.17867e-18	270.345	8800
8.1335e-18	268.807	8810
8.0117e-18	264.329	8820
8.09538e-18	267.277	8830
8.15759e-18	269.597	8840
8.13724e-18	268.877	8850
8.11388e-18	268.12	8860
8.02999e-18	264.865	8870
8.18388e-18	270.56	8880
8.18428e-18	270.542	8890
8.09732e-18	267.462	8900
8.09803e-18	267.46	8910
8.19431e-18	270.843	8920
8.23339e-18	272.387	8930
8.21826e-18	271.773	8940
8.17148e-18	270.155	8950
8.1313e-18	268.587	8960
8.25531e-18	273.106	8970
8.2141e-18	271.671	8980
8.13986e-18	268.99	8990
8.15145e-18	269.318	9000
8.24714e-18	272.871	9010
8.2893e-18	274.3	9020
8.24603e-18	272.83	9030
8.21711e-18	271.734	9040
8.20627e-18	271.429	9050
8.20102e-18	271.071	9060
8.29264e-18	274.537	9070
8.21062e-18	271.531	9080
8.28978e-18	274.289	9090
8.28217e-18	274.105	9100
8.26375e-18	273.508	9110
8.22209e-18	271.973	9120
8.14344e-18	269.035	9130
8.2524e-18	272.977	9140
8.3555e-18	276.752	9150
8.26767e-18	273.619	9160
8.36514e-18	277.013	9170
8.29401e-18	274.694	9180
8.22091e-18	271.765	9190
8.29457e-18	274.585	9200
8.37396e-18	277.275	9210
8.42755e-18	279.388	9220
8.35771e-18	276.836	9230
8.52795e-18	282.953	9240
8.5034e-18	282.138	9250
8.49751e-18	281.813	9260
8.3992e-18	278.337	9270
8.46742e-18	280.851	9280
8.32495e-18	275.695	9290
8.29829e-18	274.689	9300
8.31211e-18	275.109	9310
8.43113e-18	279.431	9320
8.42089e-18	279.213	9330
8.29386e-18	274.584	9340
8.22095e-18	271.865	9350
8.2827e-18	274.044	9360
8.33188e-18	275.992	9370
8.21749e-18	271.782	9380
8.17226e-18	270.115	9390
8.2126e-18	271.536	9400
8.27323e-18	273.703	9410
8.295e-18	274.549	9420
8.27921e-18	274.004	9430
8.26358e-18	273.456	9440
8.17497e-18	270.254	9450
8.21614e-18	271.698	9460
8.25418e-18	273.09	9470
8.31154e-18	275.096	9480
8.24273e-18	272.742	9490
8.29275e-18	274.432	9500
8.34073e-18	276.138	9510
8.29454e-18	274.691	9520
8.17704e-18	270.206	9530
8.36237e-18	276.91	9540
8.27866e-18	274.106	9550
8.12412e-18	268.356	9560
8.35257e-18	276.568	9570
8.33636e-18	276.083	9580
8.23557e-18	272.499	9590
8.21002e-18	271.35	9600
8.28758e-18	274.309	9610
8.27614e-18	273.886	9620
8.2279e-18	272.144	9630
8.34504e-18	276.311	9640
8.35756e-18	276.749	9650
8.38412e-18	277.816	9660
8.28745e-18	274.356	9670
8.33773e-18	276.09	9680
8.32614e-18	275.653	9690
8.40951e-18	278.648	9700
8.42575e-18	279.364	9710
8.30446e-18	274.936	9720
8.3347e-18	275.912	9730
8.44765e-18	280.082	9740
8.34974e-18	276.507	9750
8.38382e-18	277.833	9760
8.40859e-18	278.533	9770
8.37727e-18	277.625	9780
8.39932e-18	278.353	9790
8.40838e-18	278.632	9800
8.4081e-18	278.645	9810
8.37238e-18	277.402	9820
8.46249e-18	280.477	9830
8.50682e-18	282.206	9840
8.59269e-18	285.244	9850
8.57528e-18	284.746	9860
8.5845e-18	285.04	9870
8.55109e-18	283.723	9880
8.68179e-18	288.527	9890
8.53977e-18	283.45	9900
8.53078e-18	282.952	9910
8.62141e-18	286.368	9920
8.72541e-18	290.004	9930
8.70687e-18	289.575	9940
8.59295e-18	285.337	9950
8.57978e-18	284.858	9960
8.55348e-18	283.896	9970
8.65666e-18	287.538	9980
8.67175e-18	288.251	9990
8.59956e-18	285.524	10000
8.62641e-18	286.564	10010
8.63846e-18	286.894	10020
8.58199e-18	284.982	10030
8.54886e-18	283.762	10040
8.51204e-18	282.334	10050
8.6232e-18	286.444	10060
8.45477e-18	280.44	10070
8.50187e-18	281.853	10080
8.73147e-18	290.321	10090
8.4853e-18	281.567	10100
8.48767e-18	281.515	10110
8.48765e-18	281.548	10120
8.48781e-18	281.539	10130
8.47619e-18	281.041	10140
8.48173e-18	281.31	10150
8.52063e-18	282.666	10160
8.59019e-18	285.297	10170
8.47021e-18	280.834	10180
8.66152e-18	287.748	10190
8.55556e-18	284.135	10200
8.35712e-18	276.835	10210
8.51263e-18	282.287	10220
8.55771e-18	284.134	10230
8.49144e-18	281.64	10240
8.58387e-18	284.955	10250
8.53757e-18	283.398	10260
8.52876e-18	283.054	10270
8.44518e-18	279.99	10280
8.47536e-18	281.059	10290
8.57433e-18	284.552	10300
8.6405e-18	287.092	10310
8.54654e-18	283.767	10320
8.44328e-18	279.918	10330
8.31883e-18	275.476	10340
8.48405e-18	281.302	10350
8.49408e-18	281.817	10360
8.42969e-18	279.429	10370
8.48539e-18	281.429	10380
8.39797e-18	278.358	10390
8.32743e-18	275.683	10400
8.31292e-18	275.281	10410
8.26413e-18	273.389	10420
8.42588e-18	279.239	10430
8.38342e-18	277.799	10440
8.34107e-18	276.322	10450
8.17237e-18	270.159	10460
8.18416e-18	270.521	10470
8.25453e-18	273.113	10480
8.24073e-18	272.568	10490
8.3179e-18	275.364	10500
8.29406e-18	274.57	10510
8.09905e-18	267.516	10520
8.13317e-18	268.765	10530
8.15791e-18	269.513	10540
8.21419e-18	271.69	10550
8.15512e-18	269.485	10560
8.09208e-18	267.231	10570
8.18802e-18	270.608	10580
8.20767e-18	271.444	10590
8.19424e-18	270.838	10600
8.2366e-18	272.5	10610
8.17002e-18	270.079	10620
8.00722e-18	264.196	10630
8.10713e-18	267.787	10640
8.09087e-18	267.104	10650
8.26143e-18	273.299	10660
8.25283e-18	273.056	10670
8.22526e-18	272.136	10680
8.10407e-18	267.614	10690
8.21123e-18	271.483	10700
8.21555e-18	271.759	10710
8.17938e-18	270.295	10720
8.34291e-18	276.333	10730
8.32159e-18	275.529	10740
8.26882e-18	273.645	10750
8.2883e-18	274.27	10760
8.29443e-18	274.521	10770
8.36008e-18	276.9	10780
8.25028e-18	272.933	10790
8.21989e-18	271.95	10800
8.32138e-18	275.368	10810
8.35308e-18	276.739	10820
8.30845e-18	275.1	10830
8.29298e-18	274.482	10840
8.18836e-18	270.756	10850
8.29e-18	274.278	10860
8.33903e-18	276.171	10870
8.21276e-18	271.688	10880
8.17511e-18	270.184	10890
8.28761e-18	274.269	10900
8.27307e-18	273.788	10910
8.20916e-18	271.5	10920
8.27639e-18	273.825	10930
8.28841e-18	274.346	10940
8.23922e-18	272.615	10950
8.18475e-18	270.575	10960
8.23307e-18	272.295	10970
8.21179e-18	271.608	10980
8.14522e-18	269.142	10990
8.26154e-18	273.248	11000
8.23105e-18	272.384	11010
8.11952e-18	268.209	11020
8.1874e-18	270.682	11030
8.16864e-18	270.041	11040
8.03609e-18	265.197	11050
8.16089e-18	269.659	11060
8.15631e-18	269.633	11070
8.10132e-18	267.503	11080
8.05099e-18	265.831	11090
8.06336e-18	266.129	11100
8.12071e-18	268.285	11110
8.11344e-18	268.012	11120
8.11331e-18	267.984	11130
8.0404e-18	265.367	11140
8.03872e-18	265.33	11150
8.05694e-18	265.976	11160
8.15732e-18	269.477	11170
8.11452e-18	268.166	11180
8.07303e-18	266.449	11190
8.20796e-18	271.417	11200
8.14806e-18	269.231	11210
8.05666e-18	266.066	11220
8.09071e-18	267.059	11230
8.1186e-18	268.203	11240
8.09489e-18	267.345	11250
8.1477e-18	269.168	11260
8.15838e-18	269.572	11270
8.15867e-18	269.658	11280
8.22971e-18	272.181	11290
8.20437e-18	271.342	11300
8.2126e-18	271.498	11310
8.29763e-18	274.667	11320
8.3921e-18	277.98	11330
8.40875e-18	278.737	11340
8.33175e-18	275.918	11350
8.35877e-18	276.838	11360
8.30045e-18	274.842	11370
8.27578e-18	273.728	11380
8.47129e-18	280.858	11390
8.43129e-18	279.567	11400
8.36099e-18	276.923	11410
8.33981e-18	276.162	11420
8.35906e-18	276.935	11430
8.34449e-18	276.299	11440
8.47072e-18	280.901	11450
8.43187e-18	279.511	11460
8.49675e-18	281.851	11470
8.42441e-18	279.269	11480
8.42952e-18	279.374	11490
8.34805e-18	276.522	11500
8.46567e-18	280.703	11510
8.40491e-18	278.515	11520
8.52671e-18	282.972	11530
8.46425e-18	280.766	11540
8.34383e-18	276.393	11550
8.36271e-18	276.983	11560
8.36238e-18	276.911	11570
8.54897e-18	283.763	11580
8.45225e-18	280.283	11590
8.32291e-18	275.617	11600
8.30018e-18	274.786	11610
8.31532e-18	275.183	11620
8.47742e-18	281.1	11630
8.44611e-18	280.059	11640
8.43285e-18	279.585	11650
8.36298e-18	276.989	11660
8.35613e-18	276.882	11670
8.19577e-18	270.952	11680
8.44575e-18	279.934	11690
8.42105e-18	279.19	11700
8.3437e-18	276.201	11710
8.40305e-18	278.568	11720
8.30221e-18	274.728	11730
8.46856e-18	280.863	11740
8.33053e-18	275.92	11750
8.24748e-18	272.836	11760
8.24644e-18	272.804	11770
8.39774e-18	278.272	11780
8.24622e-18	272.888	11790
8.11902e-18	268.247	11800
8.22863e-18	272.109	11810
8.10907e-18	267.884	11820
8.11701e-18	267.989	11830
8.32991e-18	275.772	11840
8.2771e-18	273.949	11850
8.22032e-18	271.942	11860
8.14984e-18	269.263	11870
8.21272e-18	271.543	11880
8.30989e-18	274.992	11890
8.30097e-18	274.872	11900
8.33528e-18	276.044	11910
8.13971e-18	269.008	11920
8.19094e-18	270.734	11930
8.26472e-18	273.418	11940
8.27177e-18	273.72	11950
8.22452e-18	272.1	11960
8.20318e-18	271.222	11970
8.18826e-18	270.776	11980
8.20777e-18	271.364	11990
8.21863e-18	271.777	12000
8.22039e-18	271.894	12010
8.22948e-18	272.145	12020
8.28699e-18	274.216	12030
8.25471e-18	273.135	12040
8.23005e-18	272.237	12050
8.23444e-18	272.308	12060
8.28275e-18	274.158	12070
8.24017e-18	272.588	12080
8.23697e-18	272.438	12090
8.26388e-18	273.399	12100
8.38223e-18	277.695	12110
8.29098e-18	274.53	12120
8.23718e-18	272.482	12130
8.17835e-18	270.324	12140
8.18759e-18	270.686	12150
8.23572e-18	272.38	12160
8.22429e-18	272.076	12170
8.12706e-18	268.484	12180
8.13904e-18	268.916	12190
8.20636e-18	271.285	12200
8.23878e-18	272.552	12210
8.14698e-18	269.264	12220
8.14343e-18	269.132	12230
8.02418e-18	264.825	12240
8.20913e-18	271.342	12250
8.17689e-18	270.362	12260
8.13039e-18	268.536	12270
8.25255e-18	272.939	12280
8.17067e-18	270.147	12290
8.2422e-18	272.633	12300
8.27376e-18	273.737	12310
8.34289e-18	276.257	12320
8.19072e-18	270.957	12330
8.13315e-18	268.642	12340
8.28949e-18	274.32	12350
8.21591e-18	271.799	12360
8.21772e-18	271.759	12370
8.24234e-18	272.708	12380
8.1678e-18	269.955	12390
8.31234e-18	275.203	12400
8.15876e-18	269.593	12410
8.29389e-18	274.607	12420
8.1472e-18	269.228	12430
8.16338e-18	269.849	12440
8.11359e-18	268.017	12450
8.11824e-18	268.208	12460
8.0252e-18	264.869	12470
8.07349e-18	266.466	12480
8.09148e-18	267.287	12490
7.96609e-18	262.732	12500
7.99534e-18	263.668	12510
8.01869e-18	264.579	12520
8.06614e-18	266.265	12530
8.07013e-18	266.41	12540
8.18426e-18	270.562	12550
8.03272e-18	265.182	12560
8.08821e-18	266.916	12570
8.20693e-18	271.432	12580
8.15748e-18	269.625	12590
8.03649e-18	265.283	12600
8.00666e-18	264.039	12610
8.15704e-18	269.542	12620
8.2542e-18	273.065	12630
8.26541e-18	273.524	12640
8.17055e-18	270.082	12650
8.11602e-18	268.164	12660
8.17635e-18	270.127	12670
8.34547e-18	276.385	12680
8.18394e-18	270.62	12690
8.29408e-18	274.462	12700
8.28973e-18	274.405	12710
8.21883e-18	271.768	12720
8.36189e-18	276.891	12730
8.45269e-18	280.232	12740
8.37706e-18	277.637	12750
8.27806e-18	273.937	12760
8.41511e-18	278.814	12770
8.44987e-18	280.25	12780
8.36146e-18	277.017	12790
8.37389e-18	277.355	12800
8.46839e-18	280.778	12810
8.50545e-18	282.15	12820
8.56239e-18	284.165	12830
8.54253e-18	283.615	12840
8.49753e-18	281.792	12850
8.61487e-18	286.126	12860
8.62057e-18	286.298	12870
8.56278e-18	284.421	12880
8.5275e-18	282.878	12890
8.60272e-18	285.719	12900
8.5113e-18	282.474	12910
8.512e-18	282.401	12920
8.58056e-18	284.967	12930
8.50497e-18	282.13	12940
8.58345e-18	284.893	12950
8.69989e-18	289.22	12960
8.48147e-18	281.438	12970
8.37105e-18	277.307	12980
8.40657e-18	278.6	12990
8.46877e-18	280.836	13000
8.35396e-18	276.742	13010
8.36787e-18	277.127	13020
8.40791e-18	278.631	13030
8.40844e-18	278.679	13040
8.3461e-18	276.472	13050
8.34205e-18	276.322	13060
8.33439e-18	275.932	13070
8.31422e-18	275.37	13080
8.26828e-18	273.483	13090
8.31606e-18	275.386	13100
8.29511e-18	274.572	13110
8.29235e-18	274.435	13120
8.31697e-18	275.47	13130
8.19098e-18	270.824	13140
8.26207e-18	273.381	13150
8.17695e-18	270.331	13160
8.2005e-18	271.158	13170
8.19986e-18	271.101	13180
8.19711e-18	271.005	13190
8.19736e-18	271.184	13200
8.1741e-18	270.138	13210
8.29863e-18	274.663	13220
8.34852e-18	276.489	13230
8.23439e-18	272.477	13240
8.19317e-18	270.925	13250
8.08081e-18	266.899	13260
8.25839e-18	273.218	13270
8.2842e-18	274.165	13280
8.29081e-18	274.485	13290
8.37342e-18	277.322	13300
8.46297e-18	280.619	13310
8.34256e-18	276.332	13320
8.49817e-18	281.768	13330
8.44997e-18	280.382	13340
8.35712e-18	276.7	13350
8.48658e-18	281.538	13360
8.40721e-18	278.525	13370
8.56619e-18	284.443	13380
8.50466e-18	282.281	13390
8.30125e-18	274.815	13400
8.44132e-18	279.83	13410
8.55306e-18	283.834	13420
8.49528e-18	281.93	13430
8.40316e-18	278.547	13440
8.3974e-18	278.287	13450
8.50929e-18	282.249	13460
8.47423e-18	281.097	13470
8.25912e-18	273.463	13480
8.32304e-18	275.555	13490
8.26683e-18	273.532	13500
8.37392e-18	277.399	13510
8.35303e-18	276.781	13520
8.3019e-18	274.85	13530
8.2497e-18	273.021	13540
8.21146e-18	271.544	13550
8.18713e-18	270.659	13560
8.38249e-18	277.661	13570
8.33904e-18	276.282	13580
8.15821e-18	269.678	13590
8.30139e-18	274.742	13600
8.32016e-18	275.578	13610
8.25346e-18	273.137	13620
8.20485e-18	271.361	13630
8.22716e-18	272.114	13640
8.2673e-18	273.553	13650
8.18198e-18	270.6	13660
8.15882e-18	269.666	13670
8.293e-18	274.377	13680
8.36272e-18	277.053	13690
8.31183e-18	275.254	13700
8.34861e-18	276.431	13710
8.38326e-18	277.756	13720
8.37668e-18	277.566	13730
8.38324e-18	277.752	13740
8.32586e-18	275.734	13750
8.38863e-18	277.945	13760
8.42995e-18	279.47	13770
8.39025e-18	278.033	13780
8.47327e-18	280.949	13790
8.49946e-18	281.951	13800
8.46917e-18	280.939	13810
8.46012e-18	280.556	13820
8.44783e-18	280.062	13830
8.46846e-18	280.825	13840
8.47762e-18	281.196	13850
8.56995e-18	284.455	13860
8.48779e-18	281.648	13870
8.48911e-18	281.563	13880
8.44265e-18	279.968	13890
8.39475e-18	278.166	13900
8.53552e-18	283.12	13910
8.66456e-18	287.945	13920
8.41775e-18	279.205	13930
8.38527e-18	277.718	13940
8.50669e-18	282.341	13950
8.41886e-18	279.116	13960
8.30536e-18	275.052	13970
8.32595e-18	275.603	13980
8.37836e-18	277.695	13990
8.3319e-18	275.883	14000
8.32e-18	275.482	14010
8.31681e-18	275.392	14020
8.32422e-18	275.636	14030
8.26819e-18	273.553	14040
8.37108e-18	277.302	14050
8.40509e-18	278.561	14060
8.32471e-18	275.771	14070
8.27554e-18	273.805	14080
8.30419e-18	274.927	14090
8.38224e-18	277.661	14100
8.35387e-18	276.874	14110
8.2592e-18	273.194	14120
8.31246e-18	275.276	14130
8.24731e-18	272.851	14140
8.28484e-18	274.213	14150
8.21623e-18	271.738	14160
8.25653e-18	273.279	14170
8.09978e-18	267.57	14180
8.16514e-18	269.834	14190
8.21246e-18	271.592	14200
8.22699e-18	272.128	14210
8.20045e-18	271.212	14220
8.21945e-18	271.858	14230
8.15221e-18	269.372	14240
8.22603e-18	272.153	14250
8.21511e-18	271.648	14260
8.24964e-18	273.099	14270
8.02514e-18	264.802	14280
8.09668e-18	267.38	14290
8.33103e-18	275.836	14300
8.37486e-18	277.483	14310
8.29193e-18	274.574	14320
8.23223e-18	272.36	14330
8.15698e-18	269.635	14340
8.22612e-18	272.059	14350
8.25526e-18	273.135	14360
8.32113e-18	275.612	14370
8.10413e-18	267.734	14380
8.26237e-18	273.333	14390
8.34868e-18	276.529	14400
8.11121e-18	268.108	14410
8.20436e-18	271.141	14420
8.34225e-18	276.328	14430
8.21417e-18	271.768	14440
8.07867e-18	266.732	14450
8.24719e-18	272.746	14460
8.36512e-18	277.169	14470
8.22374e-18	272.001	14480
8.26879e-18	273.677	14490
8.25638e-18	273.275	14500
8.16747e-18	269.936	14510
8.25141e-18	273.106	14520
8.2139e-18	271.625	14530
8.35767e-18	276.791	14540
8.31451e-18	275.275	14550
8.35482e-18	276.862	14560
8.3093e-18	275.096	14570
8.29498e-18	274.567	14580
8.36161e-18	276.992	14590
8.43878e-18	279.752	14600
8.38643e-18	277.934	14610
8.41121e-18	278.776	14620
8.43922e-18	279.797	14630
8.46481e-18	280.731	14640
8.43692e-18	279.817	14650
8.33938e-18	276.209	14660
8.29925e-18	274.828	14670
8.24135e-18	272.698	14680
8.27012e-18	273.621	14690
8.367e-18	277.228	14700
8.28785e-18	274.368	14710
8.45978e-18	280.447	14720
8.42235e-18	279.3	14730
8.26334e-18	273.492	14740
8.33203e-18	275.865	14750
8.33852e-18	276.248	14760
8.3055e-18	275.047	14770
8.24602e-18	272.847	14780
8.26617e-18	273.525	14790
8.37985e-18	277.514	14800
8.44521e-18	280.162	14810
8.19133e-18	270.954	14820
8.1433e-18	269.11	14830
8.27573e-18	273.765	14840
8.43546e-18	279.694	14850
8.36625e-18	277.156	14860
8.38707e-18	277.942	14870
8.24076e-18	272.754	14880
8.19656e-18	271.095	14890
8.2193e-18	271.705	14900
8.34291e-18	276.357	14910
8.18588e-18	270.751	14920
8.19955e-18	271.13	14930
8.2139e-18	271.705	14940
8.29745e-18	274.698	14950
8.26319e-18	273.429	14960
8.28402e-18	274.258	14970
8.13235e-18	268.752	14980
8.172e-18	270.148	14990
8.18966e-18	270.823	15000
8.12455e-18	268.464	15010
8.16659e-18	269.936	15020
8.1321e-18	268.7	15030
8.2575e-18	273.2	15040
8.147e-18	269.381	15050
8.03857e-18	265.268	15060
8.17963e-18	270.444	15070
8.11254e-18	267.971	15080
8.282e-18	274.073	15090
8.24835e-18	272.946	15100
8.27699e-18	273.996	15110
8.11187e-18	267.983	15120
8.31443e-18	275.242	15130
8.30534e-18	275.039	15140
8.17097e-18	270.078	15150
8.22418e-18	272.085	15160
8.18588e-18	270.702	15170
8.21584e-18	271.696	15180
8.27486e-18	273.874	15190
8.25007e-18	273.005	15200
8.20431e-18	271.362	15210
8.21126e-18	271.579	15220
8.2555e-18	273.168	15230
8.20816e-18	271.511	15240
8.28066e-18	274.039	15250
8.31723e-18	275.462	15260
8.20295e-18	271.378	15270
8.18094e-18	270.353	15280
8.26082e-18	273.51	15290
8.05047e-18	265.808	15300
8.21808e-18	271.714	15310
8.26032e-18	273.405	15320
8.08907e-18	267.213	15330
8.11079e-18	267.986	15340
8.09597e-18	267.432	15350
8.09154e-18	267.25	15360
7.96929e-18	262.901	15370
8.10043e-18	267.523	15380
8.03298e-18	265.175	15390
7.97656e-18	263.232	15400
7.95944e-18	262.325	15410
8.0832e-18	266.992	15420
7.9551e-18	262.337	15430
8.04719e-18	265.591	15440
8.1125e-18	268.027	15450
8.0201e-18	264.75	15460
7.97541e-18	263.014	15470
8.14159e-18	269.072	15480
8.0502e-18	265.809	15490
8.03969e-18	265.395	15500
8.05641e-18	265.931	15510
8.16316e-18	269.797	15520
8.12897e-18	268.714	15530
7.96382e-18	262.697	15540
8.02522e-18	264.753	15550
8.0548e-18	266.021	15560
8.05823e-18	266.033	15570
8.05989e-18	266.096	15580
8.16591e-18	269.929	15590
8.11091e-18	268.002	15600
8.01966e-18	264.662	15610
7.99242e-18	263.617	15620
8.09146e-18	267.248	15630
8.04958e-18	265.704	15640
8.04057e-18	265.501	15650
8.01131e-18	264.328	15660
7.98179e-18	263.305	15670
8.03714e-18	265.197	15680
8.12084e-18	268.347	15690
8.04206e-18	265.517	15700
7.98346e-18	263.33	15710
8.05673e-18	265.944	15720
7.9995e-18	263.999	15730
7.98267e-18	263.333	15740
7.94159e-18	261.845	15750
7.94325e-18	261.896	15760
7.94673e-18	262.038	15770
8.01642e-18	264.532	15780
8.07874e-18	266.739	15790
7.99547e-18	263.846	15800
8.00955e-18	264.204	15810
8.12288e-18	268.333	15820
8.17185e-18	270.156	15830
8.13753e-18	268.978	15840
7.99748e-18	263.94	15850
8.00982e-18	264.264	15860
8.08852e-18	267.128	15870
8.15711e-18	269.568	15880
8.13998e-18	269.123	15890
8.03698e-18	265.205	15900
8.21995e-18	271.844	15910
8.08172e-18	266.978	15920
8.12479e-18	268.417	15930
8.23215e-18	272.272	15940
8.13554e-18	269.009	15950
8.13244e-18	268.573	15960
8.17305e-18	270.275	15970
8.26956e-18	273.539	15980
8.29555e-18	274.739	15990
8.10716e-18	267.812	16000
8.2265e-18	272.12	16010
8.18809e-18	270.753	16020
8.2611e-18	273.356	16030
8.28902e-18	274.404	16040
8.39108e-18	277.923	16050
8.42145e-18	279.312	16060
8.25183e-18	273.046	16070
8.30408e-18	274.976	16080
8.25052e-18	272.967	16090
8.27069e-18	273.773	16100
8.20052e-18	271.2	16110
8.18878e-18	270.677	16120
8.37079e-18	277.316	16130
8.31303e-18	275.29	16140
8.34326e-18	276.336	16150
8.36226e-18	276.991	16160
8.42207e-18	279.263	16170
8.33773e-18	276.221	16180
8.28412e-18	274.263	16190
8.41877e-18	278.927	16200
8.40854e-18	278.78	16210
8.31867e-18	275.442	16220
8.42194e-18	279.184	16230
8.51923e-18	282.648	16240
8.49145e-18	281.806	16250
8.43724e-18	279.781	16260
8.37921e-18	277.63	16270
8.43505e-18	279.718	16280
8.31244e-18	275.291	16290
8.31483e-18	275.22	16300
8.3237e-18	275.7	16310
8.32614e-18	275.809	16320
8.23688e-18	272.492	16330
8.30216e-18	274.914	16340
8.16801e-18	270.085	16350
8.29188e-18	274.372	16360
8.3119e-18	275.352	16370
8.15979e-18	269.742	16380
8.12032e-18	268.22	16390
8.20624e-18	271.406	16400
8.18347e-18	270.599	16410
8.18696e-18	270.731	16420
8.1441e-18	269.08	16430
8.21721e-18	271.809	16440
8.18739e-18	270.762	16450
8.11921e-18	268.366	16460
8.09832e-18	267.423	16470
8.16629e-18	270.008	16480
7.94396e-18	262.045	16490
8.01078e-18	264.272	16500
7.99139e-18	263.624	16510
8.02576e-18	264.874	16520
8.0622e-18	266.153	16530
8.00576e-18	264.293	16540
7.93521e-18	261.521	16550
8.01862e-18	264.589	16560
8.07378e-18	266.581	16570
8.07842e-18	266.803	16580
8.09496e-18	267.354	16590
8.10138e-18	267.615	16600
8.13783e-18	268.924	16610
8.07443e-18	266.71	16620
8.06098e-18	266.069	16630
8.0689e-18	266.511	16640
8.07453e-18	266.592	16650
8.0549e-18	266.065	16660
8.07473e-18	266.558	16670
8.01901e-18	264.737	16680
7.96407e-18	262.647	16690
8.03689e-18	265.206	16700
8.04326e-18	265.608	16710
7.96546e-18	262.741	16720
7.85129e-18	258.545	16730
8.03726e-18	265.201	16740
8.0638e-18	266.302	16750
7.8905e-18	260.127	16760
7.92554e-18	261.11	16770
7.96956e-18	262.951	16780
7.99275e-18	263.639	16790
7.99768e-18	263.866	16800
7.95556e-18	262.46	16810
7.95326e-18	262.136	16820
7.99481e-18	263.853	16830
7.92422e-18	261.223	16840
7.99476e-18	263.654	16850
8.02453e-18	264.913	16860
7.9547e-18	262.29	16870
7.96095e-18	262.585	16880
8.03742e-18	265.211	16890
8.10432e-18	267.743	16900
8.04243e-18	265.567	16910
7.8476e-18	258.634	16920
7.78827e-18	256.167	16930
7.8912e-18	259.972	16940
7.98773e-18	263.448	16950
8.01918e-18	264.664	16960
8.07463e-18	266.563	16970
8.16508e-18	269.921	16980
7.9996e-18	264.025	16990
8.00935e-18	264.295	17000
7.99529e-18	263.801	17010
7.99034e-18	263.612	17020
7.98492e-18	263.406	17030
7.96673e-18	262.793	17040
7.91851e-18	261.006	17050
8.0106e-18	264.341	17060
7.96329e-18	262.643	17070
8.03824e-18	265.309	17080
8.00843e-18	264.342	17090
7.88701e-18	259.942	17100
7.90911e-18	260.583	17110
8.01176e-18	264.42	17120
7.91604e-18	260.987	17130
7.89346e-18	260.1	17140
7.76533e-18	255.561	17150
7.9017e-18	260.372	17160
7.81218e-18	257.22	17170
7.88077e-18	259.593	17180
7.83052e-18	257.906	17190
7.76753e-18	255.531	17200
7.78599e-18	256.143	17210
7.89912e-18	260.345	17220
7.73033e-18	254.374	17230
7.6645e-18	251.804	17240
7.70799e-18	253.36	17250
7.73067e-18	254.228	17260
7.76097e-18	255.287	17270
7.7536e-18	255.057	17280
7.74968e-18	254.874	17290
7.79736e-18	256.641	17300
7.78373e-18	256.199	17310
7.85932e-18	258.779	17320
7.8853e-18	259.829	17330
7.89279e-18	260.109	17340
7.9429e-18	261.864	17350
7.88846e-18	259.955	17360
7.89555e-18	260.219	17370
7.85005e-18	258.488	17380
7.83352e-18	258.006	17390
7.8083e-18	256.991	17400
7.92427e-18	261.195	17410
7.87873e-18	259.552	17420
7.88042e-18	259.638	17430
7.93722e-18	261.684	17440
7.96251e-18	262.546	17450
8.01241e-18	264.472	17460
7.83269e-18	257.97	17470
7.90816e-18	260.564	17480
7.95265e-18	262.248	17490
7.98934e-18	263.575	17500
7.81843e-18	257.589	17510
7.78144e-18	255.893	17520
7.90188e-18	260.427	17530
7.83024e-18	257.837	17540
7.92981e-18	261.394	17550
7.91315e-18	260.788	17560
7.96314e-18	262.683	17570
7.9241e-18	261.188	17580
7.89025e-18	260.054	17590
7.79234e-18	256.451	17600
7.87508e-18	259.362	17610
8.01061e-18	264.28	17620
8.04112e-18	265.476	17630
7.98902e-18	263.585	17640
7.90015e-18	260.331	17650
7.9798e-18	263.171	17660
7.95476e-18	262.328	17670
8.03963e-18	265.355	17680
7.9837e-18	263.405	17690
8.05082e-18	265.692	17700
8.17498e-18	270.253	17710
8.1534e-18	269.492	17720
8.23006e-18	272.277	17730
8.13934e-18	269.032	17740
8.13381e-18	268.721	17750
8.10064e-18	267.703	17760
8.22285e-18	271.79	17770
8.32693e-18	275.843	17780
8.15987e-18	269.755	17790
8.23794e-18	272.493	17800
8.21124e-18	271.645	17810
8.21322e-18	271.614	17820
8.34253e-18	276.288	17830
8.28256e-18	274.312	17840
8.20034e-18	271.076	17850
8.28698e-18	274.343	17860
8.28599e-18	274.301	17870
8.22728e-18	272.138	17880
8.18626e-18	270.703	17890
8.2566e-18	273.202	17900
8.30414e-18	274.929	17910
8.17777e-18	270.456	17920
8.26931e-18	273.599	17930
8.26008e-18	273.356	17940
8.26634e-18	273.489	17950
8.40182e-18	278.429	17960
8.54143e-18	283.45	17970
8.48412e-18	281.587	17980
8.4374e-18	279.63	17990
8.5331e-18	283.244	18000
8.456e-18	280.468	18010
8.41897e-18	279.034	18020
8.54979e-18	283.815	18030
8.47166e-18	281.02	18040
8.50735e-18	282.364	18050
8.41195e-18	278.773	18060
8.5645e-18	284.34	18070
8.5921e-18	285.282	18080
8.66028e-18	287.839	18090
8.57809e-18	284.852	18100
8.58526e-18	285.023	18110
8.56187e-18	284.301	18120
8.4582e-18	280.559	18130
8.4546e-18	280.233	18140
8.5278e-18	283.189	18150
8.3283e-18	275.886	18160
8.34568e-18	276.281	18170
8.47057e-18	281.038	18180
8.30672e-18	274.922	18190
8.51146e-18	282.373	18200
8.50482e-18	282.218	18210
8.41344e-18	278.959	18220
8.39803e-18	278.287	18230
8.42177e-18	279.193	18240
8.47756e-18	281.182	18250
8.43575e-18	279.75	18260
8.41132e-18	278.872	18270
8.34633e-18	276.398	18280
8.43221e-18	279.611	18290
8.39755e-18	278.318	18300
8.48138e-18	281.235	18310
8.4082e-18	278.807	18320
8.38139e-18	277.83	18330
8.34723e-18	276.407	18340
8.45701e-18	280.323	18350
8.53296e-18	283.279	18360
8.43172e-18	279.531	18370
8.44408e-18	280.002	18380
8.24913e-18	273.163	18390
8.24268e-18	272.579	18400
8.32761e-18	275.791	18410
8.38021e-18	277.691	18420
8.37244e-18	277.439	18430
8.32304e-18	275.697	18440
8.32207e-18	275.498	18450
8.30074e-18	274.94	18460
8.18164e-18	270.534	18470
8.30522e-18	274.959	18480
8.11642e-18	268.298	18490
8.19293e-18	270.744	18500
8.34314e-18	276.3	18510
8.30954e-18	275.175	18520
8.33552e-18	276.101	18530
8.28369e-18	274.243	18540
8.18856e-18	270.78	18550
8.2956e-18	274.54	18560
8.33186e-18	275.985	18570
8.32564e-18	275.715	18580
8.14586e-18	269.328	18590
8.2075e-18	271.405	18600
8.22655e-18	272.13	18610
8.15712e-18	269.636	18620
8.27744e-18	273.896	18630
8.19467e-18	271.109	18640
8.1659e-18	269.883	18650
8.16387e-18	269.956	18660
8.01596e-18	264.53	18670
8.12827e-18	268.467	18680
8.21519e-18	271.787	18690
8.13466e-18	268.784	18700
8.09157e-18	267.34	18710
8.05941e-18	266.009	18720
8.12854e-18	268.619	18730
8.12775e-18	268.551	18740
8.11319e-18	268.017	18750
8.00987e-18	264.31	18760
8.07012e-18	266.486	18770
8.09356e-18	267.319	18780
8.08611e-18	267.045	18790
8.11102e-18	267.998	18800
8.05117e-18	265.878	18810
8.05416e-18	265.878	18820
8.07913e-18	266.806	18830
8.1307e-18	268.656	18840
8.10806e-18	267.966	18850
7.98198e-18	263.241	18860
7.92633e-18	261.385	18870
7.9981e-18	263.782	18880
8.1654e-18	269.827	18890
8.16022e-18	269.835	18900
8.01055e-18	264.35	18910
8.05674e-18	265.948	18920
8.05542e-18	266.003	18930
8.02424e-18	264.811	18940
8.06079e-18	266.196	18950
8.00115e-18	264.021	18960
8.13146e-18	268.632	18970
8.06885e-18	266.534	18980
7.95279e-18	262.181	18990
8.02774e-18	265.002	19000
8.00468e-18	264.055	19010
8.1248e-18	268.53	19020
8.07156e-18	266.442	19030
8.17032e-18	270.115	19040
8.04033e-18	265.463	19050
8.03669e-18	265.253	19060
8.04415e-18	265.504	19070
8.0824e-18	266.908	19080
8.13451e-18	268.808	19090
8.16255e-18	269.826	19100
8.08886e-18	267.181	19110
8.13609e-18	268.846	19120
8.10237e-18	267.657	19130
8.08006e-18	266.934	19140
8.09183e-18	267.226	19150
8.15647e-18	269.585	19160
8.15339e-18	269.479	19170
8.20493e-18	271.392	19180
8.15397e-18	269.621	19190
8.08617e-18	266.926	19200
8.28527e-18	274.255	19210
8.23059e-18	272.303	19220
8.21951e-18	271.975	19230
8.20184e-18	271.126	19240
8.31708e-18	275.391	19250
8.09352e-18	267.515	19260
8.09991e-18	267.461	19270
8.263e-18	273.403	19280
8.24811e-18	272.935	19290
8.23218e-18	272.299	19300
8.25168e-18	273.099	19310
8.21367e-18	271.713	19320
8.24108e-18	272.618	19330
8.26123e-18	273.371	19340
8.29186e-18	274.455	19350
8.2452e-18	272.83	19360
8.16129e-18	269.856	19370
8.22482e-18	271.917	19380
8.35424e-18	276.724	19390
8.3536e-18	276.8	19400
8.2355e-18	272.457	19410
8.36622e-18	277.11	19420
8.39727e-18	278.339	19430
8.23028e-18	272.335	19440
8.14845e-18	269.325	19450
8.27277e-18	273.676	19460
8.37474e-18	277.374	19470
8.44457e-18	280.066	19480
8.35267e-18	276.726	19490
8.28187e-18	274.143	19500
8.27634e-18	273.966	19510
8.35951e-18	276.932	19520
8.17859e-18	270.352	19530
8.49414e-18	281.635	19540
8.4936e-18	281.939	19550
8.26169e-18	273.454	19560
8.31215e-18	275.141	19570
8.29484e-18	274.66	19580
8.33879e-18	276.096	19590
8.46745e-18	280.878	19600
8.32882e-18	275.775	19610
8.36732e-18	277.255	19620
8.36858e-18	277.223	19630
8.39248e-18	278.179	19640
8.32371e-18	275.628	19650
8.44615e-18	280.001	19660
8.54568e-18	283.619	19670
8.4826e-18	281.428	19680
8.36941e-18	277.383	19690
8.19381e-18	270.965	19700
8.44535e-18	279.841	19710
8.42461e-18	279.446	19720
8.37362e-18	277.436	19730
8.38078e-18	277.673	19740
8.40751e-18	278.701	19750
8.38912e-18	278.015	19760
8.38914e-18	278.035	19770
8.37742e-18	277.538	19780
8.44286e-18	279.899	19790
8.48302e-18	281.435	19800
8.46309e-18	280.676	19810
8.45858e-18	280.483	19820
8.48792e-18	281.604	19830
8.58006e-18	284.902	19840
8.57204e-18	284.539	19850
8.5787e-18	284.911	19860
8.50397e-18	282.112	19870
8.55162e-18	283.935	19880
8.55818e-18	284.108	19890
8.47282e-18	281.034	19900
8.57154e-18	284.617	19910
8.42393e-18	279.351	19920
8.42684e-18	279.256	19930
8.68116e-18	288.567	19940
8.54961e-18	283.885	19950
8.41046e-18	278.919	19960
8.45042e-18	280.163	19970
8.48543e-18	281.427	19980
8.53792e-18	283.475	19990
8.39727e-18	278.379	20000
