2.79133e-19	3.61196e-05	0
2.79257e-19	0.00437233	10
2.79581e-19	0.0159536	20
2.80106e-19	0.0348294	30
2.80837e-19	0.061081	40
2.81774e-19	0.0948225	50
2.82923e-19	0.136203	60
2.84289e-19	0.185407	70
2.85877e-19	0.24266	80
2.87696e-19	0.30823	90
2.89754e-19	0.382432	100
2.92062e-19	0.465635	110
2.9463e-19	0.558264	120
2.97473e-19	0.660813	130
3.00607e-19	0.773847	140
3.0405e-19	0.898021	150
3.07821e-19	1.03408	160
3.11947e-19	1.1829	170
3.16453e-19	1.34548	180
3.21373e-19	1.52296	190
3.26743e-19	1.71668	200
3.32606e-19	1.9282	210
3.39013e-19	2.15931	220
3.46021e-19	2.41214	230
3.53701e-19	2.68918	240
3.62134e-19	2.99335	250
3.71415e-19	3.32815	260
3.81662e-19	3.69775	270
3.93013e-19	4.10714	280
4.05636e-19	4.56238	290
4.19736e-19	5.07084	300
4.35563e-19	5.64159	310
4.53431e-19	6.28583	320
4.73729e-19	7.01761	330
4.96949e-19	7.85465	340
5.23722e-19	8.81962	350
5.54863e-19	9.94186	360
5.91441e-19	11.2599	370
6.34885e-19	12.8249	380
6.87127e-19	14.7065	390
7.50837e-19	17.0006	400
8.29778e-19	19.8423	410
9.29361e-19	23.426	420
1.05754e-18	28.0373	430
1.22622e-18	34.1029	440
1.4532e-18	42.2623	450
1.76393e-18	53.4305	460
2.18612e-18	68.6142	470
2.69867e-18	87.1254	480
2.96541e-18	97.1853	490
1.94452e-18	61.2307	500
1.02473e-18	26.7194	510
2.2367e-18	69.9071	520
2.98535e-18	97.7634	530
2.67198e-18	86.7662	540
2.16976e-18	68.591	550
1.76941e-18	54.0506	560
1.48117e-18	43.5768	570
1.27525e-18	36.0953	580
1.12639e-18	30.6881	590
1.01732e-18	26.7269	600
9.3666e-19	23.7976	610
8.76851e-19	21.6256	620
8.32813e-19	20.0259	630
8.01071e-19	18.8723	640
7.79226e-19	18.0774	650
7.65627e-19	17.5814	660
7.5916e-19	17.3436	670
7.59124e-19	17.3384	680
7.65152e-19	17.5525	690
7.77173e-19	17.9831	700
7.95412e-19	18.6382	710
8.20408e-19	19.537	720
8.53082e-19	20.7125	730
8.94839e-19	22.2151	740
9.47745e-19	24.1192	750
1.0148e-18	26.5324	760
1.10038e-18	29.6116	770
1.21089e-18	33.587	780
1.35573e-18	38.7963	790
1.54846e-18	45.7263	800
1.80651e-18	55.0056	810
2.14106e-18	67.052	820
2.49742e-18	79.974	830
2.54029e-18	81.9187	840
1.75974e-18	54.0531	850
1.84758e-18	55.944	860
3.01682e-18	98.5886	870
2.82129e-18	92.3214	880
2.22798e-18	70.5009	890
2.40515e-18	76.6613	900
2.48579e-18	79.7966	910
2.28003e-18	72.4389	920
2.14863e-18	67.5428	930
2.15381e-18	67.7752	940
1.96167e-18	60.9582	950
1.86573e-18	57.2208	960
2.10445e-18	65.8276	970
2.24694e-18	71.031	980
2.36207e-18	75.1802	990
2.49025e-18	79.8176	1000
2.60312e-18	83.8826	1010
2.79308e-18	90.7203	1020
2.91086e-18	95.0585	1030
2.92066e-18	95.4374	1040
2.95416e-18	96.6325	1050
3.26469e-18	107.499	1060
3.64959e-18	121.822	1070
3.57808e-18	119.093	1080
3.66534e-18	122.568	1090
3.15515e-18	104.214	1100
3.29231e-18	108.485	1110
3.64136e-18	121.568	1120
3.31594e-18	109.827	1130
3.27927e-18	108.423	1140
3.2029e-18	105.705	1150
3.19567e-18	105.295	1160
3.27181e-18	108.223	1170
2.91831e-18	95.5019	1180
2.9889e-18	97.6895	1190
3.68003e-18	122.615	1200
3.62675e-18	121.151	1210
3.63425e-18	120.946	1220
4.05252e-18	136.265	1230
3.93873e-18	132.352	1240
3.76344e-18	126.001	1250
3.88623e-18	129.95	1260
4.41111e-18	149.161	1270
4.4822e-18	151.927	1280
4.21643e-18	142.362	1290
4.51457e-18	152.705	1300
4.82705e-18	164.291	1310
4.7825e-18	162.792	1320
4.60836e-18	156.472	1330
4.65027e-18	157.928	1340
4.80931e-18	163.486	1350
4.94428e-18	168.627	1360
4.84802e-18	165.074	1370
4.85205e-18	165.311	1380
4.66192e-18	158.43	1390
4.87908e-18	165.941	1400
4.89114e-18	166.809	1410
4.6932e-18	159.71	1420
4.46277e-18	151.168	1430
4.58547e-18	155.515	1440
4.68432e-18	159.113	1450
4.66028e-18	158.397	1460
4.39056e-18	148.681	1470
4.52819e-18	153.256	1480
4.91404e-18	167.321	1490
4.88772e-18	166.696	1500
4.67143e-18	158.645	1510
4.81691e-18	163.867	1520
5.1832e-18	177.199	1530
4.70806e-18	159.791	1540
5.47204e-18	187.54	1550
5.33312e-18	182.709	1560
5.26112e-18	179.953	1570
5.29548e-18	180.942	1580
5.62709e-18	193.309	1590
5.66809e-18	194.612	1600
5.95692e-18	205	1610
6.05464e-18	208.59	1620
6.22056e-18	214.671	1630
5.90785e-18	203.513	1640
5.89064e-18	202.693	1650
5.88156e-18	202.536	1660
5.63527e-18	193.625	1670
5.84724e-18	200.741	1680
6.59417e-18	228.041	1690
6.45566e-18	223.606	1700
6.2843e-18	216.626	1710
6.55434e-18	226.441	1720
6.78652e-18	235.22	1730
6.84216e-18	236.964	1740
6.71102e-18	232.427	1750
6.85541e-18	237.563	1760
6.60455e-18	228.255	1770
7.14122e-18	247.928	1780
7.38548e-18	256.341	1790
7.99039e-18	278.454	1800
7.13316e-18	248.759	1810
6.07792e-18	208.476	1820
7.1105e-18	246.516	1830
7.04152e-18	245.074	1840
7.30346e-18	253.972	1850
7.2728e-18	252.678	1860
7.26136e-18	252.207	1870
7.81204e-18	271.871	1880
7.41139e-18	258.556	1890
6.77619e-18	234.827	1900
6.39525e-18	221.496	1910
5.49112e-18	188.269	1920
7.32919e-18	253.699	1930
7.62731e-18	265.559	1940
6.88621e-18	239.174	1950
6.87329e-18	237.574	1960
6.79054e-18	233.985	1970
7.3945e-18	257.538	1980
6.01753e-18	207.483	1990
6.72611e-18	233.391	2000
6.57989e-18	227.734	2010
6.80645e-18	235.319	2020
6.77756e-18	235.623	2030
7.02585e-18	243.688	2040
6.86873e-18	238.365	2050
6.02738e-18	208.653	2060
6.05835e-18	208.362	2070
5.77716e-18	198.808	2080
5.99363e-18	206.305	2090
6.0829e-18	210.048	2100
5.51126e-18	188.945	2110
6.28047e-18	216.672	2120
6.43188e-18	222.335	2130
6.00095e-18	207.193	2140
5.49112e-18	188.398	2150
5.75271e-18	197.466	2160
5.99264e-18	206.375	2170
6.13503e-18	211.563	2180
6.21002e-18	214.029	2190
6.71418e-18	232.493	2200
6.17294e-18	213.319	2210
6.37281e-18	219.776	2220
6.893e-18	238.863	2230
6.85357e-18	237.547	2240
6.80694e-18	236.106	2250
6.58007e-18	227.633	2260
6.52119e-18	225.545	2270
5.96581e-18	205.956	2280
6.07814e-18	209.498	2290
5.98199e-18	206.064	2300
6.51803e-18	224.969	2310
6.96469e-18	241.545	2320
6.60369e-18	228.798	2330
6.45507e-18	223.185	2340
6.11627e-18	211.255	2350
6.09285e-18	209.914	2360
6.27884e-18	216.779	2370
6.13218e-18	211.625	2380
5.90682e-18	203.592	2390
5.99936e-18	206.426	2400
6.1621e-18	212.579	2410
6.09194e-18	210.097	2420
6.01562e-18	207.373	2430
5.83386e-18	200.703	2440
5.91561e-18	203.689	2450
5.66141e-18	194.557	2460
5.9454e-18	204.621	2470
5.82799e-18	200.747	2480
5.47711e-18	187.708	2490
5.85263e-18	201.322	2500
5.91388e-18	203.55	2510
5.87084e-18	202.131	2520
5.80422e-18	199.647	2530
5.60339e-18	192.531	2540
5.41816e-18	185.727	2550
5.43978e-18	186.508	2560
5.4804e-18	188.05	2570
5.4925e-18	188.304	2580
5.52335e-18	189.57	2590
5.53507e-18	189.765	2600
5.6937e-18	195.682	2610
5.5751e-18	191.432	2620
5.49769e-18	188.608	2630
5.5789e-18	191.407	2640
5.68652e-18	195.33	2650
5.68521e-18	195.481	2660
5.59712e-18	192.157	2670
5.63542e-18	193.517	2680
5.69985e-18	195.832	2690
5.71359e-18	196.361	2700
5.72768e-18	196.865	2710
5.75966e-18	198.015	2720
5.71292e-18	196.395	2730
5.83021e-18	200.469	2740
5.87648e-18	202.323	2750
5.75639e-18	197.949	2760
5.73886e-18	197.292	2770
5.64795e-18	194.032	2780
5.7254e-18	196.756	2790
5.69505e-18	195.731	2800
5.76314e-18	198.133	2810
5.77211e-18	198.509	2820
5.72728e-18	196.879	2830
5.66797e-18	194.719	2840
5.8454e-18	201.031	2850
5.88011e-18	202.424	2860
5.83709e-18	200.842	2870
5.93962e-18	204.505	2880
5.93213e-18	204.315	2890
5.77083e-18	198.54	2900
5.6783e-18	195.05	2910
5.89035e-18	202.624	2920
5.97427e-18	205.841	2930
5.96642e-18	205.486	2940
5.92429e-18	204.018	2950
5.9858e-18	206.119	2960
6.10763e-18	210.561	2970
6.16283e-18	212.565	2980
6.33892e-18	218.907	2990
5.84018e-18	201.319	3000
6.2153e-18	214.234	3010
6.4534e-18	223.133	3020
6.39605e-18	221.039	3030
6.40339e-18	221.346	3040
6.31478e-18	218.142	3050
6.37522e-18	220.231	3060
6.31378e-18	218.118	3070
6.33863e-18	219.002	3080
6.22905e-18	215.067	3090
6.18352e-18	213.33	3100
6.2443e-18	215.554	3110
6.25816e-18	216.044	3120
6.29761e-18	217.436	3130
6.31766e-18	218.251	3140
6.25814e-18	216.08	3150
6.28289e-18	216.977	3160
6.13772e-18	211.783	3170
6.17765e-18	213.104	3180
6.21943e-18	214.601	3190
6.31736e-18	218.176	3200
6.27585e-18	216.771	3210
6.1502e-18	212.258	3220
6.10853e-18	210.631	3230
6.20103e-18	213.93	3240
6.22362e-18	214.825	3250
6.27012e-18	216.473	3260
6.29928e-18	217.551	3270
6.16235e-18	212.709	3280
6.19967e-18	213.882	3290
6.24712e-18	215.653	3300
6.30244e-18	217.591	3310
6.34753e-18	219.345	3320
6.22166e-18	214.758	3330
6.27166e-18	216.534	3340
6.31003e-18	217.941	3350
6.26381e-18	216.296	3360
6.24468e-18	215.556	3370
6.26328e-18	216.235	3380
6.28288e-18	216.933	3390
6.32525e-18	218.444	3400
6.34921e-18	219.367	3410
6.28776e-18	217.143	3420
6.31376e-18	218.058	3430
6.33285e-18	218.755	3440
6.35721e-18	219.598	3450
6.44832e-18	222.911	3460
6.44606e-18	222.843	3470
6.42214e-18	222	3480
6.43011e-18	222.251	3490
6.50589e-18	224.921	3500
6.53586e-18	226.111	3510
6.53676e-18	226.101	3520
6.52101e-18	225.564	3530
6.50934e-18	225.149	3540
6.63483e-18	229.58	3550
6.54735e-18	226.66	3560
6.51042e-18	225.162	3570
6.55295e-18	226.673	3580
6.56109e-18	227.005	3590
6.5681e-18	227.207	3600
6.53055e-18	225.996	3610
6.4857e-18	224.266	3620
6.52037e-18	225.558	3630
6.4367e-18	222.51	3640
6.44605e-18	222.896	3650
6.40912e-18	221.5	3660
6.48334e-18	224.174	3670
6.4121e-18	221.671	3680
6.3609e-18	219.78	3690
6.36687e-18	220.007	3700
6.33721e-18	218.919	3710
6.3862e-18	220.676	3720
6.30772e-18	217.905	3730
6.33234e-18	218.681	3740
6.30222e-18	217.72	3750
6.27902e-18	216.837	3760
6.20522e-18	214.167	3770
6.25072e-18	215.736	3780
6.29174e-18	217.321	3790
6.22334e-18	214.774	3800
6.26622e-18	216.335	3810
6.32143e-18	218.32	3820
6.31642e-18	218.195	3830
6.29613e-18	217.47	3840
6.19449e-18	213.776	3850
6.30628e-18	217.763	3860
6.30759e-18	217.877	3870
6.23193e-18	215.128	3880
6.26598e-18	216.351	3890
6.31158e-18	217.928	3900
6.34891e-18	219.355	3910
6.34597e-18	219.259	3920
6.30201e-18	217.681	3930
6.22441e-18	214.889	3940
6.19424e-18	213.752	3950
6.20596e-18	214.115	3960
6.30688e-18	217.847	3970
6.23548e-18	215.266	3980
6.26143e-18	216.157	3990
6.24697e-18	215.675	4000
6.24144e-18	215.472	4010
6.19542e-18	213.827	4020
6.1947e-18	213.785	4030
6.21016e-18	214.288	4040
6.24881e-18	215.728	4050
6.27646e-18	216.747	4060
6.20832e-18	214.274	4070
6.27364e-18	216.579	4080
6.28099e-18	216.884	4090
6.39814e-18	221.069	4100
6.39272e-18	220.975	4110
6.31293e-18	218.082	4120
6.33854e-18	218.906	4130
6.35852e-18	219.749	4140
6.30901e-18	217.861	4150
6.37949e-18	220.46	4160
6.33027e-18	218.691	4170
6.27381e-18	216.668	4180
6.25785e-18	216.047	4190
6.2708e-18	216.518	4200
6.27382e-18	216.644	4210
6.2329e-18	215.176	4220
6.20398e-18	214.124	4230
6.15844e-18	212.478	4240
6.09036e-18	210.044	4250
6.09777e-18	210.247	4260
6.08624e-18	209.872	4270
6.04154e-18	208.242	4280
6.04933e-18	208.494	4290
6.0213e-18	207.533	4300
6.0219e-18	207.529	4310
6.01573e-18	207.269	4320
6.10888e-18	210.637	4330
6.0831e-18	209.76	4340
6.07117e-18	209.294	4350
6.06248e-18	209.031	4360
6.02341e-18	207.535	4370
6.09749e-18	210.235	4380
6.12497e-18	211.276	4390
6.05964e-18	208.903	4400
6.10774e-18	210.563	4410
6.17542e-18	213.069	4420
6.19986e-18	213.919	4430
6.12912e-18	211.524	4440
6.0736e-18	209.363	4450
6.09629e-18	210.214	4460
6.09665e-18	210.243	4470
6.10042e-18	210.313	4480
6.10104e-18	210.461	4490
6.07029e-18	209.244	4500
6.08518e-18	209.811	4510
6.1229e-18	211.118	4520
6.17951e-18	213.247	4530
6.15976e-18	212.526	4540
6.12306e-18	211.207	4550
6.07348e-18	209.348	4560
6.22525e-18	214.817	4570
6.24141e-18	215.457	4580
6.29983e-18	217.587	4590
6.2345e-18	215.26	4600
6.18486e-18	213.394	4610
6.33598e-18	218.826	4620
6.24392e-18	215.623	4630
6.29652e-18	217.382	4640
6.37614e-18	220.345	4650
6.37285e-18	220.177	4660
6.36989e-18	220.138	4670
6.26156e-18	216.251	4680
6.22045e-18	214.695	4690
6.28078e-18	216.892	4700
6.20816e-18	214.323	4710
6.13093e-18	211.461	4720
6.2168e-18	214.545	4730
6.17369e-18	213.047	4740
6.1991e-18	213.893	4750
6.2345e-18	215.192	4760
6.26681e-18	216.342	4770
6.25183e-18	215.891	4780
6.26088e-18	216.09	4790
6.34235e-18	219.116	4800
6.29693e-18	217.508	4810
6.23867e-18	215.318	4820
6.30111e-18	217.611	4830
6.27371e-18	216.641	4840
6.29832e-18	217.489	4850
6.32976e-18	218.623	4860
6.25602e-18	216.066	4870
6.242e-18	215.459	4880
6.24815e-18	215.714	4890
6.2232e-18	214.816	4900
6.28016e-18	216.83	4910
6.30586e-18	217.757	4920
6.30395e-18	217.748	4930
6.23079e-18	215.116	4940
6.25571e-18	215.935	4950
6.3299e-18	218.586	4960
6.3656e-18	219.964	4970
6.29947e-18	217.631	4980
6.23121e-18	215.115	4990
6.23003e-18	215.064	5000
6.20683e-18	214.194	5010
6.28811e-18	217.098	5020
6.33809e-18	218.96	5030
6.23639e-18	215.278	5040
6.23251e-18	215.12	5050
6.26101e-18	216.16	5060
6.27206e-18	216.547	5070
6.29729e-18	217.477	5080
6.28467e-18	217.04	5090
6.25325e-18	215.881	5100
6.26475e-18	216.344	5110
6.17898e-18	213.173	5120
6.26333e-18	216.256	5130
6.31374e-18	218.039	5140
6.26585e-18	216.278	5150
6.31068e-18	217.978	5160
6.27972e-18	216.834	5170
6.29516e-18	217.443	5180
6.28825e-18	217.112	5190
6.24277e-18	215.547	5200
6.2046e-18	214.097	5210
6.27208e-18	216.519	5220
6.2888e-18	217.155	5230
6.29184e-18	217.242	5240
6.36033e-18	219.704	5250
6.35196e-18	219.505	5260
6.29719e-18	217.51	5270
6.25408e-18	215.898	5280
6.25824e-18	216.127	5290
6.2796e-18	216.712	5300
6.3755e-18	220.333	5310
6.34351e-18	219.099	5320
6.3991e-18	221.136	5330
6.30558e-18	217.869	5340
6.25064e-18	215.738	5350
6.31193e-18	217.962	5360
6.29399e-18	217.374	5370
6.30313e-18	217.702	5380
6.27784e-18	216.743	5390
6.33052e-18	218.653	5400
6.35565e-18	219.53	5410
6.37082e-18	220.21	5420
6.23163e-18	215.133	5430
6.25936e-18	216.093	5440
6.21962e-18	214.638	5450
6.29536e-18	217.358	5460
6.31035e-18	217.958	5470
6.25265e-18	215.93	5480
6.2357e-18	215.116	5490
6.32393e-18	218.502	5500
6.24228e-18	215.516	5510
6.25278e-18	215.825	5520
6.28895e-18	217.195	5530
6.28439e-18	217.003	5540
6.3497e-18	219.267	5550
6.36663e-18	220.009	5560
6.37202e-18	220.186	5570
6.33299e-18	218.783	5580
6.30334e-18	217.688	5590
6.32794e-18	218.511	5600
6.41658e-18	221.768	5610
6.39834e-18	221.163	5620
6.37331e-18	220.204	5630
6.39638e-18	221.016	5640
6.42917e-18	222.223	5650
6.43725e-18	222.492	5660
6.45165e-18	223.064	5670
6.46136e-18	223.363	5680
6.47542e-18	223.907	5690
6.42468e-18	222.095	5700
6.4638e-18	223.435	5710
6.54171e-18	226.262	5720
6.57038e-18	227.336	5730
6.54804e-18	226.544	5740
6.59913e-18	228.32	5750
6.55929e-18	227.047	5760
6.5426e-18	226.257	5770
6.60825e-18	228.702	5780
6.59289e-18	228.173	5790
6.54328e-18	226.434	5800
6.53824e-18	226.098	5810
6.68523e-18	231.468	5820
6.67971e-18	231.305	5830
6.63484e-18	229.707	5840
6.65327e-18	230.304	5850
6.65385e-18	230.35	5860
6.63984e-18	229.844	5870
6.68075e-18	231.363	5880
6.65988e-18	230.537	5890
6.66175e-18	230.662	5900
6.60971e-18	228.778	5910
6.65677e-18	230.434	5920
6.5747e-18	227.607	5930
6.54832e-18	226.472	5940
6.56685e-18	227.247	5950
6.6635e-18	230.667	5960
6.5632e-18	227.165	5970
6.49368e-18	224.585	5980
6.46877e-18	223.677	5990
6.43961e-18	222.593	6000
6.51717e-18	225.441	6010
6.44835e-18	222.911	6020
6.50806e-18	225.068	6030
6.46887e-18	223.721	6040
6.39344e-18	220.963	6050
6.41032e-18	221.527	6060
6.39462e-18	221.001	6070
6.39618e-18	221.017	6080
6.43161e-18	222.311	6090
6.45864e-18	223.266	6100
6.43142e-18	222.355	6110
6.36301e-18	219.872	6120
6.34552e-18	219.216	6130
6.41722e-18	221.733	6140
6.43936e-18	222.609	6150
6.36241e-18	219.908	6160
6.36163e-18	219.761	6170
6.42256e-18	221.96	6180
6.43146e-18	222.268	6190
6.43675e-18	222.586	6200
6.32376e-18	218.43	6210
6.37881e-18	220.391	6220
6.44914e-18	222.924	6230
6.42226e-18	222.013	6240
6.40052e-18	221.21	6250
6.32578e-18	218.535	6260
6.37943e-18	220.431	6270
6.39511e-18	220.939	6280
6.35922e-18	219.815	6290
6.35446e-18	219.458	6300
6.43905e-18	222.619	6310
6.38871e-18	220.822	6320
6.33383e-18	218.855	6330
6.27694e-18	216.773	6340
6.29395e-18	217.338	6350
6.37177e-18	220.14	6360
6.35651e-18	219.63	6370
6.33864e-18	218.983	6380
6.38876e-18	220.773	6390
6.38915e-18	220.838	6400
6.42364e-18	221.98	6410
6.45347e-18	223.173	6420
6.43796e-18	222.451	6430
6.55205e-18	226.709	6440
6.54865e-18	226.587	6450
6.54521e-18	226.416	6460
6.50017e-18	224.871	6470
6.51441e-18	225.284	6480
6.5734e-18	227.439	6490
6.53893e-18	226.214	6500
6.51545e-18	225.373	6510
6.55487e-18	226.783	6520
6.52483e-18	225.669	6530
6.60661e-18	228.651	6540
6.6199e-18	229.184	6550
6.48786e-18	224.427	6560
6.60899e-18	228.629	6570
6.66203e-18	230.694	6580
6.60254e-18	228.515	6590
6.53037e-18	225.982	6600
6.53858e-18	226.128	6610
6.51868e-18	225.575	6620
6.47406e-18	223.879	6630
6.55093e-18	226.618	6640
6.5321e-18	225.975	6650
6.52658e-18	225.784	6660
6.49139e-18	224.499	6670
6.50262e-18	224.911	6680
6.4631e-18	223.442	6690
6.46155e-18	223.494	6700
6.39556e-18	221.048	6710
6.46924e-18	223.638	6720
6.53929e-18	226.191	6730
6.53872e-18	226.301	6740
6.4229e-18	222.032	6750
6.47272e-18	223.8	6760
6.44823e-18	222.941	6770
6.54222e-18	226.262	6780
6.51676e-18	225.474	6790
6.51785e-18	225.408	6800
6.54058e-18	226.298	6810
6.51672e-18	225.378	6820
6.5847e-18	227.849	6830
6.48344e-18	224.301	6840
6.45163e-18	223.015	6850
6.49188e-18	224.521	6860
6.5034e-18	224.878	6870
6.50821e-18	225.116	6880
6.47527e-18	223.935	6890
6.50574e-18	225.051	6900
6.47909e-18	224.027	6910
6.45512e-18	223.23	6920
6.41757e-18	221.828	6930
6.4633e-18	223.405	6940
6.55964e-18	226.98	6950
6.58842e-18	227.982	6960
6.52414e-18	225.709	6970
6.41655e-18	221.869	6980
6.41928e-18	221.899	6990
6.48856e-18	224.326	7000
6.52879e-18	225.894	7010
6.45697e-18	223.266	7020
6.47194e-18	223.696	7030
6.61828e-18	229.053	7040
6.57599e-18	227.599	7050
6.52682e-18	225.806	7060
6.48382e-18	224.221	7070
6.50859e-18	225.118	7080
6.5841e-18	227.802	7090
6.55619e-18	226.843	7100
6.59553e-18	228.275	7110
6.54914e-18	226.613	7120
6.5499e-18	226.55	7130
6.62116e-18	229.16	7140
6.55407e-18	226.807	7150
6.45736e-18	223.334	7160
6.42057e-18	221.93	7170
6.50614e-18	224.96	7180
6.5284e-18	225.876	7190
6.434e-18	222.439	7200
6.4219e-18	221.983	7210
6.45818e-18	223.272	7220
6.43535e-18	222.496	7230
6.35776e-18	219.691	7240
6.41246e-18	221.634	7250
6.41912e-18	221.864	7260
6.48837e-18	224.353	7270
6.40556e-18	221.468	7280
6.36828e-18	220.046	7290
6.33612e-18	218.9	7300
6.35792e-18	219.638	7310
6.36468e-18	219.897	7320
6.43018e-18	222.271	7330
6.37941e-18	220.51	7340
6.41426e-18	221.66	7350
6.41838e-18	221.835	7360
6.44566e-18	222.835	7370
6.48651e-18	224.313	7380
6.46664e-18	223.638	7390
6.40668e-18	221.405	7400
6.45759e-18	223.25	7410
6.45622e-18	223.258	7420
6.42234e-18	222.016	7430
6.42062e-18	221.873	7440
6.43423e-18	222.473	7450
6.34877e-18	219.391	7460
6.40125e-18	221.169	7470
6.42805e-18	222.242	7480
6.40117e-18	221.27	7490
6.35612e-18	219.54	7500
6.43557e-18	222.499	7510
6.40268e-18	221.282	7520
6.40293e-18	221.335	7530
6.44203e-18	222.623	7540
6.46213e-18	223.519	7550
6.34949e-18	219.413	7560
6.38619e-18	220.681	7570
6.44459e-18	222.769	7580
6.49068e-18	224.45	7590
6.55017e-18	226.587	7600
6.51601e-18	225.441	7610
6.50007e-18	224.796	7620
6.4144e-18	221.712	7630
6.48974e-18	224.45	7640
6.47818e-18	223.986	7650
6.46968e-18	223.789	7660
6.44717e-18	222.83	7670
6.48818e-18	224.398	7680
6.52657e-18	225.739	7690
6.52424e-18	225.705	7700
6.44557e-18	222.965	7710
6.35638e-18	219.568	7720
6.46946e-18	223.64	7730
6.57559e-18	227.521	7740
6.48861e-18	224.434	7750
6.45336e-18	223.158	7760
6.47236e-18	223.78	7770
6.41554e-18	221.797	7780
6.53114e-18	225.849	7790
6.56674e-18	227.243	7800
6.46159e-18	223.464	7810
6.47866e-18	224.008	7820
6.45061e-18	223.05	7830
6.49818e-18	224.688	7840
6.51891e-18	225.488	7850
6.51235e-18	225.259	7860
6.56704e-18	227.214	7870
6.60528e-18	228.598	7880
6.55782e-18	226.896	7890
6.59725e-18	228.345	7900
6.60254e-18	228.474	7910
6.59839e-18	228.383	7920
6.55912e-18	226.98	7930
6.60487e-18	228.534	7940
6.63964e-18	229.897	7950
6.55885e-18	226.894	7960
6.66673e-18	230.828	7970
6.69834e-18	231.978	7980
6.73232e-18	233.216	7990
6.61567e-18	229.052	8000
6.70949e-18	232.317	8010
6.708e-18	232.314	8020
6.70892e-18	232.409	8030
6.66724e-18	230.901	8040
6.59535e-18	228.225	8050
6.74962e-18	233.791	8060
6.68818e-18	231.668	8070
6.61888e-18	229.114	8080
6.61978e-18	229.167	8090
6.62049e-18	229.084	8100
6.74931e-18	233.758	8110
6.79565e-18	235.489	8120
6.71326e-18	232.575	8130
6.69572e-18	231.861	8140
6.79879e-18	235.469	8150
6.85635e-18	237.778	8160
6.75493e-18	234.073	8170
6.58743e-18	228.004	8180
6.7156e-18	232.564	8190
6.7586e-18	234.137	8200
6.78458e-18	235.071	8210
6.71793e-18	232.716	8220
6.78294e-18	234.959	8230
6.79711e-18	235.621	8240
6.67954e-18	231.335	8250
6.6691e-18	230.878	8260
6.65661e-18	230.493	8270
6.64916e-18	230.252	8280
6.58177e-18	227.769	8290
6.58489e-18	227.896	8300
6.53913e-18	226.242	8310
6.54401e-18	226.383	8320
6.54471e-18	226.456	8330
6.47721e-18	224.009	8340
6.45793e-18	223.309	8350
6.44937e-18	222.95	8360
6.51252e-18	225.228	8370
6.49102e-18	224.507	8380
6.44942e-18	223.012	8390
6.49484e-18	224.539	8400
6.57888e-18	227.622	8410
6.61856e-18	229.051	8420
6.6281e-18	229.453	8430
6.60812e-18	228.735	8440
6.55483e-18	226.752	8450
6.68936e-18	231.561	8460
6.76774e-18	234.509	8470
6.69089e-18	231.741	8480
6.76518e-18	234.284	8490
6.79438e-18	235.462	8500
6.78201e-18	234.998	8510
6.79051e-18	235.333	8520
6.75794e-18	234.131	8530
6.77882e-18	234.86	8540
6.83462e-18	236.921	8550
6.76948e-18	234.605	8560
6.63437e-18	229.713	8570
6.66705e-18	230.836	8580
6.7042e-18	232.203	8590
6.54628e-18	226.561	8600
6.53053e-18	225.896	8610
6.59595e-18	228.232	8620
6.61323e-18	228.962	8630
6.46878e-18	223.764	8640
6.40352e-18	221.35	8650
6.38469e-18	220.647	8660
6.47402e-18	223.868	8670
6.4161e-18	221.744	8680
6.51726e-18	225.411	8690
6.38787e-18	220.891	8700
6.32277e-18	218.364	8710
6.37677e-18	220.368	8720
6.39493e-18	220.96	8730
6.4131e-18	221.751	8740
6.30478e-18	217.67	8750
6.46326e-18	223.444	8760
6.45835e-18	223.314	8770
6.4294e-18	222.264	8780
6.48694e-18	224.297	8790
6.49089e-18	224.526	8800
6.51751e-18	225.369	8810
6.56913e-18	227.311	8820
6.55335e-18	226.695	8830
6.57257e-18	227.448	8840
6.56907e-18	227.323	8850
6.51301e-18	225.325	8860
6.44282e-18	222.753	8870
6.4085e-18	221.547	8880
6.44629e-18	222.792	8890
6.49708e-18	224.74	8900
6.48408e-18	224.221	8910
6.49614e-18	224.683	8920
6.44059e-18	222.691	8930
6.45327e-18	223.129	8940
6.50501e-18	224.946	8950
6.47773e-18	224.071	8960
6.47118e-18	223.726	8970
6.5201e-18	225.537	8980
6.38197e-18	220.581	8990
6.43471e-18	222.436	9000
6.45502e-18	223.097	9010
6.53267e-18	225.98	9020
6.41975e-18	221.986	9030
6.44488e-18	222.772	9040
6.46298e-18	223.456	9050
6.50143e-18	224.87	9060
6.46921e-18	223.729	9070
6.39954e-18	221.191	9080
6.39379e-18	220.999	9090
6.48237e-18	224.13	9100
6.48988e-18	224.48	9110
6.45734e-18	223.282	9120
6.49331e-18	224.543	9130
6.44045e-18	222.736	9140
6.36509e-18	219.948	9150
6.3907e-18	220.825	9160
6.45715e-18	223.252	9170
6.44973e-18	223.014	9180
6.39697e-18	221.09	9190
6.43737e-18	222.521	9200
6.40685e-18	221.489	9210
6.4367e-18	222.484	9220
6.47681e-18	223.96	9230
6.57499e-18	227.431	9240
6.58479e-18	227.936	9250
6.49449e-18	224.655	9260
6.47513e-18	223.931	9270
6.50742e-18	225.057	9280
6.53843e-18	226.226	9290
6.47295e-18	223.821	9300
6.55081e-18	226.632	9310
6.57288e-18	227.415	9320
6.55897e-18	226.995	9330
6.5439e-18	226.378	9340
6.59537e-18	228.254	9350
6.53515e-18	226.103	9360
6.58446e-18	227.814	9370
6.56351e-18	227.145	9380
6.50732e-18	225.103	9390
6.57904e-18	227.598	9400
6.59769e-18	228.374	9410
6.54481e-18	226.428	9420
6.59443e-18	228.204	9430
6.56016e-18	226.999	9440
6.66248e-18	230.608	9450
6.65362e-18	230.358	9460
6.77493e-18	234.709	9470
6.7058e-18	232.304	9480
6.7587e-18	234.107	9490
6.76447e-18	234.354	9500
6.81645e-18	236.247	9510
6.83368e-18	236.851	9520
6.81771e-18	236.326	9530
6.75386e-18	234.034	9540
6.75931e-18	234.097	9550
6.88472e-18	238.731	9560
6.79164e-18	235.389	9570
6.84618e-18	237.312	9580
6.75317e-18	233.994	9590
6.82763e-18	236.568	9600
6.85415e-18	237.64	9610
6.79983e-18	235.683	9620
6.72385e-18	232.953	9630
6.82839e-18	236.593	9640
6.86788e-18	238.061	9650
6.89406e-18	239.1	9660
6.8504e-18	237.437	9670
6.87194e-18	238.291	9680
6.91938e-18	239.92	9690
6.83932e-18	237.142	9700
6.75595e-18	234.118	9710
6.6609e-18	230.672	9720
6.75555e-18	233.95	9730
6.87061e-18	238.224	9740
6.82527e-18	236.618	9750
6.75544e-18	234.119	9760
6.73077e-18	233.092	9770
6.75545e-18	234.093	9780
6.78021e-18	234.885	9790
6.78749e-18	235.204	9800
6.73403e-18	233.326	9810
6.7265e-18	232.961	9820
6.71624e-18	232.705	9830
6.6267e-18	229.413	9840
6.65913e-18	230.503	9850
6.67925e-18	231.244	9860
6.69694e-18	231.965	9870
6.67319e-18	231.072	9880
6.67688e-18	231.222	9890
6.62986e-18	229.516	9900
6.57482e-18	227.553	9910
6.66186e-18	230.559	9920
6.75873e-18	234.14	9930
6.76876e-18	234.561	9940
6.69867e-18	232.019	9950
6.63161e-18	229.579	9960
6.72373e-18	232.856	9970
6.72248e-18	232.915	9980
6.74581e-18	233.693	9990
6.80144e-18	235.591	10000
6.78124e-18	235.1	10010
6.77252e-18	234.608	10020
6.72735e-18	233.071	10030
6.71867e-18	232.672	10040
6.73584e-18	233.368	10050
6.66671e-18	230.886	10060
6.72385e-18	232.825	10070
6.76659e-18	234.428	10080
6.74497e-18	233.673	10090
6.70819e-18	232.352	10100
6.7619e-18	234.252	10110
6.64225e-18	230.09	10120
6.59936e-18	228.299	10130
6.76567e-18	234.377	10140
6.67963e-18	231.375	10150
6.76111e-18	234.179	10160
6.76855e-18	234.512	10170
6.82522e-18	236.565	10180
6.7332e-18	233.224	10190
6.83875e-18	237.009	10200
6.85175e-18	237.556	10210
6.84199e-18	237.113	10220
6.8832e-18	238.694	10230
6.83484e-18	236.977	10240
6.79455e-18	235.38	10250
6.88841e-18	238.785	10260
6.89413e-18	239.141	10270
6.83796e-18	236.989	10280
6.90679e-18	239.493	10290
6.86798e-18	238.145	10300
6.74318e-18	233.719	10310
6.76307e-18	234.241	10320
6.74388e-18	233.675	10330
6.8e-18	235.608	10340
6.82322e-18	236.473	10350
6.85166e-18	237.529	10360
6.84597e-18	237.308	10370
6.84424e-18	237.255	10380
6.90307e-18	239.364	10390
6.87809e-18	238.415	10400
6.97114e-18	241.841	10410
6.94107e-18	240.774	10420
6.96929e-18	241.778	10430
6.92448e-18	240.128	10440
7.00678e-18	243.111	10450
7.03031e-18	243.979	10460
7.042e-18	244.332	10470
7.1551e-18	248.38	10480
7.13487e-18	247.894	10490
7.03288e-18	244.063	10500
7.00832e-18	243.19	10510
7.10298e-18	246.556	10520
7.04812e-18	244.716	10530
6.9878e-18	242.416	10540
6.98946e-18	242.52	10550
6.96107e-18	241.507	10560
6.93005e-18	240.353	10570
6.96844e-18	241.777	10580
6.89892e-18	239.261	10590
6.98072e-18	242.047	10600
7.04283e-18	244.441	10610
6.94011e-18	240.803	10620
6.98504e-18	242.282	10630
6.93075e-18	240.43	10640
6.92171e-18	240.005	10650
6.9836e-18	242.208	10660
7.03407e-18	244.133	10670
7.04375e-18	244.41	10680
7.02933e-18	243.997	10690
6.91359e-18	239.817	10700
6.95937e-18	241.425	10710
6.96193e-18	241.527	10720
6.98362e-18	242.244	10730
7.02351e-18	243.747	10740
7.0011e-18	242.835	10750
7.05943e-18	245.063	10760
7.02838e-18	243.911	10770
6.98796e-18	242.502	10780
6.99123e-18	242.528	10790
7.04126e-18	244.36	10800
7.0521e-18	244.745	10810
7.02626e-18	243.872	10820
6.95493e-18	241.245	10830
6.96909e-18	241.786	10840
6.79425e-18	235.561	10850
6.81708e-18	236.236	10860
6.83812e-18	237.001	10870
6.91172e-18	239.692	10880
6.80456e-18	235.887	10890
6.76058e-18	234.201	10900
6.75382e-18	234.046	10910
6.78064e-18	234.923	10920
6.81681e-18	236.233	10930
6.79508e-18	235.529	10940
6.75395e-18	233.985	10950
6.84748e-18	237.339	10960
6.77273e-18	234.803	10970
6.76839e-18	234.389	10980
6.87368e-18	238.264	10990
6.84613e-18	237.375	11000
6.80643e-18	235.852	11010
6.81517e-18	236.2	11020
6.89121e-18	238.905	11030
6.8721e-18	238.333	11040
6.79798e-18	235.551	11050
6.85492e-18	237.613	11060
6.82673e-18	236.612	11070
6.84007e-18	237.177	11080
6.71228e-18	232.543	11090
6.70868e-18	232.325	11100
6.72555e-18	232.978	11110
6.69043e-18	231.726	11120
6.75668e-18	234.021	11130
6.74989e-18	233.892	11140
6.71715e-18	232.729	11150
6.64871e-18	230.183	11160
6.61308e-18	228.907	11170
6.64876e-18	230.149	11180
6.7317e-18	233.152	11190
6.69207e-18	231.828	11200
6.60449e-18	228.582	11210
6.65091e-18	230.256	11220
6.64021e-18	229.884	11230
6.70266e-18	232.094	11240
6.74645e-18	233.719	11250
6.72851e-18	233.054	11260
6.77246e-18	234.665	11270
6.77658e-18	234.776	11280
6.75292e-18	233.971	11290
6.84176e-18	237.139	11300
6.835e-18	236.935	11310
6.875e-18	238.318	11320
6.8967e-18	239.123	11330
6.91808e-18	239.925	11340
6.92804e-18	240.28	11350
6.89885e-18	239.244	11360
6.87841e-18	238.484	11370
6.9497e-18	241.081	11380
6.83925e-18	237.087	11390
6.81324e-18	236.177	11400
6.86297e-18	237.85	11410
6.97824e-18	242.066	11420
6.96122e-18	241.472	11430
6.99131e-18	242.594	11440
6.86901e-18	238.26	11450
6.75484e-18	234.065	11460
6.84958e-18	237.329	11470
6.93878e-18	240.707	11480
6.88993e-18	238.902	11490
6.85707e-18	237.737	11500
6.91488e-18	239.789	11510
6.94052e-18	240.716	11520
6.99435e-18	242.739	11530
6.87566e-18	238.436	11540
6.88127e-18	238.499	11550
6.92951e-18	240.4	11560
6.92626e-18	240.201	11570
6.94631e-18	240.978	11580
6.90628e-18	239.452	11590
6.91254e-18	239.761	11600
6.89295e-18	239.055	11610
6.83186e-18	236.813	11620
6.76039e-18	234.265	11630
6.79757e-18	235.494	11640
6.87046e-18	238.235	11650
6.88201e-18	238.635	11660
6.88269e-18	238.615	11670
6.96686e-18	241.604	11680
7.04567e-18	244.555	11690
6.91916e-18	240.029	11700
6.88458e-18	238.711	11710
6.84262e-18	237.181	11720
7.00139e-18	242.878	11730
7.03212e-18	244.044	11740
7.04262e-18	244.377	11750
6.9799e-18	242.276	11760
6.92276e-18	240.052	11770
6.98181e-18	242.195	11780
7.00543e-18	243.043	11790
7.06233e-18	245.203	11800
7.03277e-18	244.012	11810
7.05285e-18	244.844	11820
6.9426e-18	240.853	11830
7.00036e-18	242.807	11840
7.08754e-18	246.022	11850
7.09473e-18	246.361	11860
7.0148e-18	243.439	11870
7.02231e-18	243.654	11880
7.02991e-18	244.011	11890
6.96533e-18	241.664	11900
7.04541e-18	244.415	11910
7.07253e-18	245.58	11920
7.02028e-18	243.666	11930
6.97729e-18	242.094	11940
6.92789e-18	240.336	11950
6.96645e-18	241.567	11960
7.08814e-18	246.034	11970
7.07094e-18	245.566	11980
6.93912e-18	240.659	11990
7.07286e-18	245.497	12000
7.00975e-18	243.254	12010
7.01134e-18	243.273	12020
6.96315e-18	241.547	12030
6.98771e-18	242.512	12040
6.93526e-18	240.539	12050
6.8759e-18	238.432	12060
6.87104e-18	238.178	12070
6.90656e-18	239.558	12080
6.8224e-18	236.447	12090
6.83275e-18	236.891	12100
6.85083e-18	237.48	12110
6.85057e-18	237.484	12120
6.90868e-18	239.537	12130
6.90729e-18	239.558	12140
6.86889e-18	238.104	12150
6.92106e-18	240.084	12160
6.85358e-18	237.567	12170
6.91109e-18	239.691	12180
6.86424e-18	238.008	12190
6.8266e-18	236.674	12200
6.82276e-18	236.495	12210
6.82019e-18	236.395	12220
6.81872e-18	236.36	12230
6.78577e-18	235.12	12240
6.8319e-18	236.783	12250
6.83857e-18	237.136	12260
6.75106e-18	233.909	12270
6.71938e-18	232.781	12280
6.79176e-18	235.33	12290
6.86858e-18	238.126	12300
6.78143e-18	235.059	12310
6.81825e-18	236.283	12320
6.81392e-18	236.14	12330
6.93069e-18	240.282	12340
6.99169e-18	242.621	12350
6.96256e-18	241.571	12360
6.92192e-18	240.051	12370
6.97715e-18	242.043	12380
6.92696e-18	240.368	12390
6.86904e-18	238.043	12400
6.97745e-18	242.106	12410
6.92294e-18	240.128	12420
7.03654e-18	244.2	12430
7.00191e-18	242.906	12440
7.10827e-18	246.757	12450
7.10317e-18	246.683	12460
7.00889e-18	243.272	12470
6.91007e-18	239.708	12480
6.89822e-18	239.193	12490
6.89753e-18	239.195	12500
6.96656e-18	241.626	12510
7.00711e-18	243.16	12520
6.936e-18	240.572	12530
6.99437e-18	242.711	12540
6.83045e-18	236.857	12550
6.87359e-18	238.223	12560
7.02164e-18	243.613	12570
7.0744e-18	245.543	12580
7.03195e-18	244.102	12590
6.8917e-18	239.025	12600
6.96524e-18	241.566	12610
6.88732e-18	238.852	12620
6.96757e-18	241.687	12630
6.97506e-18	241.955	12640
6.97875e-18	242.13	12650
7.03517e-18	244.173	12660
6.87964e-18	238.628	12670
6.93514e-18	240.488	12680
6.88073e-18	238.645	12690
6.84626e-18	237.337	12700
6.94725e-18	240.851	12710
7.00373e-18	243.088	12720
6.81761e-18	236.364	12730
6.80924e-18	235.965	12740
6.8129e-18	236.156	12750
6.8332e-18	236.821	12760
6.86772e-18	238.107	12770
6.86497e-18	237.986	12780
6.82604e-18	236.678	12790
6.86757e-18	238.078	12800
6.80679e-18	235.913	12810
6.9711e-18	241.734	12820
6.95845e-18	241.514	12830
6.9189e-18	239.888	12840
7.07571e-18	245.527	12850
7.06784e-18	245.43	12860
6.97811e-18	242.149	12870
6.87621e-18	238.452	12880
6.97692e-18	241.97	12890
7.06008e-18	245.035	12900
6.99542e-18	242.786	12910
6.96724e-18	241.633	12920
7.10752e-18	246.753	12930
7.17632e-18	249.264	12940
7.08349e-18	245.901	12950
7.03057e-18	244.05	12960
6.97124e-18	241.839	12970
7.00338e-18	243.042	12980
7.0061e-18	243.025	12990
6.99929e-18	242.928	13000
6.99063e-18	242.533	13010
7.02295e-18	243.673	13020
7.02181e-18	243.701	13030
6.9824e-18	242.266	13040
6.97319e-18	241.998	13050
6.88082e-18	238.5	13060
6.98267e-18	242.24	13070
7.02975e-18	243.946	13080
7.00504e-18	243.111	13090
6.9234e-18	240.138	13100
6.9335e-18	240.499	13110
6.91887e-18	239.939	13120
6.98131e-18	242.203	13130
6.99348e-18	242.586	13140
6.99855e-18	242.901	13150
7.00996e-18	243.218	13160
7.00158e-18	242.951	13170
7.03485e-18	244.139	13180
7.04105e-18	244.331	13190
7.0505e-18	244.764	13200
7.06333e-18	245.14	13210
7.06776e-18	245.331	13220
7.07942e-18	245.741	13230
7.01043e-18	243.356	13240
6.98961e-18	242.481	13250
7.06043e-18	245.019	13260
7.06983e-18	245.428	13270
7.18196e-18	249.357	13280
7.13704e-18	247.946	13290
7.02437e-18	243.762	13300
7.08668e-18	246.003	13310
7.10123e-18	246.559	13320
7.10592e-18	246.722	13330
7.10581e-18	246.71	13340
7.16887e-18	248.975	13350
7.13127e-18	247.638	13360
7.14795e-18	248.301	13370
6.93806e-18	240.781	13380
6.94998e-18	241.038	13390
7.08244e-18	245.774	13400
7.11855e-18	247.155	13410
6.98596e-18	242.472	13420
6.91044e-18	239.662	13430
6.96599e-18	241.638	13440
6.93794e-18	240.694	13450
7.02042e-18	243.57	13460
6.95523e-18	241.335	13470
6.97197e-18	241.816	13480
6.99714e-18	242.857	13490
6.91155e-18	239.725	13500
6.94014e-18	240.702	13510
7.03628e-18	244.09	13520
7.06161e-18	245.133	13530
7.09951e-18	246.495	13540
7.03323e-18	244.125	13550
6.90988e-18	239.67	13560
7.05341e-18	244.707	13570
7.0395e-18	244.373	13580
7.04018e-18	244.346	13590
7.05907e-18	244.997	13600
7.07698e-18	245.717	13610
7.00613e-18	243.11	13620
7.06656e-18	245.28	13630
7.06142e-18	245.144	13640
7.04156e-18	244.366	13650
7.034e-18	244.083	13660
7.05978e-18	245.065	13670
7.01767e-18	243.614	13680
7.03104e-18	243.86	13690
7.11712e-18	247.185	13700
7.00259e-18	243.015	13710
6.919e-18	239.984	13720
7.03789e-18	244.141	13730
7.10751e-18	246.735	13740
7.15889e-18	248.643	13750
7.08696e-18	246.095	13760
7.07176e-18	245.48	13770
7.12205e-18	247.307	13780
7.15465e-18	248.5	13790
7.03903e-18	244.343	13800
7.10102e-18	246.493	13810
7.09457e-18	246.339	13820
7.14043e-18	247.927	13830
7.10105e-18	246.56	13840
7.14459e-18	248.1	13850
7.13506e-18	247.771	13860
7.08821e-18	246.134	13870
6.99195e-18	242.645	13880
7.068e-18	245.242	13890
7.03739e-18	244.35	13900
7.08082e-18	245.736	13910
6.99633e-18	242.824	13920
7.05152e-18	244.63	13930
7.16243e-18	248.762	13940
7.01664e-18	243.621	13950
7.07973e-18	245.644	13960
7.12491e-18	247.41	13970
7.12504e-18	247.41	13980
7.14715e-18	248.207	13990
7.12325e-18	247.368	14000
7.06241e-18	245.067	14010
7.1462e-18	248.17	14020
7.19415e-18	249.908	14030
7.1415e-18	248.001	14040
7.12995e-18	247.638	14050
7.09502e-18	246.306	14060
7.06741e-18	245.338	14070
6.98408e-18	242.363	14080
6.97833e-18	242.105	14090
7.08802e-18	246.022	14100
7.09738e-18	246.432	14110
7.07976e-18	245.78	14120
7.00782e-18	243.156	14130
6.95056e-18	241.092	14140
7.15235e-18	248.286	14150
7.15769e-18	248.678	14160
7.01933e-18	243.585	14170
7.11467e-18	247.009	14180
7.08067e-18	245.806	14190
7.134e-18	247.663	14200
7.20903e-18	250.371	14210
7.33243e-18	254.894	14220
7.35149e-18	255.559	14230
7.35131e-18	255.593	14240
7.30374e-18	253.959	14250
7.1806e-18	249.404	14260
7.16043e-18	248.704	14270
7.25083e-18	251.91	14280
7.28407e-18	253.11	14290
7.36171e-18	255.929	14300
7.40861e-18	257.701	14310
7.29818e-18	253.666	14320
7.33644e-18	254.997	14330
7.37405e-18	256.46	14340
7.2843e-18	253.199	14350
7.26543e-18	252.474	14360
7.28542e-18	253.142	14370
7.35938e-18	255.869	14380
7.33377e-18	254.948	14390
7.23998e-18	251.621	14400
7.23976e-18	251.527	14410
7.23105e-18	251.183	14420
7.27166e-18	252.728	14430
7.3554e-18	255.644	14440
7.40475e-18	257.552	14450
7.25067e-18	252.026	14460
7.3115e-18	254.112	14470
7.28644e-18	253.279	14480
7.26592e-18	252.52	14490
7.29788e-18	253.635	14500
7.29873e-18	253.666	14510
7.32788e-18	254.765	14520
7.31711e-18	254.293	14530
7.33934e-18	255.155	14540
7.3172e-18	254.373	14550
7.28442e-18	253.112	14560
7.46873e-18	259.759	14570
7.42224e-18	258.209	14580
7.4454e-18	258.969	14590
7.40941e-18	257.689	14600
7.40131e-18	257.336	14610
7.38822e-18	257.022	14620
7.39207e-18	257.006	14630
7.37273e-18	256.356	14640
7.43399e-18	258.417	14650
7.4771e-18	260.241	14660
7.41152e-18	257.687	14670
7.45967e-18	259.488	14680
7.4401e-18	258.835	14690
7.47043e-18	259.891	14700
7.33334e-18	255.034	14710
7.34504e-18	255.326	14720
7.38476e-18	256.709	14730
7.4674e-18	259.762	14740
7.52573e-18	261.876	14750
7.42342e-18	258.307	14760
7.33922e-18	255.082	14770
7.34736e-18	255.551	14780
7.23207e-18	251.359	14790
7.32389e-18	254.494	14800
7.31369e-18	254.234	14810
7.3493e-18	255.516	14820
7.29113e-18	253.465	14830
7.36522e-18	256.031	14840
7.32097e-18	254.582	14850
7.22704e-18	251.037	14860
7.33344e-18	254.986	14870
7.27295e-18	252.799	14880
7.20746e-18	250.395	14890
7.30647e-18	253.908	14900
7.35632e-18	255.731	14910
7.26834e-18	252.711	14920
7.23689e-18	251.392	14930
7.34006e-18	255.224	14940
7.24842e-18	251.971	14950
7.28987e-18	253.351	14960
7.20191e-18	250.174	14970
7.21262e-18	250.645	14980
7.33958e-18	255.115	14990
7.34681e-18	255.453	15000
7.32e-18	254.426	15010
7.28386e-18	253.167	15020
7.34754e-18	255.405	15030
7.37183e-18	256.322	15040
7.40563e-18	257.526	15050
7.38433e-18	256.811	15060
7.36872e-18	256.276	15070
7.33339e-18	254.975	15080
7.31736e-18	254.306	15090
7.35505e-18	255.714	15100
7.32793e-18	254.74	15110
7.46311e-18	259.552	15120
7.44151e-18	258.908	15130
7.36685e-18	256.165	15140
7.31766e-18	254.409	15150
7.33065e-18	254.802	15160
7.34183e-18	255.296	15170
7.15872e-18	248.718	15180
7.25284e-18	251.965	15190
7.26957e-18	252.694	15200
7.16598e-18	248.889	15210
7.19347e-18	249.807	15220
7.26869e-18	252.659	15230
7.14638e-18	248.207	15240
7.12856e-18	247.522	15250
7.19126e-18	249.754	15260
7.20979e-18	250.527	15270
7.12876e-18	247.535	15280
7.19869e-18	250.062	15290
7.17764e-18	249.319	15300
7.14948e-18	248.286	15310
7.14465e-18	248.159	15320
7.0699e-18	245.468	15330
6.98937e-18	242.544	15340
7.04846e-18	244.566	15350
7.15782e-18	248.533	15360
7.21376e-18	250.636	15370
7.21855e-18	250.796	15380
7.18837e-18	249.697	15390
7.14978e-18	248.32	15400
7.11227e-18	246.999	15410
7.11886e-18	247.173	15420
7.19228e-18	249.779	15430
7.17351e-18	249.245	15440
7.12441e-18	247.388	15450
7.07385e-18	245.574	15460
7.05452e-18	244.928	15470
7.011e-18	243.283	15480
7.08539e-18	245.942	15490
7.11363e-18	247.03	15500
7.00564e-18	243.147	15510
7.01822e-18	243.522	15520
7.06966e-18	245.376	15530
7.05726e-18	245.036	15540
6.97435e-18	242.039	15550
6.94178e-18	240.708	15560
6.98765e-18	242.442	15570
6.98788e-18	242.408	15580
7.02706e-18	243.957	15590
6.95056e-18	241.09	15600
6.98998e-18	242.526	15610
6.97806e-18	242.134	15620
6.94907e-18	241.057	15630
6.99177e-18	242.524	15640
7.00756e-18	243.2	15650
6.96155e-18	241.469	15660
6.96451e-18	241.676	15670
6.90712e-18	239.505	15680
6.97254e-18	241.873	15690
6.95252e-18	241.204	15700
6.90336e-18	239.442	15710
6.85032e-18	237.483	15720
6.94163e-18	240.741	15730
6.93425e-18	240.552	15740
6.88039e-18	238.473	15750
7.00897e-18	243.249	15760
6.86914e-18	238.189	15770
6.93844e-18	240.597	15780
7.06745e-18	245.293	15790
7.04622e-18	244.616	15800
7.0116e-18	243.326	15810
7.02851e-18	243.918	15820
7.02663e-18	243.85	15830
6.99805e-18	242.827	15840
7.01645e-18	243.487	15850
7.12247e-18	247.252	15860
7.10221e-18	246.631	15870
7.04875e-18	244.671	15880
6.99136e-18	242.57	15890
7.12426e-18	247.291	15900
7.13986e-18	247.977	15910
7.02017e-18	243.669	15920
7.00377e-18	243.004	15930
6.98883e-18	242.519	15940
7.08906e-18	246.038	15950
7.07866e-18	245.807	15960
7.0418e-18	244.315	15970
7.0984e-18	246.494	15980
7.00952e-18	243.257	15990
7.0343e-18	244.12	16000
7.09644e-18	246.334	16010
7.03065e-18	244.063	16020
7.03156e-18	243.96	16030
7.1553e-18	248.486	16040
7.12825e-18	247.54	16050
7.06701e-18	245.367	16060
7.07778e-18	245.6	16070
7.12251e-18	247.385	16080
7.04955e-18	244.613	16090
7.1373e-18	247.91	16100
7.06959e-18	245.389	16110
7.0564e-18	244.993	16120
6.99617e-18	242.69	16130
7.17555e-18	249.17	16140
7.13721e-18	247.86	16150
7.05796e-18	245.04	16160
6.97223e-18	241.871	16170
7.13248e-18	247.572	16180
7.22433e-18	251.057	16190
7.05848e-18	245.047	16200
7.12766e-18	247.419	16210
7.15787e-18	248.608	16220
7.20657e-18	250.313	16230
7.22296e-18	250.997	16240
7.16604e-18	248.919	16250
7.17212e-18	249.059	16260
7.31409e-18	254.167	16270
7.37195e-18	256.35	16280
7.28865e-18	253.301	16290
7.37093e-18	256.247	16300
7.29309e-18	253.567	16310
7.28611e-18	253.108	16320
7.43538e-18	258.665	16330
7.33981e-18	255.143	16340
7.22711e-18	251.221	16350
7.29041e-18	253.321	16360
7.25399e-18	252.122	16370
7.32963e-18	254.759	16380
7.35184e-18	255.55	16390
7.39052e-18	257.03	16400
7.31926e-18	254.439	16410
7.41886e-18	257.96	16420
7.35254e-18	255.693	16430
7.32414e-18	254.571	16440
7.37463e-18	256.396	16450
7.37085e-18	256.332	16460
7.30988e-18	254.099	16470
7.327e-18	254.664	16480
7.37373e-18	256.429	16490
7.28166e-18	253.112	16500
7.21017e-18	250.421	16510
7.33328e-18	254.954	16520
7.23518e-18	251.45	16530
7.18759e-18	249.558	16540
7.252e-18	252.009	16550
7.15514e-18	248.597	16560
7.09365e-18	246.238	16570
7.07368e-18	245.57	16580
7.1568e-18	248.471	16590
7.22293e-18	250.919	16600
7.18415e-18	249.595	16610
7.16143e-18	248.757	16620
7.13599e-18	247.751	16630
7.17252e-18	249.147	16640
7.14224e-18	247.949	16650
7.1773e-18	249.372	16660
7.07621e-18	245.571	16670
7.1437e-18	248.1	16680
7.14455e-18	248.082	16690
7.16741e-18	248.984	16700
7.08303e-18	245.865	16710
7.13434e-18	247.691	16720
7.09554e-18	246.389	16730
7.15062e-18	248.242	16740
7.21689e-18	250.746	16750
7.25519e-18	252.07	16760
7.14881e-18	248.359	16770
7.10389e-18	246.584	16780
7.13776e-18	247.901	16790
7.11716e-18	247.088	16800
7.10366e-18	246.692	16810
7.07431e-18	245.54	16820
7.07299e-18	245.486	16830
7.03464e-18	244.15	16840
7.04596e-18	244.538	16850
7.07525e-18	245.603	16860
7.08599e-18	245.946	16870
7.04486e-18	244.558	16880
7.04704e-18	244.538	16890
7.06055e-18	245.07	16900
7.08676e-18	246.049	16910
6.98997e-18	242.52	16920
7.00927e-18	243.197	16930
7.01327e-18	243.398	16940
6.89839e-18	239.222	16950
6.95397e-18	241.145	16960
7.04821e-18	244.612	16970
7.03514e-18	244.172	16980
6.91315e-18	239.794	16990
6.90034e-18	239.325	17000
6.95284e-18	241.032	17010
7.05829e-18	244.978	17020
7.11672e-18	247.065	17030
7.07564e-18	245.705	17040
7.05119e-18	244.669	17050
7.10532e-18	246.626	17060
7.17105e-18	249.033	17070
7.19896e-18	250.056	17080
7.22739e-18	251.067	17090
7.25664e-18	252.195	17100
7.19578e-18	249.895	17110
7.26716e-18	252.516	17120
7.24713e-18	251.801	17130
7.23758e-18	251.462	17140
7.34565e-18	255.397	17150
7.29246e-18	253.464	17160
7.34892e-18	255.496	17170
7.32248e-18	254.571	17180
7.3444e-18	255.246	17190
7.43611e-18	258.618	17200
7.37341e-18	256.359	17210
7.52143e-18	261.672	17220
7.47163e-18	260.013	17230
7.41015e-18	257.694	17240
7.40632e-18	257.556	17250
7.46417e-18	259.675	17260
7.43181e-18	258.428	17270
7.52169e-18	261.781	17280
7.53391e-18	262.232	17290
7.40123e-18	257.398	17300
7.4418e-18	258.916	17310
7.45837e-18	259.45	17320
7.4307e-18	258.417	17330
7.50366e-18	261.131	17340
7.39093e-18	257.012	17350
7.48556e-18	260.422	17360
7.47992e-18	260.236	17370
7.39952e-18	257.47	17380
7.40412e-18	257.431	17390
7.52291e-18	261.707	17400
7.477e-18	260.199	17410
7.46102e-18	259.524	17420
7.54256e-18	262.507	17430
7.43112e-18	258.49	17440
7.45047e-18	259.17	17450
7.52035e-18	261.629	17460
7.55763e-18	263.058	17470
7.53144e-18	262.132	17480
7.45887e-18	259.468	17490
7.48587e-18	260.426	17500
7.53299e-18	262.171	17510
7.49258e-18	260.763	17520
7.45445e-18	259.279	17530
7.56139e-18	263.213	17540
7.47252e-18	260.012	17550
7.50447e-18	261.032	17560
7.56654e-18	263.385	17570
7.4583e-18	259.546	17580
7.39119e-18	257.077	17590
7.46638e-18	259.647	17600
7.47782e-18	260.254	17610
7.32855e-18	254.745	17620
7.39894e-18	257.331	17630
7.44084e-18	258.819	17640
7.349e-18	255.638	17650
7.32517e-18	254.545	17660
7.4408e-18	258.8	17670
7.27341e-18	252.886	17680
7.23206e-18	251.247	17690
7.40769e-18	257.623	17700
7.33069e-18	254.887	17710
7.3046e-18	253.945	17720
7.32778e-18	254.725	17730
7.33366e-18	254.906	17740
7.44815e-18	259.01	17750
7.38187e-18	256.825	17760
7.32276e-18	254.448	17770
7.38584e-18	256.877	17780
7.40714e-18	257.623	17790
7.35919e-18	255.865	17800
7.41404e-18	257.783	17810
7.51822e-18	261.586	17820
7.51463e-18	261.541	17830
7.35114e-18	255.614	17840
7.45556e-18	259.283	17850
7.45911e-18	259.495	17860
7.5238e-18	261.876	17870
7.37583e-18	256.433	17880
7.59609e-18	264.358	17890
7.55322e-18	262.915	17900
7.5419e-18	262.482	17910
7.55273e-18	262.934	17920
7.51959e-18	261.697	17930
7.50069e-18	260.982	17940
7.47064e-18	259.914	17950
7.4833e-18	260.388	17960
7.45219e-18	259.3	17970
7.36994e-18	256.277	17980
7.4464e-18	258.953	17990
7.47912e-18	260.256	18000
7.36818e-18	256.186	18010
7.43616e-18	258.682	18020
7.41293e-18	257.852	18030
7.37969e-18	256.605	18040
7.3954e-18	257.23	18050
7.33036e-18	254.794	18060
7.41983e-18	258.045	18070
7.45034e-18	259.178	18080
7.39314e-18	257.063	18090
7.3281e-18	254.753	18100
7.42702e-18	258.171	18110
7.5649e-18	263.327	18120
7.47639e-18	260.181	18130
7.41546e-18	257.86	18140
7.46926e-18	259.853	18150
7.48581e-18	260.455	18160
7.4731e-18	259.996	18170
7.45322e-18	259.261	18180
7.49586e-18	260.824	18190
7.37873e-18	256.615	18200
7.44926e-18	259.162	18210
7.36607e-18	256.071	18220
7.40129e-18	257.397	18230
7.39093e-18	257.065	18240
7.37224e-18	256.384	18250
7.23679e-18	251.451	18260
7.32282e-18	254.502	18270
7.35279e-18	255.682	18280
7.29961e-18	253.668	18290
7.41367e-18	257.826	18300
7.37891e-18	256.587	18310
7.27756e-18	252.975	18320
7.29105e-18	253.433	18330
7.36708e-18	256.104	18340
7.35074e-18	255.602	18350
7.34917e-18	255.462	18360
7.30027e-18	253.814	18370
7.33964e-18	255.08	18380
7.39816e-18	257.355	18390
7.3658e-18	256.04	18400
7.3767e-18	256.574	18410
7.33192e-18	254.902	18420
7.30851e-18	254.054	18430
7.31704e-18	254.296	18440
7.4155e-18	257.87	18450
7.36428e-18	256.137	18460
7.33485e-18	254.98	18470
7.38e-18	256.528	18480
7.47451e-18	260.077	18490
7.36646e-18	256.153	18500
7.37162e-18	256.303	18510
7.41782e-18	257.93	18520
7.44552e-18	259.043	18530
7.37169e-18	256.334	18540
7.37056e-18	256.277	18550
7.45175e-18	259.191	18560
7.37053e-18	256.221	18570
7.54674e-18	262.624	18580
7.4576e-18	259.467	18590
7.41466e-18	257.979	18600
7.37657e-18	256.437	18610
7.35477e-18	255.797	18620
7.35364e-18	255.658	18630
7.32541e-18	254.617	18640
7.45189e-18	259.177	18650
7.39614e-18	257.29	18660
7.3976e-18	257.141	18670
7.37566e-18	256.523	18680
7.40598e-18	257.517	18690
7.37128e-18	256.388	18700
7.31883e-18	254.347	18710
7.34221e-18	255.303	18720
7.48014e-18	260.151	18730
7.47647e-18	260.189	18740
7.36319e-18	256.01	18750
7.37604e-18	256.471	18760
7.48843e-18	260.502	18770
7.30199e-18	253.946	18780
7.25865e-18	252.26	18790
7.35241e-18	255.478	18800
7.4865e-18	260.479	18810
7.37965e-18	256.664	18820
7.48863e-18	260.425	18830
7.50546e-18	261.281	18840
7.32475e-18	254.596	18850
7.42871e-18	258.338	18860
7.51063e-18	261.369	18870
7.47435e-18	260.066	18880
7.48918e-18	260.529	18890
7.51124e-18	261.352	18900
7.53371e-18	262.133	18910
7.56375e-18	263.302	18920
7.41723e-18	257.968	18930
7.53373e-18	262.109	18940
7.47927e-18	260.273	18950
7.47156e-18	259.988	18960
7.40421e-18	257.467	18970
7.48853e-18	260.534	18980
7.51692e-18	261.559	18990
7.53141e-18	262.044	19000
7.50499e-18	261.16	19010
7.552e-18	262.911	19020
7.51665e-18	261.554	19030
7.51705e-18	261.577	19040
7.54341e-18	262.487	19050
7.48322e-18	260.437	19060
7.46351e-18	259.603	19070
7.52135e-18	261.712	19080
7.45149e-18	259.222	19090
7.49955e-18	260.95	19100
7.50708e-18	261.207	19110
7.54528e-18	262.612	19120
7.54561e-18	262.601	19130
7.54993e-18	262.707	19140
7.6277e-18	265.548	19150
7.56809e-18	263.494	19160
7.47951e-18	260.23	19170
7.54227e-18	262.505	19180
7.52425e-18	261.81	19190
7.50471e-18	261.183	19200
7.45883e-18	259.41	19210
7.50164e-18	260.926	19220
7.62307e-18	265.381	19230
7.58501e-18	264.052	19240
7.59107e-18	264.182	19250
7.5763e-18	263.793	19260
7.47087e-18	259.896	19270
7.54823e-18	262.726	19280
7.48334e-18	260.342	19290
7.50111e-18	261.002	19300
7.55008e-18	262.768	19310
7.59056e-18	264.188	19320
7.53425e-18	262.314	19330
7.52024e-18	261.661	19340
7.54444e-18	262.584	19350
7.47647e-18	260.206	19360
7.47103e-18	259.791	19370
7.58104e-18	263.901	19380
7.5215e-18	261.715	19390
7.62604e-18	265.466	19400
7.61038e-18	265.026	19410
7.53155e-18	262.088	19420
7.58225e-18	263.955	19430
7.53261e-18	262.198	19440
7.44572e-18	258.989	19450
7.59773e-18	264.423	19460
7.55634e-18	263.074	19470
7.52758e-18	261.934	19480
7.58995e-18	264.244	19490
7.53645e-18	262.33	19500
7.50378e-18	261.071	19510
7.53933e-18	262.464	19520
7.43447e-18	258.569	19530
7.37946e-18	256.678	19540
7.33848e-18	255.066	19550
7.45157e-18	259.12	19560
7.5077e-18	261.299	19570
7.42281e-18	258.177	19580
7.47959e-18	260.145	19590
7.4804e-18	260.343	19600
7.38824e-18	256.951	19610
7.37487e-18	256.482	19620
7.37365e-18	256.356	19630
7.49388e-18	260.683	19640
7.53894e-18	262.334	19650
7.58302e-18	263.94	19660
7.48064e-18	260.36	19670
7.40777e-18	257.637	19680
7.53642e-18	262.263	19690
7.54457e-18	262.503	19700
7.64601e-18	266.173	19710
7.63935e-18	266.066	19720
7.55143e-18	262.773	19730
7.54516e-18	262.703	19740
7.42085e-18	258.026	19750
7.54201e-18	262.487	19760
7.35334e-18	255.8	19770
7.31519e-18	254.245	19780
7.32801e-18	254.784	19790
7.3833e-18	256.664	19800
7.48236e-18	260.293	19810
7.42953e-18	258.521	19820
7.4105e-18	257.685	19830
7.47303e-18	259.936	19840
7.39736e-18	257.358	19850
7.24499e-18	251.758	19860
7.30011e-18	253.678	19870
7.26365e-18	252.506	19880
7.22584e-18	251.005	19890
7.2443e-18	251.711	19900
7.24655e-18	251.803	19910
7.25675e-18	252.141	19920
7.279e-18	252.932	19930
7.32239e-18	254.522	19940
7.33186e-18	254.84	19950
7.36011e-18	255.909	19960
7.32712e-18	254.689	19970
7.37208e-18	256.302	19980
7.39688e-18	257.23	19990
7.45098e-18	259.158	20000
