6.22894e-20	1.10445e-06	0
6.22932e-20	0.000133647	10
6.23031e-20	0.000487169	20
6.23191e-20	0.00106188	30
6.23412e-20	0.00185812	40
6.23695e-20	0.00287636	50
6.2404e-20	0.00411721	60
6.24446e-20	0.0055814	70
6.24915e-20	0.0072698	80
6.25446e-20	0.00918343	90
6.26039e-20	0.0113234	100
6.26696e-20	0.0136911	110
6.27416e-20	0.0162879	120
6.282e-20	0.0191153	130
6.29048e-20	0.0221752	140
6.29962e-20	0.0254693	150
6.3094e-20	0.0289998	160
6.31985e-20	0.0327689	170
6.33096e-20	0.0367789	180
6.34275e-20	0.0410323	190
6.35522e-20	0.0455319	200
6.36838e-20	0.0502806	210
6.38224e-20	0.0552815	220
6.39681e-20	0.0605378	230
6.41209e-20	0.0660531	240
6.4281e-20	0.0718311	250
6.44485e-20	0.0778756	260
6.46235e-20	0.0841909	270
6.48061e-20	0.0907813	280
6.49965e-20	0.0976515	290
6.51947e-20	0.104806	300
6.5401e-20	0.112251	310
6.56154e-20	0.119991	320
6.58382e-20	0.128032	330
6.60695e-20	0.13638	340
6.63095e-20	0.145042	350
6.65583e-20	0.154024	360
6.68162e-20	0.163333	370
6.70834e-20	0.172978	380
6.73601e-20	0.182965	390
6.76465e-20	0.193303	400
6.79428e-20	0.204001	410
6.82494e-20	0.215068	420
6.85665e-20	0.226514	430
6.88944e-20	0.238348	440
6.92333e-20	0.250583	450
6.95836e-20	0.26323	460
6.99457e-20	0.276299	470
7.03198e-20	0.289805	480
7.07064e-20	0.303761	490
7.11058e-20	0.31818	500
7.15185e-20	0.333078	510
7.19449e-20	0.348471	520
7.23855e-20	0.364375	530
7.28407e-20	0.380808	540
7.33111e-20	0.39779	550
7.37973e-20	0.415339	560
7.42997e-20	0.433478	570
7.48191e-20	0.452228	580
7.53561e-20	0.471613	590
7.59114e-20	0.491659	600
7.64857e-20	0.512392	610
7.70799e-20	0.533841	620
7.76947e-20	0.556036	630
7.8331e-20	0.579009	640
7.89899e-20	0.602795	650
7.96723e-20	0.62743	660
8.03794e-20	0.652954	670
8.11122e-20	0.679408	680
8.1872e-20	0.706837	690
8.26601e-20	0.735289	700
8.3478e-20	0.764815	710
8.43271e-20	0.795469	720
8.52092e-20	0.827311	730
8.61259e-20	0.860404	740
8.70791e-20	0.894816	750
8.80709e-20	0.930619	760
8.91034e-20	0.967892	770
9.0179e-20	1.00672	780
9.13003e-20	1.0472	790
9.24699e-20	1.08942	800
9.36909e-20	1.13349	810
9.49664e-20	1.17954	820
9.63e-20	1.22768	830
9.76955e-20	1.27806	840
9.9157e-20	1.33081	850
1.00689e-19	1.38611	860
1.02296e-19	1.44414	870
1.03985e-19	1.50508	880
1.0576e-19	1.56915	890
1.07628e-19	1.63659	900
1.09597e-19	1.70764	910
1.11673e-19	1.7826	920
1.13867e-19	1.86178	930
1.16187e-19	1.94551	940
1.18644e-19	2.0342	950
1.2125e-19	2.12825	960
1.24018e-19	2.22814	970
1.26962e-19	2.33441	980
1.301e-19	2.44765	990
1.33449e-19	2.56851	1000
1.3703e-19	2.69776	1010
1.40867e-19	2.83623	1020
1.44987e-19	2.98489	1030
1.49419e-19	3.14483	1040
1.54199e-19	3.3173	1050
1.59365e-19	3.50371	1060
1.64964e-19	3.70572	1070
1.71047e-19	3.92523	1080
1.77678e-19	4.16443	1090
1.84925e-19	4.42591	1100
1.92875e-19	4.71267	1110
2.01624e-19	5.0283	1120
2.11292e-19	5.37702	1130
2.22018e-19	5.76389	1140
2.33972e-19	6.195	1150
2.47359e-19	6.67776	1160
2.6243e-19	7.22121	1170
2.79496e-19	7.83653	1180
2.98943e-19	8.53766	1190
3.21262e-19	9.34219	1200
3.47075e-19	10.2726	1210
3.7719e-19	11.3578	1220
4.12665e-19	12.636	1230
4.54914e-19	14.158	1240
5.05855e-19	15.9927	1250
5.6814e-19	18.2354	1260
6.45517e-19	21.0208	1270
7.43394e-19	24.5429	1280
8.69728e-19	29.0875	1290
1.03638e-18	35.0803	1300
1.26084e-18	43.1492	1310
1.56648e-18	54.1367	1320
1.96993e-18	68.6606	1330
2.39603e-18	84.1287	1340
2.34696e-18	82.9457	1350
1.32896e-18	46.2221	1360
1.84262e-18	63.677	1370
2.11583e-18	74.4306	1380
2.19806e-18	76.9327	1390
2.27625e-18	80.1468	1400
2.01348e-18	70.6749	1410
1.68801e-18	58.9495	1420
1.36832e-18	47.3621	1430
1.1195e-18	38.3279	1440
9.34433e-19	31.6079	1450
7.95634e-19	26.5693	1460
6.89446e-19	22.716	1470
6.06505e-19	19.7072	1480
5.40488e-19	17.313	1490
4.87062e-19	15.376	1500
4.43201e-19	13.7861	1510
4.06741e-19	12.4647	1520
3.76106e-19	11.3547	1530
3.50125e-19	10.4133	1540
3.27911e-19	9.60861	1550
3.08785e-19	8.91582	1560
2.92218e-19	8.31578	1570
2.77793e-19	7.79334	1580
2.65177e-19	7.33647	1590
2.54103e-19	6.93544	1600
2.44353e-19	6.58237	1610
2.35748e-19	6.27079	1620
2.28142e-19	5.99537	1630
2.21412e-19	5.75167	1640
2.15455e-19	5.53599	1650
2.10187e-19	5.3452	1660
2.05533e-19	5.17669	1670
2.01434e-19	5.02823	1680
1.97837e-19	4.89794	1690
1.94698e-19	4.78421	1700
1.91979e-19	4.6857	1710
1.89649e-19	4.60126	1720
1.87681e-19	4.52993	1730
1.86053e-19	4.4709	1740
1.84748e-19	4.42352	1750
1.83751e-19	4.38728	1760
1.8305e-19	4.36177	1770
1.8264e-19	4.34673	1780
1.82514e-19	4.34201	1790
1.82674e-19	4.34758	1800
1.83121e-19	4.36354	1810
1.83863e-19	4.39014	1820
1.84911e-19	4.42781	1830
1.86283e-19	4.47715	1840
1.88003e-19	4.53903	1850
1.90101e-19	4.6146	1860
1.92623e-19	4.7054	1870
1.95624e-19	4.81351	1880
1.99182e-19	4.94167	1890
2.034e-19	5.09363	1900
2.08422e-19	5.27452	1910
2.14446e-19	5.49147	1920
2.21755e-19	5.75466	1930
2.30758e-19	6.07877	1940
2.4205e-19	6.48517	1950
2.56478e-19	7.00428	1960
2.75083e-19	7.67369	1970
2.98238e-19	8.50814	1980
3.20686e-19	9.32483	1990
3.13277e-19	9.09244	2000
2.48513e-19	6.7541	2010
2.891e-19	8.13592	2020
3.55836e-19	10.587	2030
3.64971e-19	10.9354	2040
3.62594e-19	10.8486	2050
3.65691e-19	10.9557	2060
3.77137e-19	11.364	2070
3.97602e-19	12.0978	2080
4.28308e-19	13.2005	2090
4.71705e-19	14.7598	2100
5.31773e-19	16.9187	2110
6.13449e-19	19.8557	2120
7.16828e-19	23.5824	2130
8.05207e-19	26.8183	2140
7.11313e-19	23.6114	2150
4.70919e-19	14.7592	2160
7.09195e-19	23.2419	2170
7.31211e-19	24.2312	2180
7.00044e-19	23.0042	2190
7.71371e-19	25.5956	2200
7.68795e-19	25.5454	2210
7.28421e-19	24.0907	2220
6.95755e-19	22.8997	2230
6.83831e-19	22.4552	2240
6.95263e-19	22.8537	2250
7.31896e-19	24.1613	2260
7.97123e-19	26.4997	2270
8.9329e-19	29.9573	2280
1.00254e-18	33.9161	2290
1.00948e-18	34.3027	2300
7.70913e-19	25.7127	2310
9.55973e-19	32.0392	2320
1.20314e-18	41.2178	2330
1.02621e-18	35.0095	2340
8.05529e-19	26.8768	2350
9.37708e-19	31.5031	2360
1.07893e-18	36.7023	2370
1.06717e-18	36.3336	2380
1.04278e-18	35.4182	2390
1.08185e-18	36.8042	2400
1.12378e-18	38.3442	2410
1.0439e-18	35.6065	2420
7.06619e-19	23.4133	2430
8.83473e-19	29.4722	2440
1.02118e-18	34.6647	2450
9.38086e-19	31.701	2460
8.54377e-19	28.6552	2470
8.10315e-19	27.0391	2480
8.03122e-19	26.7591	2490
8.23209e-19	27.4741	2500
8.3891e-19	28.0648	2510
7.83712e-19	26.1147	2520
7.7463e-19	25.6702	2530
9.28237e-19	31.2125	2540
9.53014e-19	32.2338	2550
8.04736e-19	26.8918	2560
8.95113e-19	29.9531	2570
1.071e-18	36.3797	2580
1.15166e-18	39.3144	2590
1.22862e-18	42.0944	2600
1.25201e-18	43.0307	2610
1.01128e-18	34.5155	2620
8.45868e-19	28.1848	2630
1.18898e-18	40.5614	2640
1.3236e-18	45.5051	2650
1.42591e-18	49.228	2660
1.4693e-18	50.819	2670
1.45714e-18	50.4521	2680
1.25686e-18	43.3038	2690
1.21445e-18	41.5684	2700
1.28272e-18	44.0606	2710
1.30591e-18	44.989	2720
1.19959e-18	41.1024	2730
1.283e-18	44.0384	2740
1.32564e-18	45.6603	2750
1.26613e-18	43.5416	2760
1.18824e-18	40.7183	2770
1.16593e-18	39.8557	2780
1.22644e-18	42.0139	2790
1.30332e-18	44.7888	2800
1.39511e-18	48.0909	2810
1.50205e-18	51.9621	2820
1.52041e-18	52.7488	2830
1.31241e-18	45.2297	2840
1.54047e-18	53.254	2850
1.5987e-18	55.53	2860
1.68877e-18	58.678	2870
1.73362e-18	60.4307	2880
1.62247e-18	56.4219	2890
1.65881e-18	57.6036	2900
1.73675e-18	60.5127	2910
1.62614e-18	56.5964	2920
1.58156e-18	54.8252	2930
1.73707e-18	60.4398	2940
1.76452e-18	61.5315	2950
1.70136e-18	59.2571	2960
1.67686e-18	58.3147	2970
1.78319e-18	62.0788	2980
1.921e-18	67.1184	2990
1.90535e-18	66.6218	3000
1.90895e-18	66.6883	3010
1.97157e-18	68.9653	3020
1.85142e-18	64.7927	3030
1.84982e-18	64.4798	3040
2.04757e-18	71.5987	3050
2.11756e-18	74.3807	3060
1.88918e-18	66.1368	3070
2.05112e-18	71.6275	3080
2.24456e-18	78.825	3090
2.21562e-18	77.852	3100
2.07065e-18	72.6923	3110
1.93068e-18	67.4926	3120
1.98952e-18	69.6071	3130
2.03995e-18	71.4281	3140
2.02877e-18	71.067	3150
2.0787e-18	72.8378	3160
1.94555e-18	68.1887	3170
1.88472e-18	65.7188	3180
2.17515e-18	76.201	3190
2.28624e-18	80.3446	3200
2.24436e-18	78.8904	3210
2.16371e-18	75.9563	3220
2.13019e-18	74.7347	3230
2.11068e-18	73.9908	3240
2.20537e-18	77.354	3250
2.28874e-18	80.4341	3260
2.29525e-18	80.6209	3270
2.32302e-18	81.8623	3280
2.32058e-18	81.5449	3290
2.17398e-18	76.2588	3300
2.5032e-18	87.9946	3310
2.6158e-18	92.324	3320
2.47324e-18	87.1551	3330
2.52765e-18	88.986	3340
2.64986e-18	93.4787	3350
2.69048e-18	94.9351	3360
2.64049e-18	93.2023	3370
2.57325e-18	90.7738	3380
2.48493e-18	87.5712	3390
2.51138e-18	88.5048	3400
2.51318e-18	88.4954	3410
2.51102e-18	88.5111	3420
2.47619e-18	87.2084	3430
2.52756e-18	89.0186	3440
2.62066e-18	92.3862	3450
2.6328e-18	92.9303	3460
2.44408e-18	86.1796	3470
2.49785e-18	87.7904	3480
2.8651e-18	101.11	3490
2.9765e-18	105.322	3500
2.79446e-18	98.8626	3510
2.72221e-18	96.0481	3520
3.09697e-18	109.335	3530
3.24572e-18	115.168	3540
3.16271e-18	111.933	3550
3.45892e-18	122.444	3560
3.7085e-18	131.862	3570
3.22787e-18	114.621	3580
3.34242e-18	118.355	3590
3.22537e-18	114.604	3600
3.59318e-18	127.116	3610
3.73562e-18	132.979	3620
3.37865e-18	119.834	3630
3.24851e-18	115.189	3640
3.52106e-18	124.759	3650
3.62754e-18	128.895	3660
3.40663e-18	120.953	3670
3.39145e-18	120.253	3680
3.3607e-18	119.21	3690
3.54315e-18	125.536	3700
3.70749e-18	131.78	3710
3.52179e-18	125.121	3720
3.40593e-18	120.765	3730
3.62123e-18	128.466	3740
3.65667e-18	129.952	3750
3.52756e-18	125.204	3760
3.61417e-18	128.29	3770
3.62094e-18	128.603	3780
3.5606e-18	126.455	3790
3.37229e-18	119.727	3800
3.35007e-18	118.713	3810
3.4788e-18	123.379	3820
3.57131e-18	126.732	3830
3.64208e-18	129.338	3840
3.74427e-18	132.931	3850
3.7283e-18	132.286	3860
4.01035e-18	142.689	3870
3.65518e-18	130.129	3880
3.61866e-18	128.172	3890
3.97685e-18	141.416	3900
4.01292e-18	142.711	3910
4.03278e-18	143.472	3920
3.90367e-18	138.83	3930
4.1271e-18	146.741	3940
3.97767e-18	141.812	3950
3.44762e-18	122.3	3960
3.78116e-18	134.263	3970
3.86216e-18	137.246	3980
3.90879e-18	138.988	3990
3.89697e-18	138.546	4000
3.89372e-18	138.469	4010
3.76986e-18	134.03	4020
3.79056e-18	134.642	4030
3.89896e-18	138.622	4040
3.79331e-18	134.769	4050
3.77599e-18	134.222	4060
3.81039e-18	135.385	4070
3.80961e-18	135.388	4080
3.94568e-18	140.229	4090
3.90779e-18	139.066	4100
3.74938e-18	133.223	4110
3.85387e-18	136.963	4120
3.9151e-18	139.078	4130
4.16308e-18	148.148	4140
3.907e-18	138.932	4150
3.93326e-18	139.915	4160
3.91736e-18	139.157	4170
4.10177e-18	145.952	4180
4.123e-18	146.69	4190
4.16008e-18	148.06	4200
4.12752e-18	146.903	4210
4.12962e-18	147.004	4220
4.00574e-18	142.489	4230
3.98797e-18	141.794	4240
4.03573e-18	143.547	4250
4.04604e-18	144.005	4260
3.86515e-18	137.398	4270
3.99265e-18	141.96	4280
3.9343e-18	140.018	4290
3.69151e-18	131.247	4300
3.56988e-18	126.833	4310
3.60261e-18	127.854	4320
3.67264e-18	130.358	4330
3.73333e-18	132.718	4340
3.49754e-18	124.187	4350
3.57982e-18	127.016	4360
3.65485e-18	129.829	4370
3.64815e-18	129.629	4380
3.58014e-18	127.054	4390
3.70687e-18	131.651	4400
3.70872e-18	131.792	4410
3.69466e-18	131.181	4420
3.78267e-18	134.415	4430
3.76362e-18	133.763	4440
3.61231e-18	128.316	4450
3.71857e-18	132.093	4460
3.63329e-18	129.086	4470
3.6063e-18	128.017	4480
3.71723e-18	132.001	4490
3.75338e-18	133.355	4500
3.77066e-18	133.984	4510
3.7181e-18	132.166	4520
3.76822e-18	133.894	4530
3.71098e-18	131.805	4540
3.79197e-18	134.735	4550
3.80861e-18	135.359	4560
3.81454e-18	135.552	4570
3.87742e-18	137.851	4580
3.79607e-18	134.974	4590
3.75408e-18	133.399	4600
3.78298e-18	134.433	4610
3.7576e-18	133.542	4620
3.73141e-18	132.551	4630
3.76108e-18	133.654	4640
3.68684e-18	130.987	4650
3.72443e-18	132.258	4660
3.83769e-18	136.365	4670
3.8675e-18	137.483	4680
3.86439e-18	137.386	4690
3.82174e-18	135.866	4700
3.82975e-18	136.09	4710
3.8706e-18	137.585	4720
3.92578e-18	139.554	4730
3.89408e-18	138.501	4740
3.86695e-18	137.426	4750
3.98539e-18	141.717	4760
3.98801e-18	141.78	4770
4.13136e-18	146.997	4780
4.0669e-18	144.779	4790
3.8978e-18	138.628	4800
4.02613e-18	143.133	4810
4.0284e-18	143.274	4820
4.06789e-18	144.746	4830
3.94934e-18	140.503	4840
4.09931e-18	145.787	4850
4.04106e-18	143.836	4860
4.06885e-18	144.737	4870
4.0548e-18	144.296	4880
4.02952e-18	143.355	4890
4.03459e-18	143.496	4900
4.08237e-18	145.248	4910
4.00736e-18	142.621	4920
4.01086e-18	142.567	4930
4.17587e-18	148.586	4940
4.14901e-18	147.705	4950
4.12321e-18	146.75	4960
4.05149e-18	144.122	4970
4.10629e-18	146.11	4980
4.16066e-18	148.072	4990
4.05081e-18	144.234	5000
3.96456e-18	140.984	5010
3.99099e-18	141.938	5020
4.02817e-18	143.258	5030
4.05282e-18	144.171	5040
4.10473e-18	146.044	5050
4.09297e-18	145.638	5060
4.1158e-18	146.448	5070
4.11368e-18	146.433	5080
3.96504e-18	141.027	5090
4.08356e-18	145.287	5100
4.01787e-18	142.951	5110
4.08196e-18	145.236	5120
4.05105e-18	144.212	5130
4.01548e-18	142.849	5140
3.98337e-18	141.73	5150
4.01153e-18	142.621	5160
4.09302e-18	145.632	5170
4.01747e-18	142.96	5180
3.97179e-18	141.268	5190
3.98781e-18	141.823	5200
4.04317e-18	143.82	5210
4.02307e-18	143.083	5220
4.04772e-18	144.025	5230
4.01494e-18	142.784	5240
4.13635e-18	147.159	5250
4.21971e-18	150.194	5260
4.15601e-18	147.974	5270
4.10407e-18	146.009	5280
4.31575e-18	153.564	5290
4.38837e-18	156.338	5300
4.33742e-18	154.502	5310
4.30081e-18	153.133	5320
4.23835e-18	150.97	5330
4.2137e-18	149.995	5340
4.219e-18	150.221	5350
4.22914e-18	150.502	5360
4.25813e-18	151.672	5370
4.16874e-18	148.357	5380
4.23185e-18	150.648	5390
4.18283e-18	148.919	5400
4.13644e-18	147.205	5410
4.19637e-18	149.315	5420
4.2084e-18	149.858	5430
4.19858e-18	149.419	5440
4.18962e-18	149.176	5450
4.12609e-18	146.852	5460
4.11098e-18	146.274	5470
4.21127e-18	149.843	5480
4.28571e-18	152.598	5490
4.17734e-18	148.781	5500
4.08157e-18	145.235	5510
4.12709e-18	146.823	5520
4.19621e-18	149.339	5530
4.17118e-18	148.514	5540
4.17121e-18	148.441	5550
4.21988e-18	150.193	5560
4.22111e-18	150.266	5570
4.22546e-18	150.436	5580
4.23696e-18	150.823	5590
4.25461e-18	151.538	5600
4.15698e-18	147.957	5610
4.1789e-18	148.685	5620
4.30484e-18	153.252	5630
4.36368e-18	155.395	5640
4.32443e-18	154.051	5650
4.26224e-18	151.789	5660
4.26257e-18	151.735	5670
4.33327e-18	154.269	5680
4.42743e-18	157.697	5690
4.39705e-18	156.676	5700
4.32584e-18	154.102	5710
4.29193e-18	152.779	5720
4.38665e-18	156.231	5730
4.39152e-18	156.465	5740
4.34993e-18	154.892	5750
4.41066e-18	157.103	5760
4.4247e-18	157.604	5770
4.44443e-18	158.359	5780
4.39323e-18	156.514	5790
4.42769e-18	157.695	5800
4.42998e-18	157.858	5810
4.32535e-18	154.102	5820
4.33124e-18	154.16	5830
4.43221e-18	157.914	5840
4.39278e-18	156.508	5850
4.3363e-18	154.457	5860
4.31582e-18	153.668	5870
4.37083e-18	155.638	5880
4.43063e-18	157.844	5890
4.31909e-18	153.884	5900
4.33816e-18	154.473	5910
4.31769e-18	153.777	5920
4.29359e-18	152.911	5930
4.28701e-18	152.624	5940
4.31983e-18	153.839	5950
4.31078e-18	153.506	5960
4.31997e-18	153.856	5970
4.26234e-18	151.746	5980
4.34064e-18	154.556	5990
4.34387e-18	154.713	6000
4.3495e-18	154.899	6010
4.37779e-18	155.892	6020
4.44929e-18	158.478	6030
4.46221e-18	158.993	6040
4.42144e-18	157.503	6050
4.47041e-18	159.264	6060
4.46128e-18	158.938	6070
4.51549e-18	160.897	6080
4.5083e-18	160.66	6090
4.50179e-18	160.389	6100
4.57484e-18	162.981	6110
4.63557e-18	165.273	6120
4.52178e-18	161.186	6130
4.49524e-18	160.176	6140
4.57148e-18	162.851	6150
4.58562e-18	163.469	6160
4.57624e-18	163.105	6170
4.5672e-18	162.773	6180
4.62926e-18	164.944	6190
4.6925e-18	167.318	6200
4.61059e-18	164.399	6210
4.58057e-18	163.219	6220
4.62201e-18	164.762	6230
4.61208e-18	164.396	6240
4.60653e-18	164.184	6250
4.64704e-18	165.649	6260
4.62285e-18	164.81	6270
4.61445e-18	164.456	6280
4.67914e-18	166.805	6290
4.62998e-18	165.06	6300
4.67569e-18	166.638	6310
4.72452e-18	168.445	6320
4.71657e-18	168.187	6330
4.65536e-18	166.03	6340
4.61554e-18	164.493	6350
4.63988e-18	165.402	6360
4.58047e-18	163.335	6370
4.56838e-18	162.798	6380
4.61277e-18	164.396	6390
4.63481e-18	165.219	6400
4.58718e-18	163.543	6410
4.60079e-18	163.938	6420
4.63293e-18	165.174	6430
4.56182e-18	162.606	6440
4.52575e-18	161.306	6450
4.54601e-18	161.952	6460
4.65586e-18	165.95	6470
4.65185e-18	165.822	6480
4.6471e-18	165.698	6490
4.60623e-18	164.197	6500
4.64132e-18	165.405	6510
4.70884e-18	167.886	6520
4.66931e-18	166.483	6530
4.66048e-18	166.171	6540
4.69933e-18	167.534	6550
4.74203e-18	169.071	6560
4.76152e-18	169.794	6570
4.72791e-18	168.635	6580
4.7162e-18	168.141	6590
4.77622e-18	170.274	6600
4.79253e-18	170.964	6610
4.71335e-18	168.081	6620
4.6779e-18	166.79	6630
4.71952e-18	168.226	6640
4.73573e-18	168.891	6650
4.73974e-18	168.996	6660
4.73995e-18	169.036	6670
4.70129e-18	167.621	6680
4.75691e-18	169.623	6690
4.75112e-18	169.422	6700
4.75057e-18	169.418	6710
4.69446e-18	167.389	6720
4.72125e-18	168.342	6730
4.73984e-18	169.03	6740
4.75207e-18	169.435	6750
4.79147e-18	170.878	6760
4.72037e-18	168.35	6770
4.72477e-18	168.482	6780
4.74414e-18	169.165	6790
4.76647e-18	169.961	6800
4.81587e-18	171.725	6810
4.8334e-18	172.421	6820
4.81504e-18	171.717	6830
4.82634e-18	172.178	6840
4.76952e-18	170.075	6850
4.83748e-18	172.508	6860
4.85178e-18	173.102	6870
4.82243e-18	171.98	6880
4.86935e-18	173.667	6890
4.91685e-18	175.416	6900
4.84271e-18	172.758	6910
4.90913e-18	175.114	6920
4.89868e-18	174.767	6930
4.88249e-18	174.165	6940
4.8614e-18	173.399	6950
4.86332e-18	173.509	6960
4.83884e-18	172.58	6970
4.8841e-18	174.149	6980
4.95969e-18	176.998	6990
4.83814e-18	172.61	7000
4.91624e-18	175.306	7010
4.95932e-18	176.984	7020
4.98197e-18	177.75	7030
5.00849e-18	178.7	7040
4.97592e-18	177.628	7050
4.94218e-18	176.284	7060
5.02657e-18	179.364	7070
4.99291e-18	178.202	7080
4.93266e-18	176.007	7090
4.95082e-18	176.625	7100
4.92636e-18	175.782	7110
4.91539e-18	175.37	7120
4.89928e-18	174.795	7130
4.85635e-18	173.223	7140
4.90288e-18	174.867	7150
4.92012e-18	175.552	7160
4.89062e-18	174.487	7170
4.86742e-18	173.629	7180
4.8464e-18	172.918	7190
4.82966e-18	172.23	7200
4.83661e-18	172.519	7210
4.85931e-18	173.316	7220
4.86065e-18	173.413	7230
4.79548e-18	171.037	7240
4.79035e-18	170.852	7250
4.85114e-18	172.954	7260
4.90578e-18	175.031	7270
4.83632e-18	172.521	7280
4.8448e-18	172.807	7290
4.84314e-18	172.76	7300
4.82966e-18	172.252	7310
4.85965e-18	173.329	7320
4.84517e-18	172.844	7330
4.85785e-18	173.251	7340
4.90927e-18	175.111	7350
4.88319e-18	174.234	7360
4.84251e-18	172.743	7370
4.82086e-18	171.975	7380
4.80604e-18	171.371	7390
4.87998e-18	174.057	7400
4.86574e-18	173.595	7410
4.83099e-18	172.289	7420
4.85892e-18	173.357	7430
4.77725e-18	170.381	7440
4.79559e-18	171.022	7450
4.81703e-18	171.756	7460
4.86077e-18	173.418	7470
4.80507e-18	171.355	7480
4.82656e-18	172.151	7490
4.85925e-18	173.32	7500
4.82685e-18	172.185	7510
4.82155e-18	171.954	7520
4.82785e-18	172.173	7530
4.8295e-18	172.258	7540
4.88896e-18	174.385	7550
4.89795e-18	174.696	7560
4.88903e-18	174.428	7570
4.86661e-18	173.636	7580
4.81415e-18	171.679	7590
4.85532e-18	173.176	7600
4.89363e-18	174.535	7610
4.92279e-18	175.628	7620
4.88562e-18	174.306	7630
4.8404e-18	172.643	7640
4.8613e-18	173.417	7650
4.83522e-18	172.453	7660
4.81922e-18	171.932	7670
4.7756e-18	170.291	7680
4.80151e-18	171.244	7690
4.79795e-18	171.14	7700
4.77528e-18	170.286	7710
4.80231e-18	171.248	7720
4.81285e-18	171.666	7730
4.76981e-18	170.113	7740
4.77387e-18	170.233	7750
4.81215e-18	171.59	7760
4.82188e-18	171.996	7770
4.87098e-18	173.715	7780
4.78877e-18	170.856	7790
4.77557e-18	170.296	7800
4.82119e-18	171.933	7810
4.83404e-18	172.407	7820
4.91022e-18	175.161	7830
4.93036e-18	175.843	7840
4.91741e-18	175.461	7850
4.9057e-18	175.023	7860
4.86695e-18	173.637	7870
4.89434e-18	174.575	7880
4.90045e-18	174.793	7890
4.93225e-18	175.97	7900
4.86745e-18	173.665	7910
4.89463e-18	174.59	7920
4.87149e-18	173.789	7930
4.86633e-18	173.566	7940
4.89246e-18	174.526	7950
4.86584e-18	173.593	7960
4.83279e-18	172.383	7970
4.84233e-18	172.725	7980
4.84886e-18	172.94	7990
4.85773e-18	173.282	8000
4.83933e-18	172.611	8010
4.80199e-18	171.282	8020
4.80717e-18	171.437	8030
4.83651e-18	172.466	8040
4.87874e-18	174.016	8050
4.86062e-18	173.424	8060
4.81808e-18	171.836	8070
4.85595e-18	173.191	8080
4.85342e-18	173.104	8090
4.89107e-18	174.456	8100
4.88924e-18	174.446	8110
4.85543e-18	173.164	8120
4.92503e-18	175.681	8130
4.92013e-18	175.544	8140
4.91962e-18	175.501	8150
4.90206e-18	174.906	8160
4.87672e-18	173.901	8170
4.98995e-18	178.004	8180
5.04589e-18	180.04	8190
5.07833e-18	181.245	8200
5.04812e-18	180.187	8210
4.96376e-18	177.185	8220
4.88758e-18	174.331	8230
4.96931e-18	177.276	8240
4.95749e-18	176.872	8250
5.01978e-18	179.089	8260
4.99988e-18	178.478	8270
4.88915e-18	174.449	8280
4.88231e-18	174.141	8290
4.89865e-18	174.767	8300
4.88204e-18	174.126	8310
4.91858e-18	175.49	8320
4.86762e-18	173.629	8330
4.86925e-18	173.699	8340
4.89039e-18	174.422	8350
4.90181e-18	174.861	8360
4.94374e-18	176.358	8370
4.92758e-18	175.819	8380
4.88644e-18	174.328	8390
4.90477e-18	174.943	8400
4.90969e-18	175.172	8410
4.87798e-18	174.018	8420
4.88809e-18	174.364	8430
4.85788e-18	173.293	8440
4.84976e-18	172.99	8450
4.89766e-18	174.671	8460
4.93771e-18	176.159	8470
4.92927e-18	175.873	8480
4.8655e-18	173.593	8490
4.86907e-18	173.65	8500
4.85078e-18	173.057	8510
4.90258e-18	174.823	8520
4.95859e-18	176.939	8530
4.9189e-18	175.497	8540
4.91732e-18	175.437	8550
4.90269e-18	174.908	8560
4.86936e-18	173.72	8570
4.87302e-18	173.798	8580
4.83327e-18	172.448	8590
4.79184e-18	170.861	8600
4.88263e-18	174.113	8610
4.90828e-18	175.13	8620
4.86264e-18	173.466	8630
4.88236e-18	174.115	8640
4.92026e-18	175.558	8650
4.86083e-18	173.446	8660
4.80963e-18	171.493	8670
4.90224e-18	174.844	8680
4.94691e-18	176.504	8690
4.86125e-18	173.467	8700
4.82783e-18	172.151	8710
4.90774e-18	175.062	8720
4.91023e-18	175.164	8730
4.89039e-18	174.498	8740
4.83141e-18	172.318	8750
4.89493e-18	174.592	8760
4.90563e-18	174.997	8770
4.87176e-18	173.766	8780
4.86127e-18	173.439	8790
4.91042e-18	175.105	8800
4.96779e-18	177.267	8810
4.97007e-18	177.3	8820
5.01431e-18	178.911	8830
4.98144e-18	177.791	8840
4.98148e-18	177.718	8850
4.99863e-18	178.353	8860
5.01668e-18	179.019	8870
4.98034e-18	177.753	8880
5.03358e-18	179.597	8890
5.03169e-18	179.536	8900
5.03664e-18	179.755	8910
4.99998e-18	178.448	8920
4.99392e-18	178.196	8930
5.0331e-18	179.612	8940
5.05477e-18	180.353	8950
5.05627e-18	180.487	8960
4.99497e-18	178.252	8970
4.98281e-18	177.791	8980
4.99563e-18	178.226	8990
5.00208e-18	178.518	9000
4.98671e-18	177.943	9010
4.95377e-18	176.785	9020
4.90191e-18	174.854	9030
5.00291e-18	178.452	9040
4.99942e-18	178.47	9050
4.89089e-18	174.472	9060
4.92045e-18	175.525	9070
4.92182e-18	175.58	9080
4.98529e-18	177.84	9090
5.01017e-18	178.792	9100
4.95342e-18	176.749	9110
4.94122e-18	176.294	9120
4.94696e-18	176.506	9130
4.98581e-18	177.861	9140
4.99779e-18	178.354	9150
4.96598e-18	177.178	9160
4.97726e-18	177.6	9170
4.91598e-18	175.413	9180
4.9164e-18	175.368	9190
4.95952e-18	176.926	9200
4.96489e-18	177.144	9210
4.99488e-18	178.186	9220
5.05592e-18	180.445	9230
4.97277e-18	177.47	9240
5.06122e-18	180.55	9250
5.08258e-18	181.413	9260
5.10586e-18	182.202	9270
5.14865e-18	183.795	9280
5.113e-18	182.53	9290
5.1206e-18	182.731	9300
5.1927e-18	185.348	9310
5.20338e-18	185.776	9320
5.18495e-18	185.104	9330
5.20565e-18	185.829	9340
5.18581e-18	185.131	9350
5.15933e-18	184.17	9360
5.18377e-18	185.068	9370
5.17921e-18	184.87	9380
5.17966e-18	184.914	9390
5.19239e-18	185.362	9400
5.18184e-18	184.996	9410
5.15437e-18	184.012	9420
5.17029e-18	184.53	9430
5.16345e-18	184.343	9440
5.11315e-18	182.515	9450
5.134e-18	183.243	9460
5.21253e-18	186.028	9470
5.2423e-18	187.217	9480
5.1744e-18	184.744	9490
5.19232e-18	185.349	9500
5.19776e-18	185.575	9510
5.14203e-18	183.527	9520
5.24857e-18	187.315	9530
5.31622e-18	189.83	9540
5.29221e-18	188.987	9550
5.31923e-18	189.926	9560
5.27017e-18	188.216	9570
5.21332e-18	186.138	9580
5.25708e-18	187.679	9590
5.27468e-18	188.306	9600
5.27361e-18	188.342	9610
5.22102e-18	186.435	9620
5.1813e-18	184.978	9630
5.15199e-18	183.916	9640
5.16642e-18	184.413	9650
5.20479e-18	185.781	9660
5.17619e-18	184.815	9670
5.17875e-18	184.847	9680
5.16887e-18	184.55	9690
5.1604e-18	184.179	9700
5.13915e-18	183.476	9710
5.14452e-18	183.598	9720
5.15922e-18	184.176	9730
5.19438e-18	185.422	9740
5.16575e-18	184.391	9750
5.18521e-18	185.12	9760
5.16934e-18	184.567	9770
5.11076e-18	182.439	9780
5.1648e-18	184.344	9790
5.18502e-18	185.117	9800
5.19632e-18	185.489	9810
5.2391e-18	187.04	9820
5.17668e-18	184.839	9830
5.15022e-18	183.882	9840
5.08829e-18	181.617	9850
5.12146e-18	182.774	9860
5.13887e-18	183.477	9870
5.0855e-18	181.491	9880
5.10918e-18	182.33	9890
5.09313e-18	181.823	9900
5.04579e-18	180.077	9910
5.05253e-18	180.306	9920
5.07483e-18	181.119	9930
5.0352e-18	179.719	9940
5.03154e-18	179.52	9950
5.04533e-18	180.07	9960
4.99271e-18	178.193	9970
4.93937e-18	176.241	9980
4.94853e-18	176.502	9990
5.00824e-18	178.722	10000
4.962e-18	177.051	10010
4.96169e-18	177.029	10020
4.9792e-18	177.652	10030
5.0087e-18	178.71	10040
5.01445e-18	178.897	10050
5.09827e-18	181.943	10060
5.09275e-18	181.786	10070
5.06547e-18	180.801	10080
5.10659e-18	182.243	10090
5.13961e-18	183.443	10100
5.17122e-18	184.567	10110
5.16824e-18	184.534	10120
5.15262e-18	183.954	10130
5.13232e-18	183.175	10140
5.14226e-18	183.571	10150
5.10138e-18	182.092	10160
5.13713e-18	183.387	10170
5.11596e-18	182.567	10180
5.13009e-18	183.127	10190
5.16418e-18	184.317	10200
5.14803e-18	183.799	10210
5.10622e-18	182.261	10220
5.12655e-18	182.951	10230
5.18208e-18	184.955	10240
5.181e-18	185.039	10250
5.03852e-18	179.831	10260
5.08922e-18	181.587	10270
5.16477e-18	184.364	10280
5.17665e-18	184.787	10290
5.15525e-18	184.058	10300
5.14151e-18	183.525	10310
5.13642e-18	183.363	10320
5.13803e-18	183.4	10330
5.08121e-18	181.43	10340
5.04976e-18	180.149	10350
5.15946e-18	184.148	10360
5.1112e-18	182.47	10370
5.10079e-18	182.094	10380
5.06204e-18	180.665	10390
5.05369e-18	180.372	10400
5.04853e-18	180.158	10410
5.02459e-18	179.307	10420
5.13556e-18	183.242	10430
5.15584e-18	184.066	10440
5.1221e-18	182.846	10450
5.13507e-18	183.294	10460
5.10569e-18	182.233	10470
5.15671e-18	184.074	10480
5.16806e-18	184.492	10490
5.15806e-18	184.127	10500
5.13355e-18	183.253	10510
5.1972e-18	185.506	10520
5.2254e-18	186.549	10530
5.22243e-18	186.479	10540
5.16045e-18	184.251	10550
5.19723e-18	185.463	10560
5.22264e-18	186.527	10570
5.1469e-18	183.716	10580
5.2213e-18	186.346	10590
5.28101e-18	188.606	10600
5.2308e-18	186.766	10610
5.20657e-18	185.895	10620
5.2179e-18	186.277	10630
5.24571e-18	187.295	10640
5.27255e-18	188.245	10650
5.25146e-18	187.535	10660
5.23845e-18	186.996	10670
5.31501e-18	189.771	10680
5.32562e-18	190.198	10690
5.28772e-18	188.835	10700
5.32648e-18	190.174	10710
5.31938e-18	189.997	10720
5.26179e-18	187.914	10730
5.21119e-18	186.045	10740
5.30065e-18	189.218	10750
5.33151e-18	190.43	10760
5.23406e-18	186.94	10770
5.20381e-18	185.75	10780
5.25237e-18	187.518	10790
5.25032e-18	187.488	10800
5.22069e-18	186.413	10810
5.27682e-18	188.385	10820
5.24368e-18	187.241	10830
5.26469e-18	187.98	10840
5.27816e-18	188.436	10850
5.25394e-18	187.636	10860
5.23208e-18	186.838	10870
5.23505e-18	186.893	10880
5.30337e-18	189.339	10890
5.3124e-18	189.726	10900
5.32156e-18	189.993	10910
5.27874e-18	188.57	10920
5.18746e-18	185.222	10930
5.26773e-18	187.987	10940
5.36707e-18	191.689	10950
5.34755e-18	191.002	10960
5.29632e-18	189.112	10970
5.32985e-18	190.373	10980
5.2759e-18	188.374	10990
5.26153e-18	187.895	11000
5.27336e-18	188.26	11010
5.26876e-18	188.156	11020
5.27682e-18	188.4	11030
5.30993e-18	189.582	11040
5.36968e-18	191.741	11050
5.35706e-18	191.382	11060
5.27892e-18	188.52	11070
5.26327e-18	187.895	11080
5.36252e-18	191.47	11090
5.40455e-18	193.063	11100
5.34992e-18	191.086	11110
5.31358e-18	189.752	11120
5.37338e-18	191.854	11130
5.40349e-18	193.009	11140
5.34761e-18	191.052	11150
5.27466e-18	188.4	11160
5.3158e-18	189.774	11170
5.35666e-18	191.257	11180
5.38682e-18	192.427	11190
5.31293e-18	189.756	11200
5.32944e-18	190.351	11210
5.26659e-18	188.003	11220
5.42285e-18	193.658	11230
5.3556e-18	191.363	11240
5.27026e-18	188.158	11250
5.30909e-18	189.608	11260
5.24829e-18	187.416	11270
5.29019e-18	188.864	11280
5.32803e-18	190.261	11290
5.26312e-18	188.007	11300
5.15593e-18	184.076	11310
5.21356e-18	186.1	11320
5.17182e-18	184.647	11330
5.19758e-18	185.528	11340
5.21701e-18	186.261	11350
5.20231e-18	185.777	11360
5.13351e-18	183.236	11370
5.13423e-18	183.283	11380
5.16281e-18	184.295	11390
5.12436e-18	182.938	11400
5.09094e-18	181.718	11410
5.11529e-18	182.558	11420
5.13178e-18	183.181	11430
5.1465e-18	183.67	11440
5.18485e-18	185.11	11450
5.1329e-18	183.226	11460
5.13636e-18	183.329	11470
5.19805e-18	185.547	11480
5.19378e-18	185.431	11490
5.19937e-18	185.603	11500
5.25484e-18	187.572	11510
5.32394e-18	190.132	11520
5.29057e-18	188.922	11530
5.25868e-18	187.832	11540
5.2122e-18	186.051	11550
5.27836e-18	188.435	11560
5.3321e-18	190.421	11570
5.24079e-18	187.18	11580
5.17672e-18	184.801	11590
5.18319e-18	185.043	11600
5.20895e-18	185.945	11610
5.16266e-18	184.358	11620
5.11394e-18	182.529	11630
5.17066e-18	184.57	11640
5.18192e-18	184.973	11650
5.17978e-18	184.932	11660
5.15396e-18	183.993	11670
5.09906e-18	182.023	11680
5.10533e-18	182.218	11690
5.09577e-18	181.868	11700
5.14493e-18	183.614	11710
5.17244e-18	184.638	11720
5.19281e-18	185.365	11730
5.19234e-18	185.391	11740
5.17359e-18	184.69	11750
5.23213e-18	186.782	11760
5.25214e-18	187.497	11770
5.29874e-18	189.157	11780
5.36479e-18	191.578	11790
5.39888e-18	192.806	11800
5.39039e-18	192.553	11810
5.38295e-18	192.239	11820
5.35132e-18	191.138	11830
5.40696e-18	193.119	11840
5.38244e-18	192.211	11850
5.46558e-18	195.231	11860
5.38581e-18	192.418	11870
5.33315e-18	190.436	11880
5.43136e-18	193.934	11890
5.4621e-18	195.135	11900
5.41262e-18	193.375	11910
5.40551e-18	192.996	11920
5.45185e-18	194.746	11930
5.37954e-18	192.225	11940
5.3628e-18	191.501	11950
5.36707e-18	191.669	11960
5.3543e-18	191.232	11970
5.30709e-18	189.554	11980
5.3348e-18	190.446	11990
5.35484e-18	191.332	12000
5.28372e-18	188.611	12010
5.32385e-18	190.097	12020
5.29587e-18	189.158	12030
5.23759e-18	187.04	12040
5.17082e-18	184.596	12050
5.19998e-18	185.64	12060
5.17675e-18	184.816	12070
5.16157e-18	184.275	12080
5.0749e-18	181.166	12090
5.07211e-18	180.995	12100
5.12514e-18	182.915	12110
5.10173e-18	182.126	12120
5.04169e-18	179.932	12130
4.9883e-18	177.987	12140
5.05176e-18	180.254	12150
5.08279e-18	181.402	12160
5.04502e-18	180.081	12170
5.0433e-18	179.921	12180
5.14607e-18	183.653	12190
5.16298e-18	184.312	12200
5.1947e-18	185.407	12210
5.25845e-18	187.743	12220
5.2226e-18	186.444	12230
5.28617e-18	188.761	12240
5.25658e-18	187.68	12250
5.3515e-18	191.034	12260
5.38202e-18	192.254	12270
5.34124e-18	190.727	12280
5.40513e-18	193.024	12290
5.39858e-18	192.861	12300
5.3478e-18	190.983	12310
5.41709e-18	193.406	12320
5.47057e-18	195.44	12330
5.42252e-18	193.698	12340
5.4511e-18	194.685	12350
5.47302e-18	195.512	12360
5.46257e-18	195.142	12370
5.43141e-18	194.003	12380
5.46977e-18	195.374	12390
5.46688e-18	195.37	12400
5.4321e-18	194.002	12410
5.47718e-18	195.625	12420
5.44255e-18	194.477	12430
5.40576e-18	193.055	12440
5.49624e-18	196.288	12450
5.48163e-18	195.867	12460
5.44472e-18	194.511	12470
5.37922e-18	192.146	12480
5.42871e-18	193.85	12490
5.4345e-18	194.165	12500
5.30227e-18	189.376	12510
5.39848e-18	192.771	12520
5.36115e-18	191.525	12530
5.35267e-18	191.144	12540
5.3168e-18	189.858	12550
5.38734e-18	192.375	12560
5.38569e-18	192.36	12570
5.38575e-18	192.339	12580
5.36747e-18	191.715	12590
5.38569e-18	192.284	12600
5.44813e-18	194.616	12610
5.42233e-18	193.67	12620
5.43669e-18	194.223	12630
5.41772e-18	193.483	12640
5.50246e-18	196.473	12650
5.50704e-18	196.824	12660
5.41785e-18	193.505	12670
5.44642e-18	194.503	12680
5.37697e-18	192.099	12690
5.33957e-18	190.651	12700
5.43741e-18	194.178	12710
5.42543e-18	193.818	12720
5.42271e-18	193.694	12730
5.34061e-18	190.784	12740
5.26992e-18	188.18	12750
5.29545e-18	189.07	12760
5.36079e-18	191.405	12770
5.37212e-18	191.89	12780
5.3103e-18	189.675	12790
5.27199e-18	188.233	12800
5.30697e-18	189.525	12810
5.25781e-18	187.734	12820
5.28657e-18	188.743	12830
5.33676e-18	190.572	12840
5.28158e-18	188.609	12850
5.26757e-18	188.109	12860
5.25983e-18	187.774	12870
5.2966e-18	189.12	12880
5.32368e-18	190.045	12890
5.41081e-18	193.247	12900
5.36075e-18	191.487	12910
5.30882e-18	189.586	12920
5.32068e-18	189.974	12930
5.34722e-18	190.959	12940
5.32898e-18	190.315	12950
5.3352e-18	190.509	12960
5.39107e-18	192.52	12970
5.396e-18	192.721	12980
5.38701e-18	192.402	12990
5.38452e-18	192.3	13000
5.3974e-18	192.776	13010
5.36347e-18	191.554	13020
5.35782e-18	191.331	13030
5.44293e-18	194.39	13040
5.41305e-18	193.35	13050
5.40354e-18	193.037	13060
5.39123e-18	192.502	13070
5.3891e-18	192.517	13080
5.33202e-18	190.391	13090
5.3712e-18	191.81	13100
5.37956e-18	192.144	13110
5.39731e-18	192.741	13120
5.37818e-18	192.091	13130
5.40653e-18	193.088	13140
5.41286e-18	193.341	13150
5.38442e-18	192.312	13160
5.38437e-18	192.319	13170
5.36564e-18	191.618	13180
5.36847e-18	191.748	13190
5.35512e-18	191.192	13200
5.43498e-18	194.111	13210
5.46073e-18	195.091	13220
5.40732e-18	193.146	13230
5.39425e-18	192.669	13240
5.37867e-18	192.103	13250
5.38862e-18	192.443	13260
5.36774e-18	191.69	13270
5.38255e-18	192.25	13280
5.33443e-18	190.503	13290
5.36416e-18	191.553	13300
5.38918e-18	192.459	13310
5.40134e-18	192.905	13320
5.41364e-18	193.369	13330
5.37915e-18	192.132	13340
5.4072e-18	193.091	13350
5.41342e-18	193.331	13360
5.45084e-18	194.716	13370
5.38589e-18	192.424	13380
5.33384e-18	190.508	13390
5.29272e-18	188.954	13400
5.40215e-18	192.873	13410
5.42373e-18	193.765	13420
5.34252e-18	190.821	13430
5.38263e-18	192.164	13440
5.41496e-18	193.443	13450
5.36074e-18	191.449	13460
5.39695e-18	192.73	13470
5.41379e-18	193.352	13480
5.4189e-18	193.567	13490
5.37136e-18	191.857	13500
5.2988e-18	189.2	13510
5.37817e-18	192.07	13520
5.35674e-18	191.32	13530
5.35856e-18	191.34	13540
5.37832e-18	192.08	13550
5.39943e-18	192.811	13560
5.39688e-18	192.793	13570
5.35159e-18	191.123	13580
5.3043e-18	189.419	13590
5.36747e-18	191.654	13600
5.37795e-18	192.123	13610
5.31718e-18	189.885	13620
5.37823e-18	192.013	13630
5.42656e-18	193.816	13640
5.37903e-18	192.191	13650
5.32231e-18	190.034	13660
5.35816e-18	191.336	13670
5.33663e-18	190.609	13680
5.2972e-18	189.167	13690
5.30049e-18	189.212	13700
5.39543e-18	192.748	13710
5.3287e-18	190.269	13720
5.30794e-18	189.543	13730
5.35774e-18	191.298	13740
5.36884e-18	191.756	13750
5.33852e-18	190.69	13760
5.373e-18	191.835	13770
5.34315e-18	190.923	13780
5.24952e-18	187.433	13790
5.29263e-18	188.993	13800
5.26517e-18	187.979	13810
5.31728e-18	189.874	13820
5.33546e-18	190.506	13830
5.36147e-18	191.472	13840
5.35069e-18	191.091	13850
5.34035e-18	190.737	13860
5.37429e-18	191.939	13870
5.45297e-18	194.733	13880
5.46199e-18	195.119	13890
5.4852e-18	195.921	13900
5.53373e-18	197.684	13910
5.51132e-18	196.947	13920
5.4336e-18	194.132	13930
5.41621e-18	193.447	13940
5.42187e-18	193.686	13950
5.48493e-18	195.908	13960
5.46533e-18	195.287	13970
5.36037e-18	191.463	13980
5.35851e-18	191.391	13990
5.3484e-18	190.969	14000
5.44398e-18	194.445	14010
5.40512e-18	193.097	14020
5.35451e-18	191.25	14030
5.36473e-18	191.568	14040
5.39406e-18	192.697	14050
5.32907e-18	190.308	14060
5.3791e-18	192.041	14070
5.4298e-18	193.951	14080
5.46631e-18	195.237	14090
5.42339e-18	193.795	14100
5.38435e-18	192.259	14110
5.47965e-18	195.707	14120
5.49274e-18	196.219	14130
5.53133e-18	197.568	14140
5.54999e-18	198.315	14150
5.5654e-18	198.857	14160
5.46511e-18	195.248	14170
5.57984e-18	199.278	14180
5.58326e-18	199.585	14190
5.51505e-18	197.003	14200
5.57588e-18	199.199	14210
5.58649e-18	199.603	14220
5.64209e-18	201.584	14230
5.67068e-18	202.68	14240
5.62085e-18	200.876	14250
5.64771e-18	201.775	14260
5.62692e-18	201.133	14270
5.65705e-18	202.147	14280
5.61813e-18	200.725	14290
5.73029e-18	204.766	14300
5.69888e-18	203.702	14310
5.63728e-18	201.492	14320
5.6605e-18	202.243	14330
5.68319e-18	203.088	14340
5.73782e-18	205.088	14350
5.70622e-18	203.964	14360
5.68693e-18	203.26	14370
5.66243e-18	202.345	14380
5.67236e-18	202.743	14390
5.65019e-18	201.886	14400
5.62662e-18	201.106	14410
5.60793e-18	200.38	14420
5.54455e-18	198.074	14430
5.56286e-18	198.804	14440
5.49522e-18	196.332	14450
5.50503e-18	196.627	14460
5.57788e-18	199.289	14470
5.50833e-18	196.834	14480
5.50501e-18	196.63	14490
5.55187e-18	198.357	14500
5.46776e-18	195.368	14510
5.53541e-18	197.723	14520
5.5046e-18	196.714	14530
5.46917e-18	195.333	14540
5.4859e-18	195.963	14550
5.51683e-18	197.06	14560
5.54355e-18	198.119	14570
5.45087e-18	194.716	14580
5.48307e-18	195.844	14590
5.49784e-18	196.439	14600
5.40148e-18	192.96	14610
5.4001e-18	192.868	14620
5.42948e-18	193.937	14630
5.35008e-18	191.107	14640
5.39253e-18	192.534	14650
5.35886e-18	191.496	14660
5.23744e-18	187.013	14670
5.27399e-18	188.282	14680
5.27505e-18	188.409	14690
5.19991e-18	185.649	14700
5.23231e-18	186.782	14710
5.22837e-18	186.712	14720
5.22161e-18	186.374	14730
5.30734e-18	189.521	14740
5.23591e-18	186.98	14750
5.21528e-18	186.166	14760
5.28234e-18	188.624	14770
5.28739e-18	188.803	14780
5.25615e-18	187.685	14790
5.24283e-18	187.202	14800
5.23353e-18	186.881	14810
5.15671e-18	184.079	14820
5.30703e-18	189.416	14830
5.36353e-18	191.564	14840
5.33191e-18	190.445	14850
5.29062e-18	188.908	14860
5.32534e-18	190.178	14870
5.32675e-18	190.209	14880
5.35941e-18	191.407	14890
5.37987e-18	192.078	14900
5.4976e-18	196.36	14910
5.48194e-18	195.878	14920
5.44199e-18	194.372	14930
5.49411e-18	196.264	14940
5.49756e-18	196.373	14950
5.52421e-18	197.334	14960
5.58232e-18	199.439	14970
5.54062e-18	197.993	14980
5.56132e-18	198.654	14990
5.58374e-18	199.519	15000
5.62049e-18	200.787	15010
5.61158e-18	200.561	15020
5.63861e-18	201.455	15030
5.67189e-18	202.68	15040
5.69338e-18	203.479	15050
5.61148e-18	200.576	15060
5.6046e-18	200.19	15070
5.71416e-18	204.197	15080
5.64144e-18	201.639	15090
5.69655e-18	203.565	15100
5.62863e-18	201.14	15110
5.58525e-18	199.599	15120
5.56768e-18	198.947	15130
5.5674e-18	198.912	15140
5.52225e-18	197.327	15150
5.48958e-18	196.113	15160
5.55294e-18	198.405	15170
5.54412e-18	198.057	15180
5.51125e-18	196.925	15190
5.50878e-18	196.777	15200
5.5362e-18	197.8	15210
5.4784e-18	195.758	15220
5.41673e-18	193.487	15230
5.40252e-18	192.997	15240
5.37397e-18	191.879	15250
5.43156e-18	194.002	15260
5.41883e-18	193.598	15270
5.37439e-18	191.966	15280
5.3818e-18	192.21	15290
5.39457e-18	192.677	15300
5.39606e-18	192.717	15310
5.33569e-18	190.613	15320
5.31165e-18	189.643	15330
5.36968e-18	191.75	15340
5.42112e-18	193.57	15350
5.44466e-18	194.527	15360
5.41469e-18	193.39	15370
5.40816e-18	193.176	15380
5.46742e-18	195.271	15390
5.44934e-18	194.672	15400
5.49738e-18	196.376	15410
5.50303e-18	196.551	15420
5.54623e-18	198.208	15430
5.48076e-18	195.79	15440
5.52839e-18	197.447	15450
5.51263e-18	196.953	15460
5.58176e-18	199.382	15470
5.60718e-18	200.399	15480
5.46501e-18	195.294	15490
5.49694e-18	196.351	15500
5.47784e-18	195.673	15510
5.52821e-18	197.48	15520
5.51049e-18	196.884	15530
5.53493e-18	197.741	15540
5.49e-18	196.153	15550
5.46024e-18	195.095	15560
5.41698e-18	193.462	15570
5.41993e-18	193.625	15580
5.4347e-18	194.07	15590
5.44188e-18	194.431	15600
5.40243e-18	192.971	15610
5.39935e-18	192.834	15620
5.40879e-18	193.199	15630
5.38716e-18	192.459	15640
5.34589e-18	190.849	15650
5.43199e-18	193.996	15660
5.39821e-18	192.829	15670
5.41084e-18	193.235	15680
5.46544e-18	195.215	15690
5.46696e-18	195.331	15700
5.41978e-18	193.53	15710
5.50938e-18	196.797	15720
5.48335e-18	195.948	15730
5.42928e-18	193.934	15740
5.39539e-18	192.71	15750
5.46124e-18	195.017	15760
5.47509e-18	195.633	15770
5.47064e-18	195.389	15780
5.51972e-18	197.18	15790
5.4607e-18	195.096	15800
5.4872e-18	195.99	15810
5.49351e-18	196.26	15820
5.45891e-18	195.036	15830
5.47137e-18	195.409	15840
5.4654e-18	195.271	15850
5.47686e-18	195.616	15860
5.47717e-18	195.682	15870
5.45915e-18	195.004	15880
5.47597e-18	195.597	15890
5.42931e-18	193.971	15900
5.43544e-18	194.163	15910
5.47331e-18	195.477	15920
5.49616e-18	196.353	15930
5.46121e-18	195.072	15940
5.58961e-18	199.644	15950
5.54906e-18	198.326	15960
5.52559e-18	197.407	15970
5.58095e-18	199.354	15980
5.5931e-18	199.883	15990
5.51588e-18	197.069	16000
5.55383e-18	198.418	16010
5.52991e-18	197.643	16020
5.4182e-18	193.51	16030
5.51184e-18	196.85	16040
5.57293e-18	199.118	16050
5.54509e-18	198.149	16060
5.44064e-18	194.352	16070
5.49507e-18	196.278	16080
5.44359e-18	194.522	16090
5.44709e-18	194.537	16100
5.50247e-18	196.51	16110
5.58142e-18	199.437	16120
5.52521e-18	197.422	16130
5.51449e-18	196.989	16140
5.53729e-18	197.821	16150
5.552e-18	198.436	16160
5.54848e-18	198.195	16170
5.57989e-18	199.381	16180
5.53614e-18	197.824	16190
5.47518e-18	195.582	16200
5.50563e-18	196.67	16210
5.52272e-18	197.333	16220
5.45945e-18	195.081	16230
5.43274e-18	193.998	16240
5.52194e-18	197.239	16250
5.50847e-18	196.821	16260
5.48751e-18	196.031	16270
5.52931e-18	197.492	16280
5.55755e-18	198.573	16290
5.56714e-18	198.925	16300
5.52524e-18	197.414	16310
5.53243e-18	197.602	16320
5.60507e-18	200.3	16330
5.60728e-18	200.333	16340
5.61536e-18	200.676	16350
5.6298e-18	201.136	16360
5.64386e-18	201.681	16370
5.63347e-18	201.322	16380
5.59592e-18	199.977	16390
5.6259e-18	200.982	16400
5.63458e-18	201.342	16410
5.58224e-18	199.53	16420
5.55273e-18	198.321	16430
5.68998e-18	203.331	16440
5.64625e-18	201.83	16450
5.57935e-18	199.343	16460
5.66655e-18	202.5	16470
5.62389e-18	200.935	16480
5.68504e-18	203.197	16490
5.64952e-18	201.88	16500
5.64792e-18	201.827	16510
5.70731e-18	203.959	16520
5.65418e-18	202.085	16530
5.64906e-18	201.864	16540
5.72693e-18	204.603	16550
5.78411e-18	206.756	16560
5.76677e-18	206.144	16570
5.77281e-18	206.363	16580
5.71925e-18	204.393	16590
5.74122e-18	205.247	16600
5.68486e-18	203.136	16610
5.71297e-18	204.226	16620
5.66775e-18	202.491	16630
5.74125e-18	205.207	16640
5.66774e-18	202.616	16650
5.6403e-18	201.507	16660
5.69413e-18	203.516	16670
5.69516e-18	203.503	16680
5.72951e-18	204.806	16690
5.65862e-18	202.197	16700
5.735e-18	204.939	16710
5.66525e-18	202.521	16720
5.63661e-18	201.408	16730
5.62397e-18	200.996	16740
5.70355e-18	203.733	16750
5.73848e-18	205.13	16760
5.71822e-18	204.395	16770
5.70569e-18	203.926	16780
5.68104e-18	203.004	16790
5.65164e-18	201.976	16800
5.65193e-18	201.997	16810
5.64832e-18	201.77	16820
5.70864e-18	204.044	16830
5.67366e-18	202.801	16840
5.58295e-18	199.503	16850
5.6496e-18	201.832	16860
5.67383e-18	202.769	16870
5.66418e-18	202.404	16880
5.67315e-18	202.753	16890
5.63448e-18	201.372	16900
5.65005e-18	201.868	16910
5.71936e-18	204.364	16920
5.70015e-18	203.811	16930
5.62758e-18	201.056	16940
5.70177e-18	203.742	16950
5.69967e-18	203.734	16960
5.6601e-18	202.258	16970
5.6657e-18	202.494	16980
5.62589e-18	200.989	16990
5.67847e-18	202.984	17000
5.59797e-18	199.966	17010
5.70943e-18	203.987	17020
5.77813e-18	206.551	17030
5.77746e-18	206.54	17040
5.68624e-18	203.213	17050
5.70762e-18	203.927	17060
5.77914e-18	206.599	17070
5.8017e-18	207.389	17080
5.72348e-18	204.632	17090
5.5764e-18	199.264	17100
5.6368e-18	201.389	17110
5.69664e-18	203.55	17120
5.70598e-18	203.964	17130
5.64915e-18	201.844	17140
5.6941e-18	203.529	17150
5.63102e-18	201.236	17160
5.61929e-18	200.796	17170
5.65056e-18	201.968	17180
5.61123e-18	200.471	17190
5.60729e-18	200.383	17200
5.66283e-18	202.305	17210
5.60956e-18	200.538	17220
5.51264e-18	196.985	17230
5.54459e-18	197.989	17240
5.59909e-18	200.093	17250
5.56586e-18	198.877	17260
5.52524e-18	197.406	17270
5.5e-18	196.514	17280
5.48111e-18	195.793	17290
5.54921e-18	198.201	17300
5.55002e-18	198.33	17310
5.52844e-18	197.521	17320
5.46128e-18	195.107	17330
5.48295e-18	195.86	17340
5.51191e-18	196.903	17350
5.50529e-18	196.664	17360
5.52295e-18	197.312	17370
5.53698e-18	197.814	17380
5.60165e-18	200.133	17390
5.59179e-18	199.838	17400
5.5193e-18	197.181	17410
5.55465e-18	198.431	17420
5.5872e-18	199.592	17430
5.60942e-18	200.509	17440
5.55025e-18	198.261	17450
5.60895e-18	200.43	17460
5.59519e-18	199.972	17470
5.54486e-18	198.093	17480
5.53341e-18	197.706	17490
5.56853e-18	198.901	17500
5.63924e-18	201.519	17510
5.54631e-18	198.242	17520
5.5164e-18	197.02	17530
5.59145e-18	199.799	17540
5.50157e-18	196.586	17550
5.5555e-18	198.404	17560
5.57064e-18	199.111	17570
5.50739e-18	196.672	17580
5.60958e-18	200.473	17590
5.51354e-18	197.017	17600
5.53238e-18	197.608	17610
5.55231e-18	198.391	17620
5.58704e-18	199.606	17630
5.55311e-18	198.368	17640
5.65166e-18	201.988	17650
5.54144e-18	198.063	17660
5.51327e-18	196.904	17670
5.58725e-18	199.614	17680
5.60266e-18	200.2	17690
5.53739e-18	197.861	17700
5.56816e-18	198.954	17710
5.4805e-18	195.813	17720
5.45784e-18	194.977	17730
5.43174e-18	193.957	17740
5.59383e-18	199.821	17750
5.60008e-18	200.094	17760
5.6081e-18	200.404	17770
5.65748e-18	202.14	17780
5.59059e-18	199.795	17790
5.60763e-18	200.365	17800
5.59169e-18	199.813	17810
5.58497e-18	199.532	17820
5.61109e-18	200.523	17830
5.59894e-18	200.027	17840
5.64549e-18	201.732	17850
5.62265e-18	200.929	17860
5.59098e-18	199.8	17870
5.59979e-18	200.062	17880
5.67058e-18	202.643	17890
5.62887e-18	201.154	17900
5.60508e-18	200.282	17910
5.60763e-18	200.366	17920
5.5956e-18	199.976	17930
5.56195e-18	198.72	17940
5.54479e-18	198.089	17950
5.60218e-18	200.189	17960
5.53006e-18	197.559	17970
5.59739e-18	199.985	17980
5.59918e-18	200.038	17990
5.5518e-18	198.433	18000
5.51293e-18	196.899	18010
5.59542e-18	199.861	18020
5.65758e-18	202.161	18030
5.60939e-18	200.53	18040
5.52851e-18	197.464	18050
5.64777e-18	201.786	18060
5.60179e-18	200.204	18070
5.56024e-18	198.675	18080
5.5537e-18	198.503	18090
5.42256e-18	193.695	18100
5.47795e-18	195.658	18110
5.47069e-18	195.451	18120
5.46518e-18	195.203	18130
5.42797e-18	193.878	18140
5.47294e-18	195.511	18150
5.51068e-18	196.844	18160
5.52183e-18	197.262	18170
5.51652e-18	197.111	18180
5.50189e-18	196.581	18190
5.40493e-18	193.092	18200
5.45984e-18	194.927	18210
5.5661e-18	198.847	18220
5.56835e-18	198.983	18230
5.45746e-18	195.016	18240
5.44312e-18	194.364	18250
5.55802e-18	198.573	18260
5.57979e-18	199.382	18270
5.50148e-18	196.537	18280
5.55896e-18	198.611	18290
5.52784e-18	197.476	18300
5.56831e-18	198.959	18310
5.54395e-18	198.069	18320
5.54894e-18	198.257	18330
5.53258e-18	197.662	18340
5.57484e-18	199.153	18350
5.59589e-18	199.937	18360
5.53732e-18	197.907	18370
5.48761e-18	196.005	18380
5.54241e-18	198.006	18390
5.5675e-18	198.897	18400
5.58768e-18	199.663	18410
5.55307e-18	198.411	18420
5.53958e-18	197.917	18430
5.56302e-18	198.725	18440
5.62384e-18	200.959	18450
5.5791e-18	199.356	18460
5.5922e-18	199.811	18470
5.64325e-18	201.612	18480
5.65561e-18	202.109	18490
5.69478e-18	203.485	18500
5.70369e-18	203.89	18510
5.65403e-18	202.012	18520
5.68359e-18	203.095	18530
5.7622e-18	205.93	18540
5.74373e-18	205.324	18550
5.69911e-18	203.699	18560
5.70892e-18	203.966	18570
5.82551e-18	208.217	18580
5.72992e-18	204.837	18590
5.82175e-18	208.043	18600
5.82505e-18	208.215	18610
5.92079e-18	211.689	18620
5.83484e-18	208.606	18630
5.8015e-18	207.359	18640
5.88449e-18	210.361	18650
5.8561e-18	209.337	18660
5.88017e-18	210.243	18670
5.81572e-18	207.886	18680
5.81107e-18	207.727	18690
5.82663e-18	208.294	18700
5.83647e-18	208.637	18710
5.84725e-18	209.037	18720
5.81404e-18	207.859	18730
5.81647e-18	207.827	18740
5.9065e-18	211.172	18750
5.89528e-18	210.799	18760
5.83389e-18	208.536	18770
5.88146e-18	210.268	18780
5.92297e-18	211.735	18790
5.94106e-18	212.373	18800
5.90346e-18	211.131	18810
5.87736e-18	210.143	18820
5.83835e-18	208.726	18830
5.7853e-18	206.787	18840
5.83971e-18	208.759	18850
5.92098e-18	211.667	18860
5.88675e-18	210.483	18870
5.90167e-18	211.001	18880
5.76319e-18	206.086	18890
5.82756e-18	208.25	18900
5.86172e-18	209.555	18910
5.8407e-18	208.855	18920
5.7127e-18	204.227	18930
5.64896e-18	201.874	18940
5.76285e-18	205.914	18950
5.74629e-18	205.421	18960
5.67449e-18	202.829	18970
5.67241e-18	202.69	18980
5.68922e-18	203.298	18990
5.67333e-18	202.784	19000
5.65772e-18	202.165	19010
5.62377e-18	200.982	19020
5.60279e-18	200.206	19030
5.57039e-18	199.035	19040
5.55629e-18	198.487	19050
5.62754e-18	201.075	19060
5.60487e-18	200.292	19070
5.6233e-18	200.893	19080
5.598e-18	200.043	19090
5.62937e-18	201.12	19100
5.6788e-18	202.938	19110
5.66373e-18	202.399	19120
5.75581e-18	205.658	19130
5.79174e-18	207.039	19140
5.73074e-18	204.867	19150
5.67545e-18	202.794	19160
5.76833e-18	206.17	19170
5.78948e-18	206.882	19180
5.83698e-18	208.615	19190
5.86379e-18	209.638	19200
5.81931e-18	208.049	19210
5.82605e-18	208.239	19220
5.79604e-18	207.162	19230
5.86084e-18	209.514	19240
5.81513e-18	207.877	19250
5.83223e-18	208.495	19260
5.86876e-18	209.745	19270
5.85862e-18	209.494	19280
5.7741e-18	206.4	19290
5.82318e-18	208.157	19300
5.81879e-18	207.964	19310
5.80015e-18	207.386	19320
5.72144e-18	204.503	19330
5.80264e-18	207.356	19340
5.82525e-18	208.277	19350
5.72679e-18	204.693	19360
5.70733e-18	203.963	19370
5.7308e-18	204.815	19380
5.74014e-18	205.138	19390
5.78026e-18	206.635	19400
5.70356e-18	203.822	19410
5.76239e-18	205.963	19420
5.78714e-18	206.845	19430
5.74505e-18	205.323	19440
5.78808e-18	206.861	19450
5.74078e-18	205.257	19460
5.729e-18	204.642	19470
5.82059e-18	208.108	19480
5.72758e-18	204.715	19490
5.74244e-18	205.22	19500
5.76258e-18	205.968	19510
5.72725e-18	204.744	19520
5.70278e-18	203.769	19530
5.7383e-18	205.101	19540
5.75866e-18	205.799	19550
5.76504e-18	206.072	19560
5.78302e-18	206.637	19570
5.9061e-18	211.119	19580
5.89988e-18	210.965	19590
5.82128e-18	208.14	19600
5.8321e-18	208.433	19610
5.84822e-18	209.086	19620
5.85323e-18	209.223	19630
5.84481e-18	208.962	19640
5.86888e-18	209.757	19650
5.82381e-18	208.226	19660
5.84859e-18	209.01	19670
5.87312e-18	209.976	19680
5.87363e-18	209.95	19690
5.88704e-18	210.462	19700
5.9144e-18	211.439	19710
5.86517e-18	209.739	19720
5.81111e-18	207.712	19730
5.8021e-18	207.402	19740
5.81665e-18	207.9	19750
5.91039e-18	211.221	19760
5.9501e-18	212.808	19770
5.89832e-18	210.862	19780
5.904e-18	211.12	19790
5.87476e-18	209.966	19800
5.93789e-18	212.318	19810
5.88872e-18	210.517	19820
5.9422e-18	212.479	19830
5.84883e-18	209.091	19840
5.8854e-18	210.396	19850
5.94497e-18	212.495	19860
5.98469e-18	214.031	19870
5.94939e-18	212.76	19880
5.88403e-18	210.374	19890
5.91253e-18	211.375	19900
5.93362e-18	212.096	19910
6.01537e-18	215.102	19920
5.94631e-18	212.637	19930
5.8743e-18	210.051	19940
5.83132e-18	208.472	19950
5.87109e-18	209.819	19960
5.92231e-18	211.725	19970
5.92301e-18	211.718	19980
6.05414e-18	216.462	19990
5.99161e-18	214.302	20000
