1.25985e-19	5.69675e-06	0
1.26004e-19	0.00068941	10
1.26055e-19	0.00251365	20
1.26138e-19	0.00548114	30
1.26253e-19	0.00959637	40
1.26399e-19	0.0148655	50
1.26578e-19	0.0212966	60
1.26789e-19	0.0288995	70
1.27032e-19	0.0376858	80
1.27309e-19	0.0476691	90
1.2762e-19	0.0588651	100
1.27964e-19	0.0712916	110
1.28344e-19	0.0849683	120
1.28758e-19	0.0999175	130
1.29208e-19	0.116164	140
1.29695e-19	0.133734	150
1.3022e-19	0.152659	160
1.30783e-19	0.17297	170
1.31385e-19	0.194704	180
1.32028e-19	0.217899	190
1.32713e-19	0.242598	200
1.3344e-19	0.268848	210
1.34212e-19	0.296699	220
1.35029e-19	0.326206	230
1.35895e-19	0.357428	240
1.36809e-19	0.390431	250
1.37775e-19	0.425284	260
1.38794e-19	0.462065	270
1.39869e-19	0.500857	280
1.41002e-19	0.54175	290
1.42196e-19	0.584843	300
1.43454e-19	0.630245	310
1.44779e-19	0.678073	320
1.46175e-19	0.728455	330
1.47645e-19	0.781531	340
1.49195e-19	0.837456	350
1.50828e-19	0.896398	360
1.52549e-19	0.958542	370
1.54366e-19	1.02409	380
1.56282e-19	1.09327	390
1.58306e-19	1.16632	400
1.60445e-19	1.24353	410
1.62708e-19	1.32518	420
1.65103e-19	1.41162	430
1.67641e-19	1.50322	440
1.70333e-19	1.6004	450
1.73193e-19	1.70361	460
1.76235e-19	1.81338	470
1.79474e-19	1.93029	480
1.8293e-19	2.055	490
1.86622e-19	2.18823	500
1.90574e-19	2.33084	510
1.94812e-19	2.48377	520
1.99366e-19	2.6481	530
2.0427e-19	2.82508	540
2.09565e-19	3.01612	550
2.15295e-19	3.22286	560
2.21513e-19	3.44721	570
2.2828e-19	3.69135	580
2.35668e-19	3.95788	590
2.4376e-19	4.24982	600
2.52657e-19	4.57073	610
2.62475e-19	4.92487	620
2.73356e-19	5.31732	630
2.85469e-19	5.7542	640
2.99021e-19	6.24292	650
3.14265e-19	6.79258	660
3.31511e-19	7.41439	670
3.51148e-19	8.12234	680
3.73665e-19	8.93406	690
3.99689e-19	9.87201	700
4.30025e-19	10.9652	710
4.65731e-19	12.2518	720
5.08215e-19	13.7823	730
5.59386e-19	15.6253	740
6.21877e-19	17.8754	750
6.99401e-19	20.6661	760
7.97301e-19	24.1892	770
9.23441e-19	28.7269	780
1.08957e-18	34.701	790
1.31325e-18	42.7416	800
1.61919e-18	53.7383	810
2.03218e-18	68.5946	820
2.51715e-18	86.1309	830
2.69016e-18	92.8582	840
1.67765e-18	56.8838	850
1.35272e-18	44.0189	860
1.96688e-18	66.0515	870
2.6001e-18	89.2708	880
2.51182e-18	86.4173	890
2.07796e-18	70.8067	900
1.66181e-18	55.7121	910
1.34897e-18	44.3483	920
1.12181e-18	36.0971	930
9.54973e-19	30.0387	940
8.29863e-19	25.4971	950
7.34076e-19	22.0212	960
6.59383e-19	19.3114	970
6.0023e-19	17.1659	980
5.52788e-19	15.4455	990
5.14359e-19	14.0521	1000
4.82998e-19	12.9151	1010
4.5728e-19	11.9827	1020
4.3614e-19	11.2164	1030
4.18775e-19	10.5868	1040
4.0457e-19	10.0717	1050
3.9305e-19	9.6539	1060
3.83846e-19	9.31998	1070
3.76672e-19	9.05957	1080
3.71307e-19	8.86461	1090
3.6758e-19	8.72897	1100
3.65367e-19	8.64806	1110
3.64576e-19	8.61862	1120
3.65153e-19	8.63859	1130
3.67069e-19	8.70698	1140
3.70328e-19	8.82386	1150
3.7496e-19	8.99035	1160
3.81029e-19	9.20871	1170
3.88634e-19	9.48247	1180
3.97911e-19	9.81658	1190
4.09049e-19	10.2178	1200
4.22297e-19	10.6951	1210
4.37983e-19	11.2602	1220
4.56543e-19	11.9289	1230
4.78558e-19	12.722	1240
5.04811e-19	13.6678	1250
5.36372e-19	14.8045	1260
5.74693e-19	16.1845	1270
6.21639e-19	17.875	1280
6.78987e-19	19.9407	1290
7.45093e-19	22.3269	1300
8.00307e-19	24.3431	1310
7.98624e-19	24.3123	1320
8.61043e-19	26.4634	1330
1.02824e-18	32.5071	1340
1.17206e-18	37.7093	1350
1.29739e-18	42.2738	1360
1.25887e-18	41.0612	1370
9.61479e-19	30.3116	1380
1.07418e-18	34.0536	1390
1.43139e-18	46.9885	1400
1.62727e-18	54.1751	1410
1.70637e-18	57.0752	1420
1.66068e-18	55.5453	1430
1.52294e-18	50.5806	1440
1.29049e-18	42.1461	1450
1.28265e-18	41.8292	1460
1.26578e-18	41.112	1470
1.41688e-18	46.5878	1480
1.43925e-18	47.4574	1490
1.41858e-18	46.72	1500
1.3815e-18	45.3849	1510
1.35129e-18	44.2805	1520
1.34659e-18	44.096	1530
1.35354e-18	44.3527	1540
1.31624e-18	43.0559	1550
1.18643e-18	38.4046	1560
1.06931e-18	34.1347	1570
9.89586e-19	31.2325	1580
1.05532e-18	33.4605	1590
1.27743e-18	41.4895	1600
1.36311e-18	44.7129	1610
1.27378e-18	41.5232	1620
1.27457e-18	41.4645	1630
1.30111e-18	42.4597	1640
1.28653e-18	41.937	1650
1.28464e-18	41.8528	1660
1.31313e-18	42.8623	1670
1.37701e-18	45.1479	1680
1.48053e-18	48.8631	1690
1.62494e-18	54.0594	1700
1.78607e-18	59.8937	1710
1.84852e-18	62.2672	1720
1.85377e-18	62.3144	1730
1.97965e-18	66.9953	1740
1.96744e-18	66.48	1750
2.20038e-18	74.7385	1760
2.54624e-18	87.2844	1770
2.69594e-18	92.8711	1780
2.48969e-18	85.4186	1790
2.52839e-18	86.863	1800
2.54171e-18	87.1546	1810
2.90176e-18	100.071	1820
3.21451e-18	111.456	1830
3.29671e-18	114.617	1840
3.05376e-18	106.127	1850
2.50183e-18	85.9473	1860
3.13147e-18	108.445	1870
3.32239e-18	115.373	1880
3.32602e-18	115.649	1890
3.34798e-18	116.435	1900
3.16677e-18	110.045	1910
3.03455e-18	105.023	1920
3.0575e-18	106.051	1930
3.09761e-18	107.365	1940
2.76499e-18	95.461	1950
3.06271e-18	105.91	1960
3.16918e-18	109.986	1970
3.09692e-18	107.375	1980
3.08889e-18	107.031	1990
3.12157e-18	108.238	2000
3.01898e-18	104.644	2010
2.77918e-18	95.8466	2020
3.16132e-18	109.496	2030
3.20243e-18	111.258	2040
2.96532e-18	102.802	2050
2.7334e-18	94.0098	2060
3.27068e-18	113.441	2070
3.35641e-18	116.73	2080
3.35438e-18	116.624	2090
3.404e-18	118.421	2100
3.37309e-18	117.301	2110
3.69002e-18	128.535	2120
3.8925e-18	136.115	2130
3.62581e-18	126.733	2140
3.47218e-18	120.592	2150
4.23145e-18	148.025	2160
3.99723e-18	140.134	2170
4.30297e-18	150.754	2180
4.4645e-18	156.778	2190
4.11437e-18	144.393	2200
4.08406e-18	142.806	2210
4.4656e-18	156.636	2220
4.4816e-18	157.532	2230
4.0263e-18	141.292	2240
3.69598e-18	128.864	2250
4.13744e-18	144.801	2260
3.98275e-18	139.361	2270
4.27693e-18	149.901	2280
4.27952e-18	150.186	2290
3.80132e-18	133.066	2300
3.84117e-18	134.182	2310
3.81881e-18	133.327	2320
4.01037e-18	140.446	2330
3.70901e-18	129.475	2340
3.93724e-18	137.554	2350
4.1396e-18	144.944	2360
4.08001e-18	143.057	2370
4.07912e-18	142.604	2380
4.00882e-18	140.61	2390
3.63422e-18	126.634	2400
4.23975e-18	148.467	2410
4.25185e-18	149.14	2420
3.98042e-18	139.52	2430
4.04324e-18	141.348	2440
4.09102e-18	143.379	2450
3.76356e-18	131.315	2460
4.16055e-18	145.507	2470
4.52431e-18	158.846	2480
4.48272e-18	157.516	2490
4.30005e-18	150.886	2500
4.00018e-18	140.246	2510
4.27656e-18	149.433	2520
4.66625e-18	164.308	2530
4.23434e-18	148.21	2540
4.20953e-18	148.037	2550
4.16131e-18	145.919	2560
3.96465e-18	138.78	2570
4.02764e-18	140.804	2580
4.2876e-18	150.271	2590
4.24733e-18	149.094	2600
3.64074e-18	127.366	2610
3.96501e-18	138.244	2620
4.25007e-18	149.146	2630
3.77164e-18	131.806	2640
4.06046e-18	142.073	2650
3.88291e-18	135.906	2660
3.93597e-18	137.49	2670
4.07562e-18	142.711	2680
3.98881e-18	139.641	2690
4.00271e-18	139.914	2700
4.29045e-18	150.42	2710
3.99587e-18	140.027	2720
4.16035e-18	145.591	2730
4.50208e-18	157.943	2740
4.38788e-18	154.338	2750
3.59505e-18	125.521	2760
4.30416e-18	150.478	2770
4.74828e-18	166.916	2780
4.65281e-18	163.806	2790
4.44636e-18	155.902	2800
4.50669e-18	158.162	2810
4.80111e-18	168.874	2820
4.98603e-18	175.453	2830
5.10841e-18	180.042	2840
4.8562e-18	171.291	2850
4.31219e-18	150.681	2860
4.866e-18	171.406	2870
4.25829e-18	149.815	2880
3.87738e-18	135.217	2890
4.53984e-18	159.277	2900
4.65205e-18	163.528	2910
4.64495e-18	163.286	2920
4.61409e-18	162.204	2930
4.23411e-18	148.897	2940
4.02481e-18	140.367	2950
4.68224e-18	164.651	2960
4.46712e-18	156.765	2970
4.71797e-18	165.898	2980
4.6991e-18	165.202	2990
4.78445e-18	168.302	3000
4.65376e-18	163.744	3010
4.53304e-18	159.206	3020
4.61069e-18	162.01	3030
4.67114e-18	164.158	3040
4.78486e-18	168.301	3050
4.71401e-18	165.864	3060
4.62874e-18	162.705	3070
4.57526e-18	160.816	3080
4.54924e-18	159.793	3090
4.56853e-18	160.509	3100
4.59118e-18	161.329	3110
4.55175e-18	159.948	3120
4.51146e-18	158.425	3130
4.60026e-18	161.629	3140
4.66956e-18	164.078	3150
4.88246e-18	171.739	3160
4.95783e-18	174.573	3170
4.79236e-18	168.811	3180
4.84574e-18	170.182	3190
5.33232e-18	187.984	3200
5.34601e-18	188.701	3210
5.09477e-18	179.694	3220
5.04461e-18	177.662	3230
5.12858e-18	180.721	3240
5.03068e-18	177.401	3250
4.95846e-18	174.502	3260
5.15562e-18	181.693	3270
5.1017e-18	179.805	3280
4.99812e-18	176.174	3290
4.90039e-18	172.513	3300
4.75658e-18	167.281	3310
4.85667e-18	170.969	3320
4.81737e-18	169.429	3330
4.9625e-18	174.689	3340
4.94715e-18	174.288	3350
4.78329e-18	168.343	3360
4.9075e-18	172.811	3370
4.71104e-18	165.716	3380
4.81126e-18	169.172	3390
4.96752e-18	174.929	3400
5.01617e-18	176.641	3410
5.01929e-18	176.811	3420
4.89719e-18	172.478	3430
4.98875e-18	175.579	3440
5.05932e-18	178.239	3450
5.02137e-18	176.943	3460
5.09046e-18	179.268	3470
5.18333e-18	182.746	3480
5.10626e-18	180.066	3490
4.9257e-18	173.366	3500
4.99959e-18	176.161	3510
5.16412e-18	181.926	3520
5.23336e-18	184.568	3530
5.12783e-18	180.795	3540
5.09818e-18	179.668	3550
5.01148e-18	176.541	3560
5.16319e-18	181.857	3570
5.22441e-18	184.294	3580
5.16275e-18	182.014	3590
5.15756e-18	181.77	3600
5.18742e-18	182.909	3610
5.22867e-18	184.293	3620
5.20417e-18	183.518	3630
5.39706e-18	190.332	3640
5.43698e-18	191.887	3650
5.52652e-18	195.107	3660
5.57891e-18	197.019	3670
5.58653e-18	197.337	3680
5.43545e-18	191.938	3690
5.45103e-18	192.255	3700
5.71843e-18	201.919	3710
5.64098e-18	199.364	3720
5.77616e-18	204.011	3730
5.71421e-18	202.119	3740
5.63581e-18	198.991	3750
5.88346e-18	207.934	3760
5.90348e-18	208.765	3770
5.80957e-18	205.506	3780
5.76e-18	203.503	3790
5.80568e-18	205.352	3800
5.71385e-18	201.803	3810
5.90022e-18	208.59	3820
5.94062e-18	210.166	3830
5.86193e-18	207.238	3840
5.88557e-18	208.076	3850
5.88286e-18	208.052	3860
5.86128e-18	207.201	3870
5.93448e-18	209.884	3880
5.90957e-18	208.956	3890
5.99623e-18	212.156	3900
5.94482e-18	210.257	3910
5.95629e-18	210.658	3920
5.94573e-18	210.301	3930
5.92107e-18	209.445	3940
5.80244e-18	205.163	3950
5.90162e-18	208.634	3960
5.88561e-18	208.132	3970
5.87803e-18	207.837	3980
5.94428e-18	210.194	3990
5.99061e-18	211.924	4000
5.99237e-18	211.999	4010
5.91669e-18	209.265	4020
5.89709e-18	208.545	4030
5.89995e-18	208.548	4040
6.11073e-18	216.197	4050
6.02038e-18	213.113	4060
5.99733e-18	212.139	4070
5.90949e-18	209.118	4080
5.84916e-18	206.74	4090
5.94175e-18	210.148	4100
5.90003e-18	208.667	4110
5.94601e-18	210.323	4120
5.85132e-18	206.932	4130
5.84123e-18	206.49	4140
5.90027e-18	208.662	4150
5.84461e-18	206.676	4160
5.84754e-18	206.654	4170
5.87958e-18	207.952	4180
5.81985e-18	205.722	4190
5.85416e-18	206.941	4200
5.89703e-18	208.57	4210
5.7965e-18	204.994	4220
5.77872e-18	204.205	4230
5.8169e-18	205.645	4240
5.72597e-18	202.384	4250
5.73764e-18	202.755	4260
5.79879e-18	204.951	4270
5.76877e-18	203.944	4280
5.64536e-18	199.517	4290
5.65387e-18	199.723	4300
5.67202e-18	200.426	4310
5.66116e-18	199.962	4320
5.73891e-18	202.822	4330
5.62292e-18	198.701	4340
5.61629e-18	198.369	4350
5.62084e-18	198.458	4360
5.76285e-18	203.669	4370
5.71474e-18	201.987	4380
5.72771e-18	202.372	4390
5.74482e-18	203.076	4400
5.6304e-18	198.909	4410
5.75334e-18	203.29	4420
5.81249e-18	205.453	4430
5.82409e-18	205.917	4440
5.77672e-18	204.159	4450
5.83148e-18	206.156	4460
5.84249e-18	206.572	4470
5.78833e-18	204.666	4480
5.79113e-18	204.667	4490
5.79503e-18	204.818	4500
5.87348e-18	207.676	4510
5.85172e-18	206.915	4520
5.83717e-18	206.322	4530
5.90779e-18	208.871	4540
5.97399e-18	211.323	4550
5.94021e-18	210.116	4560
5.94316e-18	210.178	4570
5.92131e-18	209.441	4580
6.04199e-18	213.69	4590
5.98706e-18	211.863	4600
6.01583e-18	212.753	4610
6.02565e-18	213.212	4620
6.0133e-18	212.716	4630
6.05691e-18	214.331	4640
5.99932e-18	212.228	4650
6.08962e-18	215.432	4660
6.16393e-18	218.168	4670
6.14056e-18	217.352	4680
6.149e-18	217.668	4690
6.07073e-18	214.876	4700
6.06728e-18	214.664	4710
6.15448e-18	217.787	4720
6.12491e-18	216.832	4730
6.13962e-18	217.263	4740
6.19094e-18	219.103	4750
6.21737e-18	220.146	4760
6.12753e-18	216.923	4770
6.08143e-18	215.241	4780
6.15302e-18	217.75	4790
6.13636e-18	217.231	4800
6.00076e-18	212.343	4810
6.02015e-18	212.914	4820
6.08545e-18	215.366	4830
6.00956e-18	212.667	4840
5.98708e-18	211.812	4850
5.96695e-18	211.08	4860
5.9086e-18	208.993	4870
5.85904e-18	207.181	4880
5.90843e-18	208.911	4890
5.94025e-18	210.088	4900
5.99401e-18	212.008	4910
5.95475e-18	210.698	4920
5.88982e-18	208.248	4930
5.87649e-18	207.861	4940
5.9044e-18	208.737	4950
6.01333e-18	212.652	4960
6.04465e-18	213.935	4970
5.97684e-18	211.403	4980
6.01315e-18	212.817	4990
5.88491e-18	208.129	5000
5.95728e-18	210.696	5010
5.9564e-18	210.675	5020
6.008e-18	212.532	5030
6.00534e-18	212.48	5040
5.84445e-18	206.784	5050
5.90454e-18	208.658	5060
6.04172e-18	213.75	5070
5.94335e-18	210.281	5080
5.89333e-18	208.477	5090
5.81686e-18	205.609	5100
5.89913e-18	208.615	5110
5.82768e-18	206.114	5120
5.78692e-18	204.493	5130
5.9133e-18	209.124	5140
5.8105e-18	205.454	5150
5.80371e-18	205.168	5160
5.8542e-18	206.946	5170
5.81722e-18	205.761	5180
5.74879e-18	203.156	5190
5.8429e-18	206.496	5200
5.91528e-18	209.19	5210
5.93604e-18	209.967	5220
5.85872e-18	207.178	5230
5.86273e-18	207.248	5240
5.89325e-18	208.425	5250
5.88363e-18	208.045	5260
5.90869e-18	209.009	5270
5.81445e-18	205.57	5280
5.87576e-18	207.744	5290
5.8866e-18	208.158	5300
5.85653e-18	207.089	5310
5.88031e-18	207.943	5320
5.86134e-18	207.265	5330
5.82288e-18	205.863	5340
5.83394e-18	206.295	5350
5.78063e-18	204.358	5360
5.78546e-18	204.491	5370
5.82849e-18	206.061	5380
5.82891e-18	206.037	5390
5.91835e-18	209.313	5400
5.84787e-18	206.811	5410
5.83885e-18	206.438	5420
5.8523e-18	206.914	5430
5.85029e-18	206.828	5440
5.94779e-18	210.357	5450
5.90178e-18	208.747	5460
5.91561e-18	209.153	5470
5.98162e-18	211.63	5480
5.94563e-18	210.326	5490
5.94432e-18	210.212	5500
6.02942e-18	213.274	5510
6.00478e-18	212.474	5520
6.04873e-18	213.985	5530
6.02557e-18	213.243	5540
5.99123e-18	211.926	5550
6.06813e-18	214.687	5560
6.04564e-18	213.971	5570
5.98194e-18	211.582	5580
6.04259e-18	213.793	5590
5.96327e-18	211.054	5600
5.85959e-18	207.14	5610
6.04944e-18	213.95	5620
6.11291e-18	216.382	5630
6.01303e-18	212.801	5640
5.91331e-18	209.156	5650
6.02041e-18	212.918	5660
6.10027e-18	215.908	5670
6.10355e-18	215.978	5680
6.09236e-18	215.658	5690
6.03618e-18	213.58	5700
5.99629e-18	212.124	5710
6.05939e-18	214.393	5720
6.06882e-18	214.732	5730
6.08821e-18	215.445	5740
6.11896e-18	216.556	5750
6.07804e-18	215.138	5760
6.05077e-18	214.051	5770
6.08676e-18	215.416	5780
6.02829e-18	213.301	5790
6.03216e-18	213.5	5800
5.89537e-18	208.522	5810
6.01157e-18	212.57	5820
6.087e-18	215.476	5830
6.01323e-18	212.711	5840
6.02762e-18	213.284	5850
5.97095e-18	211.262	5860
6.02644e-18	213.18	5870
5.96255e-18	211.031	5880
5.91024e-18	208.935	5890
5.93594e-18	209.986	5900
5.99298e-18	211.925	5910
6.08584e-18	215.367	5920
6.02051e-18	213.05	5930
6.04174e-18	213.734	5940
6.01144e-18	212.768	5950
5.93921e-18	210.02	5960
6.013e-18	212.733	5970
5.96085e-18	210.876	5980
6.01385e-18	212.735	5990
6.03666e-18	213.58	6000
6.07503e-18	214.997	6010
6.03501e-18	213.582	6020
5.95873e-18	210.772	6030
5.88712e-18	208.213	6040
6.0347e-18	213.44	6050
6.0549e-18	214.292	6060
5.98644e-18	211.801	6070
6.05943e-18	214.415	6080
5.92785e-18	209.751	6090
5.94749e-18	210.318	6100
5.98807e-18	211.768	6110
6.03539e-18	213.545	6120
5.97551e-18	211.447	6130
5.92812e-18	209.632	6140
6.02713e-18	213.24	6150
5.97314e-18	211.307	6160
5.96134e-18	210.856	6170
5.96665e-18	211.052	6180
6.02857e-18	213.267	6190
6.02248e-18	213.097	6200
6.02499e-18	213.184	6210
6.05582e-18	214.269	6220
5.98057e-18	211.574	6230
6.01528e-18	212.83	6240
5.94555e-18	210.355	6250
5.95462e-18	210.577	6260
5.91317e-18	209.254	6270
5.80859e-18	205.304	6280
5.90398e-18	208.724	6290
5.95544e-18	210.697	6300
5.8572e-18	207.112	6310
5.84273e-18	206.613	6320
5.81861e-18	205.721	6330
5.83359e-18	206.235	6340
5.80372e-18	205.17	6350
5.77073e-18	204.013	6360
5.73532e-18	202.699	6370
5.71477e-18	201.969	6380
5.73367e-18	202.603	6390
5.76661e-18	203.831	6400
5.71667e-18	202.056	6410
5.7474e-18	203.106	6420
5.74928e-18	203.234	6430
5.73406e-18	202.635	6440
5.79533e-18	204.843	6450
5.78403e-18	204.491	6460
5.76236e-18	203.651	6470
5.77742e-18	204.222	6480
5.76485e-18	203.778	6490
5.85761e-18	207.1	6500
5.82194e-18	205.85	6510
5.91553e-18	209.111	6520
5.99053e-18	211.905	6530
5.90373e-18	208.856	6540
5.89181e-18	208.261	6550
5.95571e-18	210.648	6560
5.97509e-18	211.383	6570
5.98709e-18	211.735	6580
6.00117e-18	212.34	6590
5.95993e-18	210.81	6600
6.09561e-18	215.664	6610
6.05327e-18	214.208	6620
6.06481e-18	214.558	6630
6.15578e-18	217.879	6640
6.13368e-18	217.149	6650
6.05434e-18	214.173	6660
6.09291e-18	215.651	6670
6.1342e-18	217.045	6680
6.23668e-18	220.745	6690
6.2059e-18	219.745	6700
6.21672e-18	220.092	6710
6.19282e-18	219.274	6720
6.19136e-18	219.145	6730
6.19616e-18	219.332	6740
6.21344e-18	219.975	6750
6.25704e-18	221.491	6760
6.23194e-18	220.709	6770
6.27043e-18	221.978	6780
6.26391e-18	221.811	6790
6.23594e-18	220.795	6800
6.31024e-18	223.473	6810
6.21317e-18	220.015	6820
6.19229e-18	219.234	6830
6.11777e-18	216.529	6840
6.26313e-18	221.735	6850
6.24371e-18	221.099	6860
6.2149e-18	220.029	6870
6.19822e-18	219.468	6880
6.16514e-18	218.235	6890
6.08156e-18	215.242	6900
6.11079e-18	216.189	6910
6.16803e-18	218.402	6920
6.06592e-18	214.622	6930
6.14577e-18	217.507	6940
6.12303e-18	216.73	6950
6.07006e-18	214.774	6960
6.21271e-18	219.843	6970
6.21869e-18	220.194	6980
6.12146e-18	216.671	6990
6.19989e-18	219.422	7000
6.21946e-18	220.176	7010
6.1877e-18	219.096	7020
6.18284e-18	218.819	7030
6.31478e-18	223.552	7040
6.33406e-18	224.365	7050
6.27994e-18	222.37	7060
6.23764e-18	220.897	7070
6.24984e-18	221.263	7080
6.19144e-18	219.176	7090
6.2236e-18	220.355	7100
6.19105e-18	219.171	7110
6.14363e-18	217.467	7120
6.18821e-18	218.994	7130
6.24942e-18	221.274	7140
6.24905e-18	221.243	7150
6.20753e-18	219.856	7160
6.13748e-18	217.154	7170
6.09937e-18	215.925	7180
6.1037e-18	215.958	7190
6.14441e-18	217.453	7200
6.10794e-18	216.195	7210
6.08677e-18	215.388	7220
6.08849e-18	215.466	7230
6.08211e-18	215.218	7240
6.09708e-18	215.769	7250
6.0579e-18	214.317	7260
6.14176e-18	217.399	7270
6.0531e-18	214.183	7280
6.14227e-18	217.378	7290
6.16525e-18	218.246	7300
6.10329e-18	216.042	7310
6.08843e-18	215.475	7320
6.07412e-18	214.91	7330
6.00953e-18	212.659	7340
6.02348e-18	213.027	7350
6.12864e-18	216.908	7360
6.06988e-18	214.816	7370
6.12402e-18	216.658	7380
6.18347e-18	218.919	7390
6.07572e-18	215.05	7400
6.05405e-18	214.156	7410
6.11547e-18	216.427	7420
6.12082e-18	216.619	7430
6.16934e-18	218.358	7440
6.16592e-18	218.26	7450
6.13961e-18	217.343	7460
6.08208e-18	215.257	7470
6.0877e-18	215.402	7480
6.08491e-18	215.338	7490
6.05472e-18	214.248	7500
6.03763e-18	213.636	7510
6.03002e-18	213.341	7520
5.9629e-18	210.969	7530
5.97347e-18	211.239	7540
5.929e-18	209.802	7550
5.8285e-18	206.028	7560
5.86148e-18	207.212	7570
5.93073e-18	209.787	7580
5.86987e-18	207.528	7590
5.86994e-18	207.621	7600
5.80883e-18	205.373	7610
5.789e-18	204.589	7620
5.88383e-18	208.032	7630
5.91614e-18	209.25	7640
5.85771e-18	207.131	7650
5.89169e-18	208.334	7660
5.82777e-18	206.13	7670
5.82099e-18	205.781	7680
5.83662e-18	206.321	7690
5.83179e-18	206.186	7700
5.89381e-18	208.375	7710
5.85229e-18	206.948	7720
5.8904e-18	208.261	7730
5.91074e-18	209.008	7740
5.97137e-18	211.196	7750
5.95322e-18	210.617	7760
5.93736e-18	209.954	7770
5.97989e-18	211.524	7780
5.95545e-18	210.634	7790
5.96634e-18	211.055	7800
6.0315e-18	213.355	7810
6.06328e-18	214.537	7820
6.07221e-18	214.875	7830
6.03356e-18	213.464	7840
6.04458e-18	213.854	7850
6.1015e-18	215.858	7860
6.14923e-18	217.688	7870
6.12835e-18	216.899	7880
6.11193e-18	216.317	7890
6.11396e-18	216.364	7900
6.12502e-18	216.815	7910
6.08228e-18	215.191	7920
6.17144e-18	218.442	7930
6.1339e-18	217.115	7940
6.15868e-18	217.947	7950
6.14506e-18	217.589	7960
6.02225e-18	213.047	7970
6.12208e-18	216.65	7980
6.1399e-18	217.282	7990
6.09948e-18	215.903	8000
6.10039e-18	215.872	8010
6.04469e-18	213.949	8020
5.92913e-18	209.763	8030
6.03277e-18	213.31	8040
6.1209e-18	216.616	8050
6.0306e-18	213.44	8060
6.00516e-18	212.483	8070
6.04114e-18	213.678	8080
6.12316e-18	216.703	8090
6.06929e-18	214.795	8100
5.99672e-18	212.217	8110
6.00452e-18	212.326	8120
6.08853e-18	215.519	8130
6.05317e-18	214.202	8140
5.9225e-18	209.479	8150
6.02574e-18	213.15	8160
6.11694e-18	216.485	8170
6.01891e-18	213.006	8180
5.93742e-18	210.035	8190
6.00406e-18	212.323	8200
5.99928e-18	212.331	8210
5.9451e-18	210.185	8220
6.02443e-18	213.202	8230
5.98259e-18	211.611	8240
6.00346e-18	212.399	8250
5.96179e-18	210.889	8260
5.9415e-18	210.165	8270
5.93235e-18	209.832	8280
5.91385e-18	209.13	8290
5.95411e-18	210.599	8300
5.91713e-18	209.297	8310
5.90736e-18	208.929	8320
5.94688e-18	210.32	8330
5.9754e-18	211.398	8340
5.89282e-18	208.414	8350
5.84394e-18	206.666	8360
5.82866e-18	206.087	8370
5.82194e-18	205.845	8380
5.81453e-18	205.514	8390
5.88252e-18	208.034	8400
5.74743e-18	203.179	8410
5.77451e-18	204.152	8420
5.73561e-18	202.635	8430
5.84269e-18	206.6	8440
5.84137e-18	206.53	8450
5.81441e-18	205.573	8460
5.76471e-18	203.816	8470
5.78706e-18	204.547	8480
5.75499e-18	203.435	8490
5.75115e-18	203.249	8500
5.81359e-18	205.493	8510
5.86111e-18	207.278	8520
5.81751e-18	205.699	8530
5.77481e-18	204.108	8540
5.87182e-18	207.659	8550
5.84632e-18	206.739	8560
5.88602e-18	208.125	8570
5.94711e-18	210.356	8580
5.90183e-18	208.789	8590
5.82967e-18	206.081	8600
5.91464e-18	209.166	8610
5.99815e-18	212.203	8620
5.96278e-18	210.988	8630
5.97624e-18	211.341	8640
6.0839e-18	215.268	8650
6.07457e-18	215.044	8660
6.01407e-18	212.786	8670
6.08726e-18	215.374	8680
6.06317e-18	214.608	8690
6.13145e-18	216.972	8700
6.11808e-18	216.613	8710
6.0792e-18	215.156	8720
6.07196e-18	214.907	8730
6.07659e-18	215.051	8740
6.0613e-18	214.487	8750
6.07469e-18	214.97	8760
6.00314e-18	212.51	8770
5.98961e-18	211.886	8780
6.04188e-18	213.727	8790
6.08971e-18	215.585	8800
5.9899e-18	211.954	8810
5.98829e-18	211.853	8820
5.96485e-18	211.051	8830
5.87824e-18	207.872	8840
5.94246e-18	210.238	8850
5.91648e-18	209.27	8860
5.88543e-18	208.16	8870
5.90501e-18	208.799	8880
5.97615e-18	211.427	8890
5.82608e-18	206.14	8900
5.77481e-18	204.1	8910
5.87679e-18	207.783	8920
5.87016e-18	207.648	8930
5.80348e-18	205.162	8940
5.85907e-18	207.132	8950
5.90675e-18	208.882	8960
5.94193e-18	210.228	8970
5.88389e-18	208.022	8980
5.93622e-18	209.992	8990
5.9256e-18	209.599	9000
5.95986e-18	210.822	9010
5.92074e-18	209.493	9020
5.85278e-18	206.925	9030
5.91925e-18	209.332	9040
5.94799e-18	210.434	9050
5.87342e-18	207.719	9060
5.91067e-18	209.016	9070
5.92469e-18	209.582	9080
5.89127e-18	208.349	9090
5.90322e-18	208.802	9100
5.87772e-18	207.861	9110
5.91522e-18	209.213	9120
5.88468e-18	208.129	9130
5.82384e-18	205.963	9140
5.8144e-18	205.562	9150
5.86637e-18	207.465	9160
5.82621e-18	205.994	9170
5.80731e-18	205.341	9180
5.80263e-18	205.156	9190
5.80837e-18	205.382	9200
5.74503e-18	203.089	9210
5.77335e-18	204.079	9220
5.86027e-18	207.213	9230
5.90719e-18	208.897	9240
5.93289e-18	209.884	9250
5.90688e-18	208.89	9260
5.93741e-18	210.005	9270
5.95144e-18	210.502	9280
6.00589e-18	212.451	9290
6.0708e-18	214.844	9300
6.06496e-18	214.605	9310
6.10804e-18	216.199	9320
6.02319e-18	213.126	9330
6.11416e-18	216.38	9340
6.08862e-18	215.456	9350
6.08239e-18	215.284	9360
6.06242e-18	214.547	9370
6.08518e-18	215.351	9380
6.07527e-18	215.024	9390
6.06709e-18	214.687	9400
6.10396e-18	216.061	9410
6.06106e-18	214.516	9420
6.09561e-18	215.703	9430
6.05852e-18	214.416	9440
6.05883e-18	214.423	9450
6.10077e-18	215.844	9460
6.13944e-18	217.368	9470
6.10713e-18	216.056	9480
6.28654e-18	222.625	9490
6.10484e-18	216.2	9500
6.14233e-18	217.411	9510
6.11813e-18	216.549	9520
6.15099e-18	217.676	9530
6.21024e-18	219.885	9540
6.23012e-18	220.571	9550
6.23263e-18	220.687	9560
6.18413e-18	219.036	9570
6.06999e-18	214.747	9580
6.13296e-18	217.101	9590
6.16639e-18	218.259	9600
6.1457e-18	217.616	9610
6.0743e-18	214.996	9620
6.07468e-18	214.975	9630
6.05125e-18	214.146	9640
6.08735e-18	215.411	9650
6.09031e-18	215.522	9660
6.15702e-18	217.957	9670
6.05264e-18	214.294	9680
5.98812e-18	211.815	9690
6.04163e-18	213.788	9700
6.08264e-18	215.222	9710
6.10242e-18	216.013	9720
6.07506e-18	215.011	9730
6.04035e-18	213.768	9740
6.06864e-18	214.691	9750
6.06203e-18	214.57	9760
6.07372e-18	214.922	9770
6.10141e-18	215.934	9780
6.07023e-18	214.879	9790
6.08645e-18	215.342	9800
6.11418e-18	216.378	9810
6.1457e-18	217.561	9820
6.10277e-18	216.004	9830
6.0772e-18	215.125	9840
6.06433e-18	214.625	9850
6.07427e-18	215.014	9860
6.02313e-18	213.143	9870
5.99603e-18	212.103	9880
6.10834e-18	216.183	9890
6.08284e-18	215.28	9900
6.10557e-18	216.109	9910
6.01231e-18	212.784	9920
6.039e-18	213.604	9930
6.09823e-18	215.866	9940
5.97879e-18	211.583	9950
6.00719e-18	212.465	9960
6.0811e-18	215.181	9970
6.09446e-18	215.736	9980
6.0568e-18	214.379	9990
6.08196e-18	215.212	10000
6.0369e-18	213.612	10010
6.06806e-18	214.753	10020
6.00987e-18	212.668	10030
5.98852e-18	211.864	10040
6.01478e-18	212.815	10050
5.98983e-18	211.869	10060
5.96172e-18	210.952	10070
6.00044e-18	212.248	10080
5.99412e-18	212.064	10090
5.99319e-18	212.031	10100
5.95605e-18	210.764	10110
5.94149e-18	210.137	10120
5.94118e-18	210.154	10130
6.03902e-18	213.575	10140
6.04327e-18	213.971	10150
5.89907e-18	208.651	10160
5.93299e-18	209.833	10170
5.90292e-18	208.799	10180
5.84053e-18	206.514	10190
5.90911e-18	208.968	10200
5.95164e-18	210.496	10210
5.92595e-18	209.619	10220
5.95353e-18	210.621	10230
5.92536e-18	209.576	10240
5.92706e-18	209.663	10250
5.88534e-18	208.121	10260
5.95677e-18	210.702	10270
5.86772e-18	207.543	10280
5.91453e-18	209.111	10290
5.97827e-18	211.503	10300
5.97421e-18	211.333	10310
5.94972e-18	210.516	10320
5.91029e-18	209.005	10330
5.9997e-18	212.221	10340
5.98155e-18	211.67	10350
5.98257e-18	211.611	10360
6.0208e-18	212.985	10370
6.02849e-18	213.327	10380
6.06585e-18	214.62	10390
5.99911e-18	212.337	10400
5.93708e-18	209.932	10410
6.05349e-18	214.182	10420
6.07001e-18	214.806	10430
6.05168e-18	214.166	10440
6.01031e-18	212.677	10450
5.98188e-18	211.617	10460
6.00038e-18	212.275	10470
6.03038e-18	213.327	10480
6.05736e-18	214.397	10490
5.97204e-18	211.249	10500
6.0408e-18	213.768	10510
6.02824e-18	213.279	10520
6.03744e-18	213.666	10530
5.92106e-18	209.465	10540
6.05974e-18	214.369	10550
6.00166e-18	212.378	10560
6.01515e-18	212.786	10570
6.05724e-18	214.34	10580
6.01012e-18	212.706	10590
5.95424e-18	210.6	10600
5.93693e-18	209.951	10610
6.01806e-18	212.937	10620
6.02043e-18	213.019	10630
5.96059e-18	210.871	10640
6.01766e-18	212.869	10650
6.00373e-18	212.454	10660
5.94817e-18	210.448	10670
5.9002e-18	208.656	10680
5.93374e-18	209.842	10690
5.96862e-18	211.172	10700
5.948e-18	210.376	10710
5.95675e-18	210.749	10720
5.90126e-18	208.759	10730
5.92958e-18	209.655	10740
5.99392e-18	212.108	10750
5.89581e-18	208.516	10760
6.01677e-18	212.83	10770
6.03923e-18	213.739	10780
6.01687e-18	212.817	10790
6.02999e-18	213.424	10800
5.96315e-18	210.896	10810
6.08315e-18	215.209	10820
6.13805e-18	217.253	10830
6.08385e-18	215.344	10840
6.0175e-18	212.917	10850
6.00508e-18	212.459	10860
6.04878e-18	214.056	10870
6.03063e-18	213.346	10880
6.12291e-18	216.719	10890
6.11888e-18	216.641	10900
6.05503e-18	214.209	10910
6.09117e-18	215.635	10920
6.02536e-18	213.224	10930
6.07473e-18	214.96	10940
6.04343e-18	213.814	10950
6.13068e-18	216.942	10960
6.11645e-18	216.533	10970
6.05807e-18	214.371	10980
6.14421e-18	217.438	10990
6.10133e-18	215.979	11000
6.13703e-18	217.199	11010
6.11749e-18	216.577	11020
6.01241e-18	212.789	11030
5.94579e-18	210.308	11040
6.01127e-18	212.689	11050
5.97471e-18	211.348	11060
5.95206e-18	210.597	11070
5.95748e-18	210.726	11080
5.89055e-18	208.393	11090
5.83792e-18	206.402	11100
5.8819e-18	207.999	11110
5.88408e-18	208.123	11120
5.84409e-18	206.645	11130
5.91474e-18	209.168	11140
5.90683e-18	208.95	11150
5.88993e-18	208.28	11160
5.93971e-18	210.074	11170
5.8869e-18	208.228	11180
5.88007e-18	207.96	11190
5.94475e-18	210.217	11200
5.94338e-18	210.251	11210
5.94515e-18	210.316	11220
5.92017e-18	209.397	11230
5.89678e-18	208.588	11240
5.88829e-18	208.215	11250
5.89613e-18	208.525	11260
5.84356e-18	206.654	11270
5.78759e-18	204.672	11280
5.80022e-18	204.989	11290
5.86575e-18	207.394	11300
5.86836e-18	207.571	11310
5.8289e-18	206.111	11320
5.77651e-18	204.247	11330
5.82665e-18	205.967	11340
5.83871e-18	206.45	11350
5.84716e-18	206.767	11360
5.81545e-18	205.641	11370
5.79713e-18	204.963	11380
5.76973e-18	203.991	11390
5.72776e-18	202.451	11400
5.78202e-18	204.368	11410
5.7557e-18	203.502	11420
5.82371e-18	205.819	11430
5.86392e-18	207.384	11440
5.87814e-18	207.89	11450
5.81682e-18	205.7	11460
5.81254e-18	205.485	11470
5.82412e-18	205.91	11480
5.87643e-18	207.786	11490
5.83702e-18	206.399	11500
5.856e-18	207.105	11510
5.80538e-18	205.25	11520
5.84824e-18	206.761	11530
5.81015e-18	205.453	11540
5.79596e-18	204.921	11550
5.75587e-18	203.47	11560
5.79287e-18	204.74	11570
5.88114e-18	207.962	11580
5.8617e-18	207.33	11590
5.76776e-18	203.892	11600
5.8047e-18	205.208	11610
5.79572e-18	204.913	11620
5.75276e-18	203.319	11630
5.82799e-18	206.037	11640
5.79934e-18	205.046	11650
5.78702e-18	204.61	11660
5.78774e-18	204.6	11670
5.83418e-18	206.247	11680
5.76532e-18	203.857	11690
5.76879e-18	203.863	11700
5.76695e-18	203.87	11710
5.83369e-18	206.254	11720
5.73649e-18	202.831	11730
5.75073e-18	203.252	11740
5.73331e-18	202.624	11750
5.81572e-18	205.587	11760
5.87028e-18	207.545	11770
5.88214e-18	208.024	11780
5.88592e-18	208.192	11790
5.80384e-18	205.194	11800
5.87125e-18	207.582	11810
5.97949e-18	211.472	11820
5.945e-18	210.382	11830
5.91665e-18	209.257	11840
5.91091e-18	209.04	11850
5.95748e-18	210.762	11860
5.95688e-18	210.65	11870
6.02909e-18	213.38	11880
5.91094e-18	209.078	11890
5.96496e-18	210.983	11900
5.9917e-18	211.964	11910
5.97956e-18	211.556	11920
6.00332e-18	212.384	11930
5.94602e-18	210.359	11940
6.05046e-18	214.003	11950
6.1475e-18	217.634	11960
6.05295e-18	214.215	11970
6.14021e-18	217.307	11980
6.08583e-18	215.424	11990
6.12471e-18	216.763	12000
6.2038e-18	219.624	12010
6.25569e-18	221.483	12020
6.19898e-18	219.532	12030
6.19356e-18	219.235	12040
6.23901e-18	220.893	12050
6.23765e-18	220.856	12060
6.20424e-18	219.706	12070
6.2277e-18	220.41	12080
6.23922e-18	221.038	12090
6.0577e-18	214.434	12100
6.02649e-18	213.169	12110
6.08926e-18	215.515	12120
6.0712e-18	214.847	12130
6.11035e-18	216.238	12140
6.05733e-18	214.42	12150
6.05294e-18	214.118	12160
6.08538e-18	215.401	12170
6.03706e-18	213.654	12180
6.00651e-18	212.512	12190
6.01054e-18	212.676	12200
6.01597e-18	212.794	12210
5.99465e-18	212.217	12220
5.87017e-18	207.536	12230
5.94671e-18	210.334	12240
5.96199e-18	210.857	12250
6.03027e-18	213.32	12260
6.06129e-18	214.527	12270
5.92678e-18	209.702	12280
5.90762e-18	208.9	12290
5.95819e-18	210.759	12300
5.96735e-18	211.081	12310
6.02064e-18	212.993	12320
6.025e-18	213.212	12330
6.03925e-18	213.627	12340
6.07347e-18	214.979	12350
6.00922e-18	212.622	12360
6.05609e-18	214.221	12370
6.18584e-18	219.023	12380
6.08812e-18	215.444	12390
6.16349e-18	218.215	12400
6.13572e-18	217.143	12410
6.13946e-18	217.328	12420
6.18301e-18	218.851	12430
6.21697e-18	220.12	12440
6.2197e-18	220.204	12450
6.23848e-18	220.906	12460
6.2494e-18	221.264	12470
6.24721e-18	221.245	12480
6.12971e-18	217.01	12490
6.20384e-18	219.588	12500
6.20974e-18	219.89	12510
6.16466e-18	218.288	12520
6.17394e-18	218.485	12530
6.26899e-18	221.999	12540
6.1131e-18	216.512	12550
6.05931e-18	214.283	12560
6.22086e-18	220.24	12570
6.13389e-18	217.214	12580
6.10377e-18	215.96	12590
6.14818e-18	217.63	12600
6.15158e-18	217.78	12610
6.16434e-18	218.21	12620
6.11094e-18	216.324	12630
6.13553e-18	217.157	12640
6.11659e-18	216.529	12650
6.08223e-18	215.252	12660
6.14619e-18	217.489	12670
6.21324e-18	219.961	12680
6.18104e-18	218.885	12690
6.16982e-18	218.345	12700
6.15391e-18	217.907	12710
6.11133e-18	216.289	12720
6.13707e-18	217.222	12730
6.11215e-18	216.322	12740
6.13527e-18	217.135	12750
6.18568e-18	218.967	12760
6.17822e-18	218.741	12770
6.1412e-18	217.354	12780
6.11506e-18	216.506	12790
6.07648e-18	215.003	12800
6.05192e-18	214.179	12810
6.06406e-18	214.633	12820
5.9944e-18	212.08	12830
6.08902e-18	215.434	12840
6.00654e-18	212.609	12850
5.92288e-18	209.456	12860
6.04909e-18	214.007	12870
6.12529e-18	216.736	12880
6.14748e-18	217.648	12890
6.10914e-18	216.214	12900
6.09007e-18	215.514	12910
6.20281e-18	219.563	12920
6.15231e-18	217.845	12930
6.16593e-18	218.197	12940
6.25457e-18	221.471	12950
6.35672e-18	225.139	12960
6.18362e-18	218.969	12970
6.27744e-18	222.225	12980
6.297e-18	223.04	12990
6.25025e-18	221.341	13000
6.25527e-18	221.431	13010
6.42832e-18	227.712	13020
6.34184e-18	224.711	13030
6.36138e-18	225.238	13040
6.37338e-18	225.84	13050
6.33046e-18	224.187	13060
6.32279e-18	224.007	13070
6.24164e-18	221.055	13080
6.18959e-18	219.132	13090
6.25767e-18	221.459	13100
6.31173e-18	223.601	13110
6.2136e-18	220.032	13120
6.2212e-18	220.299	13130
6.15311e-18	217.804	13140
6.2278e-18	220.506	13150
6.22598e-18	220.41	13160
6.18443e-18	219.011	13170
6.16387e-18	218.228	13180
6.10047e-18	215.851	13190
6.1827e-18	218.873	13200
6.16165e-18	218.125	13210
6.10403e-18	216.012	13220
6.16062e-18	218.047	13230
6.13416e-18	217.175	13240
6.08209e-18	215.233	13250
6.12964e-18	216.925	13260
6.12889e-18	216.932	13270
6.15376e-18	217.828	13280
6.0892e-18	215.512	13290
6.11234e-18	216.314	13300
6.20074e-18	219.469	13310
6.22251e-18	220.348	13320
6.12004e-18	216.62	13330
6.25704e-18	221.472	13340
6.30039e-18	223.155	13350
6.22721e-18	220.464	13360
6.26188e-18	221.745	13370
6.20732e-18	219.792	13380
6.22994e-18	220.518	13390
6.25885e-18	221.684	13400
6.20053e-18	219.445	13410
6.2425e-18	221.067	13420
6.21123e-18	219.87	13430
6.282e-18	222.427	13440
6.31215e-18	223.549	13450
6.30331e-18	223.21	13460
6.34543e-18	224.745	13470
6.37862e-18	225.951	13480
6.29045e-18	222.795	13490
6.33584e-18	224.321	13500
6.44205e-18	228.232	13510
6.34696e-18	224.862	13520
6.38453e-18	226.173	13530
6.33884e-18	224.525	13540
6.3872e-18	226.176	13550
6.4252e-18	227.736	13560
6.26412e-18	221.869	13570
6.33718e-18	224.422	13580
6.27911e-18	222.448	13590
6.29442e-18	222.812	13600
6.38106e-18	226.053	13610
6.3228e-18	224	13620
6.26793e-18	221.982	13630
6.32835e-18	224.057	13640
6.39339e-18	226.494	13650
6.38838e-18	226.346	13660
6.34695e-18	224.783	13670
6.46148e-18	228.881	13680
6.44245e-18	228.301	13690
6.41868e-18	227.415	13700
6.40911e-18	227.027	13710
6.42801e-18	227.761	13720
6.45999e-18	228.879	13730
6.49747e-18	230.193	13740
6.57267e-18	232.948	13750
6.48064e-18	229.73	13760
6.41998e-18	227.414	13770
6.44931e-18	228.506	13780
6.44189e-18	228.213	13790
6.5212e-18	231.095	13800
6.49868e-18	230.341	13810
6.47124e-18	229.38	13820
6.36175e-18	225.321	13830
6.43737e-18	228.08	13840
6.38545e-18	226.192	13850
6.40281e-18	226.846	13860
6.30553e-18	223.377	13870
6.30952e-18	223.43	13880
6.38922e-18	226.272	13890
6.42606e-18	227.698	13900
6.36085e-18	225.316	13910
6.37103e-18	225.693	13920
6.3413e-18	224.641	13930
6.32433e-18	223.941	13940
6.33238e-18	224.346	13950
6.30173e-18	223.082	13960
6.42886e-18	227.749	13970
6.41902e-18	227.446	13980
6.30046e-18	223.239	13990
6.22264e-18	220.274	14000
6.31152e-18	223.455	14010
6.38074e-18	226.05	14020
6.33224e-18	224.277	14030
6.33537e-18	224.376	14040
6.40709e-18	226.995	14050
6.37118e-18	225.722	14060
6.2713e-18	222.008	14070
6.33549e-18	224.439	14080
6.27115e-18	222.071	14090
6.28138e-18	222.413	14100
6.28773e-18	222.654	14110
6.18888e-18	219.17	14120
6.21048e-18	219.87	14130
6.17129e-18	218.464	14140
6.24768e-18	221.147	14150
6.24359e-18	221.121	14160
6.17964e-18	218.771	14170
6.22844e-18	220.502	14180
6.24724e-18	221.239	14190
6.15626e-18	217.99	14200
6.09775e-18	215.774	14210
6.19555e-18	219.258	14220
6.29093e-18	222.78	14230
6.26945e-18	222.015	14240
6.22987e-18	220.584	14250
6.21354e-18	220.027	14260
6.26585e-18	221.81	14270
6.21162e-18	220.02	14280
6.23534e-18	220.758	14290
6.22668e-18	220.485	14300
6.25259e-18	221.366	14310
6.27024e-18	222.051	14320
6.2886e-18	222.711	14330
6.18921e-18	219.179	14340
6.27969e-18	222.293	14350
6.35014e-18	224.999	14360
6.27273e-18	222.097	14370
6.31801e-18	223.791	14380
6.34059e-18	224.56	14390
6.32291e-18	223.994	14400
6.31543e-18	223.649	14410
6.29375e-18	222.889	14420
6.25934e-18	221.627	14430
6.31413e-18	223.606	14440
6.29141e-18	222.819	14450
6.26751e-18	221.965	14460
6.31824e-18	223.715	14470
6.32018e-18	223.886	14480
6.30366e-18	223.196	14490
6.40981e-18	227.056	14500
6.38563e-18	226.251	14510
6.36243e-18	225.364	14520
6.41729e-18	227.356	14530
6.34245e-18	224.697	14540
6.37217e-18	225.65	14550
6.44925e-18	228.487	14560
6.44125e-18	228.254	14570
6.41369e-18	227.228	14580
6.44477e-18	228.347	14590
6.36312e-18	225.465	14600
6.37615e-18	225.812	14610
6.46235e-18	229.021	14620
6.33952e-18	224.531	14630
6.41902e-18	227.397	14640
6.45844e-18	228.86	14650
6.45495e-18	228.692	14660
6.41055e-18	227.162	14670
6.27314e-18	222.194	14680
6.40215e-18	226.762	14690
6.45438e-18	228.664	14700
6.45912e-18	228.881	14710
6.41625e-18	227.309	14720
6.47735e-18	229.486	14730
6.45376e-18	228.756	14740
6.34956e-18	224.954	14750
6.36564e-18	225.464	14760
6.49616e-18	230.085	14770
6.49954e-18	230.421	14780
6.42654e-18	227.753	14790
6.30427e-18	223.216	14800
6.38867e-18	226.351	14810
6.42068e-18	227.418	14820
6.38354e-18	226.214	14830
6.2797e-18	222.362	14840
6.34354e-18	224.681	14850
6.30167e-18	223.188	14860
6.25426e-18	221.524	14870
6.23517e-18	220.72	14880
6.24992e-18	221.337	14890
6.24774e-18	221.238	14900
6.2781e-18	222.269	14910
6.26106e-18	221.794	14920
6.1866e-18	218.989	14930
6.22755e-18	220.499	14940
6.1556e-18	217.966	14950
6.10582e-18	216.08	14960
6.16896e-18	218.338	14970
6.14021e-18	217.378	14980
6.08331e-18	215.334	14990
6.10343e-18	215.935	15000
6.13289e-18	217.15	15010
6.07083e-18	214.845	15020
6.06035e-18	214.421	15030
6.14345e-18	217.438	15040
6.16562e-18	218.257	15050
6.15487e-18	217.846	15060
6.17683e-18	218.701	15070
6.14478e-18	217.451	15080
6.16319e-18	218.136	15090
6.29555e-18	222.92	15100
6.3235e-18	223.956	15110
6.29387e-18	222.914	15120
6.26137e-18	221.752	15130
6.30303e-18	223.122	15140
6.38138e-18	226.107	15150
6.30553e-18	223.283	15160
6.4012e-18	226.742	15170
6.35198e-18	225.08	15180
6.27907e-18	222.316	15190
6.36781e-18	225.589	15200
6.31194e-18	223.524	15210
6.364e-18	225.382	15220
6.46156e-18	228.946	15230
6.35619e-18	225.227	15240
6.38101e-18	226.009	15250
6.43331e-18	227.872	15260
6.41683e-18	227.409	15270
6.39491e-18	226.459	15280
6.47251e-18	229.387	15290
6.43035e-18	227.8	15300
6.43206e-18	227.875	15310
6.45979e-18	228.903	15320
6.50662e-18	230.527	15330
6.5103e-18	230.756	15340
6.42643e-18	227.768	15350
6.40842e-18	227.004	15360
6.48793e-18	229.895	15370
6.53464e-18	231.578	15380
6.47768e-18	229.528	15390
6.49825e-18	230.354	15400
6.36356e-18	225.416	15410
6.39325e-18	226.466	15420
6.44693e-18	228.403	15430
6.47471e-18	229.441	15440
6.49844e-18	230.247	15450
6.51372e-18	230.866	15460
6.46478e-18	229.1	15470
6.43681e-18	228.114	15480
6.36913e-18	225.575	15490
6.51362e-18	230.794	15500
6.48583e-18	229.852	15510
6.55249e-18	232.202	15520
6.59151e-18	233.648	15530
6.56369e-18	232.59	15540
6.56876e-18	232.91	15550
6.58284e-18	233.263	15560
6.56757e-18	232.875	15570
6.47003e-18	229.256	15580
6.41963e-18	227.523	15590
6.44993e-18	228.426	15600
6.50076e-18	230.422	15610
6.49052e-18	229.984	15620
6.35772e-18	225.245	15630
6.41847e-18	227.377	15640
6.40514e-18	226.871	15650
6.45945e-18	228.926	15660
6.37137e-18	225.711	15670
6.32116e-18	223.892	15680
6.34814e-18	224.807	15690
6.4236e-18	227.534	15700
6.45208e-18	228.559	15710
6.50256e-18	230.458	15720
6.49007e-18	229.985	15730
6.40201e-18	226.9	15740
6.35275e-18	225.017	15750
6.31928e-18	223.759	15760
6.43838e-18	228.083	15770
6.51285e-18	230.761	15780
6.46848e-18	229.258	15790
6.41121e-18	227.164	15800
6.38081e-18	225.996	15810
6.49848e-18	230.243	15820
6.45783e-18	228.906	15830
6.44147e-18	228.142	15840
6.49222e-18	230.058	15850
6.48815e-18	229.954	15860
6.50763e-18	230.611	15870
6.42842e-18	227.818	15880
6.39528e-18	226.531	15890
6.38461e-18	226.244	15900
6.34979e-18	224.905	15910
6.37623e-18	225.847	15920
6.4157e-18	227.26	15930
6.42858e-18	227.763	15940
6.33917e-18	224.591	15950
6.3809e-18	225.954	15960
6.36203e-18	225.426	15970
6.42263e-18	227.488	15980
6.39639e-18	226.612	15990
6.47235e-18	229.335	16000
6.40502e-18	226.973	16010
6.30039e-18	223.114	16020
6.37261e-18	225.725	16030
6.39524e-18	226.504	16040
6.44926e-18	228.473	16050
6.43395e-18	228.002	16060
6.38334e-18	226.192	16070
6.33508e-18	224.399	16080
6.35104e-18	224.925	16090
6.41261e-18	227.161	16100
6.47581e-18	229.497	16110
6.41314e-18	227.23	16120
6.36612e-18	225.541	16130
6.27907e-18	222.427	16140
6.30959e-18	223.403	16150
6.33809e-18	224.526	16160
6.3135e-18	223.598	16170
6.41202e-18	227.074	16180
6.36704e-18	225.675	16190
6.30845e-18	223.378	16200
6.40255e-18	226.876	16210
6.28905e-18	222.783	16220
6.24037e-18	220.938	16230
6.29466e-18	222.912	16240
6.26107e-18	221.73	16250
6.29423e-18	222.905	16260
6.2916e-18	222.837	16270
6.23629e-18	220.799	16280
6.30555e-18	223.251	16290
6.30377e-18	223.328	16300
6.22734e-18	220.454	16310
6.35362e-18	225.01	16320
6.27042e-18	222.072	16330
6.3575e-18	225.13	16340
6.38558e-18	226.243	16350
6.30218e-18	223.19	16360
6.28046e-18	222.483	16370
6.30107e-18	223.081	16380
6.36674e-18	225.521	16390
6.34734e-18	224.875	16400
6.34707e-18	224.797	16410
6.33726e-18	224.491	16420
6.22011e-18	220.281	16430
6.22405e-18	220.36	16440
6.36264e-18	225.267	16450
6.43315e-18	227.962	16460
6.41337e-18	227.224	16470
6.37818e-18	225.917	16480
6.42042e-18	227.498	16490
6.37239e-18	225.72	16500
6.37863e-18	225.986	16510
6.31162e-18	223.535	16520
6.36684e-18	225.465	16530
6.42229e-18	227.555	16540
6.37615e-18	225.873	16550
6.36856e-18	225.566	16560
6.42454e-18	227.614	16570
6.38282e-18	226.142	16580
6.38502e-18	226.192	16590
6.3262e-18	224.143	16600
6.23135e-18	220.566	16610
6.38682e-18	226.204	16620
6.37267e-18	225.787	16630
6.3434e-18	224.64	16640
6.36407e-18	225.449	16650
6.36382e-18	225.459	16660
6.32506e-18	223.988	16670
6.27783e-18	222.4	16680
6.2514e-18	221.304	16690
6.26896e-18	221.996	16700
6.33735e-18	224.428	16710
6.38134e-18	226.039	16720
6.42271e-18	227.494	16730
6.40173e-18	226.834	16740
6.31435e-18	223.58	16750
6.39257e-18	226.482	16760
6.31904e-18	223.739	16770
6.45102e-18	228.568	16780
6.43416e-18	227.988	16790
6.35248e-18	224.987	16800
6.44271e-18	228.236	16810
6.39163e-18	226.503	16820
6.48892e-18	229.84	16830
6.50195e-18	230.464	16840
6.39212e-18	226.475	16850
6.41469e-18	227.264	16860
6.45237e-18	228.544	16870
6.55069e-18	232.181	16880
6.58641e-18	233.407	16890
6.55248e-18	232.323	16900
6.5053e-18	230.53	16910
6.47683e-18	229.471	16920
6.60269e-18	233.971	16930
6.58748e-18	233.599	16940
6.47229e-18	229.29	16950
6.56873e-18	232.798	16960
6.59151e-18	233.674	16970
6.638e-18	235.277	16980
6.59553e-18	233.914	16990
6.4723e-18	229.368	17000
6.59289e-18	233.587	17010
6.62986e-18	235.105	17020
6.54871e-18	232.078	17030
6.5252e-18	231.205	17040
6.61314e-18	234.427	17050
6.61907e-18	234.673	17060
6.55214e-18	232.182	17070
6.66232e-18	236.223	17080
6.59916e-18	233.883	17090
6.68152e-18	236.896	17100
6.69471e-18	237.351	17110
6.71944e-18	238.325	17120
6.66915e-18	236.424	17130
6.72746e-18	238.522	17140
6.66311e-18	236.395	17150
6.51017e-18	230.722	17160
6.52467e-18	231.142	17170
6.60894e-18	234.266	17180
6.64287e-18	235.503	17190
6.51216e-18	230.9	17200
6.49468e-18	230.041	17210
6.65774e-18	236.018	17220
6.56675e-18	232.859	17230
6.48375e-18	229.748	17240
6.52154e-18	231.118	17250
6.50936e-18	230.668	17260
6.5052e-18	230.502	17270
6.56214e-18	232.598	17280
6.54658e-18	232.069	17290
6.44949e-18	228.484	17300
6.47757e-18	229.549	17310
6.44584e-18	228.371	17320
6.56077e-18	232.461	17330
6.54037e-18	231.897	17340
6.47887e-18	229.515	17350
6.49273e-18	230.132	17360
6.48086e-18	229.621	17370
6.59911e-18	233.865	17380
6.58543e-18	233.55	17390
6.48447e-18	229.824	17400
6.42924e-18	227.824	17410
6.34936e-18	224.865	17420
6.4518e-18	228.563	17430
6.48535e-18	229.855	17440
6.38785e-18	226.298	17450
6.36316e-18	225.43	17460
6.27099e-18	222.09	17470
6.34313e-18	224.569	17480
6.45084e-18	228.527	17490
6.46868e-18	229.269	17500
6.39163e-18	226.406	17510
6.38358e-18	226.169	17520
6.2443e-18	221.139	17530
6.33403e-18	224.294	17540
6.35879e-18	225.258	17550
6.26859e-18	222.051	17560
6.26783e-18	221.904	17570
6.29636e-18	222.981	17580
6.27936e-18	222.397	17590
6.16965e-18	218.456	17600
6.10799e-18	216.221	17610
6.1793e-18	218.694	17620
6.21863e-18	220.159	17630
6.17386e-18	218.599	17640
6.17496e-18	218.547	17650
6.2004e-18	219.522	17660
6.18415e-18	218.954	17670
6.23766e-18	220.786	17680
6.25082e-18	221.376	17690
6.13878e-18	217.333	17700
6.14041e-18	217.331	17710
6.16817e-18	218.364	17720
6.12772e-18	216.857	17730
6.29105e-18	222.75	17740
6.23435e-18	220.785	17750
6.21303e-18	219.935	17760
6.26382e-18	221.759	17770
6.3329e-18	224.31	17780
6.24491e-18	221.145	17790
6.32369e-18	223.934	17800
6.32943e-18	224.151	17810
6.32379e-18	224.034	17820
6.24415e-18	221.114	17830
6.33632e-18	224.375	17840
6.33392e-18	224.305	17850
6.35496e-18	225.114	17860
6.36534e-18	225.481	17870
6.35385e-18	225.096	17880
6.31677e-18	223.717	17890
6.32302e-18	224.003	17900
6.28029e-18	222.35	17910
6.40429e-18	226.822	17920
6.38301e-18	226.175	17930
6.25516e-18	221.561	17940
6.33574e-18	224.247	17950
6.4819e-18	229.771	17960
6.38126e-18	226.044	17970
6.43665e-18	228.034	17980
6.48841e-18	229.909	17990
6.5314e-18	231.419	18000
6.50794e-18	230.752	18010
6.50076e-18	230.274	18020
6.54676e-18	232.052	18030
6.52312e-18	231.209	18040
6.46035e-18	228.913	18050
6.47206e-18	229.365	18060
6.46987e-18	229.162	18070
6.52671e-18	231.363	18080
6.45183e-18	228.611	18090
6.46019e-18	228.943	18100
6.52233e-18	231.048	18110
6.53915e-18	231.84	18120
6.35943e-18	225.271	18130
6.47952e-18	229.511	18140
6.52954e-18	231.415	18150
6.54444e-18	231.92	18160
6.50954e-18	230.703	18170
6.56222e-18	232.564	18180
6.52621e-18	231.316	18190
6.40986e-18	227.13	18200
6.41896e-18	227.38	18210
6.49688e-18	230.149	18220
6.50306e-18	230.519	18230
6.53811e-18	231.683	18240
6.50547e-18	230.593	18250
6.3905e-18	226.38	18260
6.51822e-18	230.879	18270
6.58681e-18	233.496	18280
6.52918e-18	231.408	18290
6.51846e-18	230.97	18300
6.55833e-18	232.478	18310
6.54451e-18	231.923	18320
6.52503e-18	231.272	18330
6.49715e-18	230.23	18340
6.49373e-18	230.104	18350
6.53692e-18	231.693	18360
6.46608e-18	229.112	18370
6.50678e-18	230.589	18380
6.56355e-18	232.523	18390
6.53921e-18	231.819	18400
6.44945e-18	228.552	18410
6.48699e-18	229.8	18420
6.50601e-18	230.585	18430
6.50287e-18	230.43	18440
6.48971e-18	230.025	18450
6.45373e-18	228.664	18460
6.44181e-18	228.319	18470
6.56551e-18	232.595	18480
6.58087e-18	233.323	18490
6.53308e-18	231.51	18500
6.61849e-18	234.569	18510
6.63542e-18	235.244	18520
6.53037e-18	231.482	18530
6.53202e-18	231.505	18540
6.47714e-18	229.492	18550
6.48831e-18	229.965	18560
6.52965e-18	231.36	18570
6.561e-18	232.554	18580
6.4668e-18	229.241	18590
6.37146e-18	225.635	18600
6.50041e-18	230.304	18610
6.44223e-18	228.35	18620
6.35435e-18	225.024	18630
6.52835e-18	231.285	18640
6.51015e-18	230.784	18650
6.45466e-18	228.654	18660
6.49715e-18	230.209	18670
6.51603e-18	230.96	18680
6.40875e-18	227.135	18690
6.35971e-18	225.132	18700
6.50698e-18	230.601	18710
6.49959e-18	230.368	18720
6.5191e-18	230.98	18730
6.54682e-18	232.014	18740
6.59702e-18	233.808	18750
6.56476e-18	232.75	18760
6.50993e-18	230.687	18770
6.53245e-18	231.482	18780
6.56266e-18	232.607	18790
6.49092e-18	230.078	18800
6.45806e-18	228.767	18810
6.50052e-18	230.317	18820
6.54046e-18	231.814	18830
6.50947e-18	230.704	18840
6.42982e-18	227.834	18850
6.45708e-18	228.765	18860
6.38495e-18	226.266	18870
6.3363e-18	224.374	18880
6.28529e-18	222.627	18890
6.33042e-18	224.136	18900
6.3821e-18	226.106	18910
6.32648e-18	224.075	18920
6.3056e-18	223.334	18930
6.34281e-18	224.616	18940
6.34379e-18	224.719	18950
6.31435e-18	223.63	18960
6.38291e-18	226.051	18970
6.43387e-18	227.978	18980
6.41691e-18	227.257	18990
6.46314e-18	229.085	19000
6.36387e-18	225.386	19010
6.43276e-18	227.91	19020
6.48254e-18	229.664	19030
6.43208e-18	228.007	19040
6.44631e-18	228.313	19050
6.4854e-18	229.851	19060
6.4808e-18	229.602	19070
6.56273e-18	232.582	19080
6.56206e-18	232.579	19090
6.55705e-18	232.434	19100
6.48511e-18	229.784	19110
6.47872e-18	229.598	19120
6.52918e-18	231.299	19130
6.60137e-18	234.025	19140
6.55427e-18	232.229	19150
6.62112e-18	234.702	19160
6.65551e-18	235.957	19170
6.64047e-18	235.415	19180
6.60565e-18	234.216	19190
6.55709e-18	232.373	19200
6.54179e-18	231.858	19210
6.57518e-18	233.026	19220
6.56233e-18	232.612	19230
6.62829e-18	234.947	19240
6.52486e-18	231.324	19250
6.48683e-18	229.811	19260
6.58451e-18	233.354	19270
6.52044e-18	231.157	19280
6.47242e-18	229.336	19290
6.51876e-18	231.007	19300
6.51882e-18	230.999	19310
6.50984e-18	230.715	19320
6.49655e-18	230.193	19330
6.48526e-18	229.809	19340
6.51695e-18	230.931	19350
6.60505e-18	234.103	19360
6.52041e-18	231.157	19370
6.53833e-18	231.765	19380
6.5377e-18	231.687	19390
6.5756e-18	233.048	19400
6.64203e-18	235.406	19410
6.60184e-18	234.07	19420
6.55461e-18	232.307	19430
6.63803e-18	235.33	19440
6.5749e-18	233.006	19450
6.57475e-18	233.118	19460
6.45176e-18	228.587	19470
6.51204e-18	230.783	19480
6.56021e-18	232.478	19490
6.51853e-18	231.023	19500
6.5214e-18	231.053	19510
6.58561e-18	233.448	19520
6.5175e-18	230.988	19530
6.54207e-18	231.877	19540
6.4884e-18	229.963	19550
6.49308e-18	229.991	19560
6.54587e-18	232.071	19570
6.5149e-18	230.866	19580
6.55251e-18	232.197	19590
6.55878e-18	232.522	19600
6.51784e-18	230.921	19610
6.68494e-18	236.95	19620
6.63748e-18	235.417	19630
6.56517e-18	232.672	19640
6.50601e-18	230.642	19650
6.43642e-18	227.985	19660
6.59812e-18	233.807	19670
6.55518e-18	232.428	19680
6.47032e-18	229.293	19690
6.46585e-18	229.07	19700
6.48373e-18	229.763	19710
6.51278e-18	230.778	19720
6.49299e-18	230.102	19730
6.43694e-18	228.072	19740
6.49186e-18	230.007	19750
6.48111e-18	229.73	19760
6.42702e-18	227.683	19770
6.38671e-18	226.242	19780
6.44915e-18	228.473	19790
6.45172e-18	228.653	19800
6.40934e-18	227.064	19810
6.3948e-18	226.498	19820
6.40701e-18	226.99	19830
6.47107e-18	229.256	19840
6.44788e-18	228.494	19850
6.43353e-18	227.938	19860
6.43369e-18	227.899	19870
6.4686e-18	229.198	19880
6.47592e-18	229.47	19890
6.4308e-18	227.846	19900
6.42334e-18	227.591	19910
6.35679e-18	225.253	19920
6.307e-18	223.29	19930
6.41927e-18	227.386	19940
6.46974e-18	229.237	19950
6.44318e-18	228.307	19960
6.37919e-18	225.969	19970
6.39945e-18	226.656	19980
6.41255e-18	227.215	19990
6.41996e-18	227.389	20000
