6.92856e-19	0.000749882	0
6.95425e-19	0.0910518	10
7.02249e-19	0.334975	20
7.13576e-19	0.741387	30
7.29842e-19	1.32592	40
7.51727e-19	2.113	50
7.80254e-19	3.1393	60
8.16948e-19	4.45956	70
8.6411e-19	6.15633	80
9.25295e-19	8.35715	90
1.00618e-18	11.2653	100
1.11617e-18	15.218	110
1.27165e-18	20.801	120
1.50247e-18	29.0822	130
1.86477e-18	42.0688	140
2.45334e-18	63.1694	150
3.23254e-18	91.4218	160
2.3201e-18	60.5792	170
2.11082e-18	49.5412	180
3.39355e-18	97.8341	190
2.71294e-18	73.3933	200
2.2005e-18	54.6921	210
1.94811e-18	45.4473	220
1.86453e-18	42.3437	230
1.90602e-18	43.7712	240
2.07222e-18	49.6927	250
2.40433e-18	61.5716	260
2.96524e-18	81.7066	270
3.39992e-18	97.9916	280
2.18134e-18	54.1106	290
2.94099e-18	80.6355	300
3.54194e-18	102.963	310
3.30446e-18	94.5136	320
3.20835e-18	90.83	330
3.49397e-18	100.916	340
4.09882e-18	122.65	350
4.4865e-18	137.552	360
2.95168e-18	81.5575	370
4.80308e-18	147.915	380
4.84339e-18	150.09	390
4.75693e-18	147.261	400
4.17768e-18	125.814	410
4.4404e-18	135.245	420
4.92284e-18	152.813	430
4.83645e-18	149.734	440
5.29997e-18	165.743	450
5.55271e-18	175.986	460
5.3437e-18	168.018	470
6.32278e-18	202.395	480
7.29004e-18	238.337	490
6.97777e-18	227.03	500
7.75305e-18	254.694	510
7.45401e-18	244.298	520
6.84988e-18	223.063	530
7.09203e-18	232.374	540
7.23872e-18	237.199	550
7.93092e-18	261.777	560
8.67912e-18	288.297	570
8.12157e-18	268.185	580
8.13628e-18	268.967	590
8.50729e-18	282.417	600
8.23597e-18	272.56	610
8.0038e-18	263.828	620
8.39971e-18	279.114	630
9.14551e-18	306.606	640
9.11597e-18	303.399	650
8.24714e-18	274.463	660
8.75303e-18	290.763	670
8.7821e-18	292.75	680
9.5e-18	317.48	690
8.67637e-18	288.951	700
8.91193e-18	296.918	710
9.31395e-18	311.572	720
9.06375e-18	301.269	730
9.26724e-18	312.161	740
8.80475e-18	292.725	750
9.27589e-18	310.149	760
8.90893e-18	298.123	770
7.53967e-18	246.479	780
9.49232e-18	318.62	790
9.74912e-18	327.483	800
8.37404e-18	277.973	810
9.3574e-18	313.817	820
8.56807e-18	284.674	830
8.276e-18	274.413	840
8.24241e-18	273.743	850
8.14073e-18	269.426	860
7.78047e-18	255.569	870
8.39241e-18	279.297	880
8.03542e-18	266.067	890
8.23852e-18	271.961	900
7.80405e-18	256.53	910
7.61484e-18	250.873	920
8.42824e-18	279.355	930
9.08139e-18	303.406	940
8.37503e-18	279.316	950
8.06405e-18	266.593	960
8.71169e-18	288.912	970
8.62136e-18	285.334	980
8.09297e-18	267.533	990
8.53539e-18	282.88	1000
8.67054e-18	288.464	1010
7.69802e-18	253.162	1020
8.44069e-18	279.817	1030
8.38886e-18	277.961	1040
8.00621e-18	264.824	1050
7.19095e-18	233.342	1060
7.80592e-18	254.916	1070
7.82834e-18	257.819	1080
7.2294e-18	236.931	1090
8.29718e-18	273.269	1100
8.00396e-18	264.867	1110
7.89531e-18	260.877	1120
8.22611e-18	271.759	1130
8.68924e-18	288.371	1140
8.58605e-18	285.337	1150
8.4861e-18	281.313	1160
8.45943e-18	280.475	1170
8.95277e-18	299.878	1180
9.20472e-18	307.511	1190
8.89571e-18	295.625	1200
8.604e-18	287.134	1210
9.329e-18	311.932	1220
8.93225e-18	297.625	1230
8.99931e-18	300.652	1240
8.82681e-18	292.721	1250
9.27007e-18	310.44	1260
8.85298e-18	295.173	1270
8.74535e-18	290.824	1280
8.14211e-18	269.329	1290
9.00258e-18	300.068	1300
8.74826e-18	291.585	1310
8.76458e-18	291.721	1320
8.40261e-18	278.376	1330
8.2461e-18	273.061	1340
8.06682e-18	265.883	1350
7.5214e-18	246.788	1360
7.48595e-18	245.371	1370
7.35915e-18	240.665	1380
7.22046e-18	235.543	1390
7.24695e-18	236.591	1400
7.12898e-18	232.452	1410
7.11441e-18	231.914	1420
7.24363e-18	236.641	1430
7.06219e-18	229.816	1440
7.06229e-18	229.82	1450
7.26351e-18	237.138	1460
7.16679e-18	233.875	1470
7.11711e-18	232.047	1480
7.18162e-18	234.152	1490
7.2543e-18	236.82	1500
7.20308e-18	235.051	1510
7.26571e-18	237.289	1520
7.36349e-18	240.599	1530
7.52128e-18	246.701	1540
7.27752e-18	237.834	1550
7.39354e-18	241.596	1560
7.5904e-18	249.251	1570
7.6127e-18	249.822	1580
7.4678e-18	244.686	1590
7.49105e-18	245.321	1600
7.51313e-18	246.332	1610
7.44914e-18	243.93	1620
7.40893e-18	242.813	1630
7.40332e-18	242.348	1640
7.36079e-18	240.625	1650
7.35998e-18	240.725	1660
7.35633e-18	240.677	1670
7.28712e-18	238.022	1680
7.28821e-18	238.259	1690
7.30355e-18	238.528	1700
7.38973e-18	241.993	1710
7.19976e-18	234.954	1720
7.2565e-18	236.979	1730
7.34537e-18	240.103	1740
7.29077e-18	238.254	1750
7.31069e-18	238.886	1760
7.20674e-18	235.343	1770
7.08005e-18	230.593	1780
7.105e-18	231.449	1790
7.0806e-18	230.754	1800
7.02258e-18	228.33	1810
7.1379e-18	232.582	1820
7.07652e-18	230.292	1830
7.11149e-18	231.708	1840
7.05764e-18	229.832	1850
7.00884e-18	228.002	1860
7.13583e-18	232.613	1870
7.08304e-18	230.734	1880
7.14185e-18	232.91	1890
7.09845e-18	231.228	1900
7.05721e-18	229.608	1910
7.12904e-18	232.442	1920
7.20136e-18	234.843	1930
7.16184e-18	233.429	1940
7.28726e-18	238.138	1950
7.24639e-18	236.66	1960
7.20297e-18	235.073	1970
7.36777e-18	240.928	1980
7.35335e-18	240.476	1990
7.38661e-18	241.761	2000
7.25141e-18	236.782	2010
7.31657e-18	239.283	2020
7.20266e-18	234.988	2030
7.21366e-18	235.29	2040
7.30974e-18	238.893	2050
7.24366e-18	236.387	2060
7.20091e-18	235.046	2070
7.18091e-18	234.107	2080
7.27728e-18	237.783	2090
7.33663e-18	239.745	2100
7.21982e-18	235.624	2110
7.23148e-18	236.052	2120
7.28479e-18	238.034	2130
7.21474e-18	235.582	2140
7.23757e-18	236.431	2150
7.17298e-18	234.011	2160
7.37258e-18	241.106	2170
7.30563e-18	238.822	2180
7.23126e-18	236.047	2190
7.15734e-18	233.252	2200
7.32223e-18	239.363	2210
7.18182e-18	234.352	2220
7.22821e-18	235.922	2230
7.31987e-18	239.195	2240
7.30558e-18	238.701	2250
7.22616e-18	235.937	2260
7.21197e-18	235.348	2270
7.2443e-18	236.47	2280
7.33031e-18	239.689	2290
7.35109e-18	240.551	2300
7.35525e-18	240.598	2310
7.36821e-18	241.115	2320
7.39755e-18	241.967	2330
7.39359e-18	241.939	2340
7.37352e-18	241.142	2350
7.33362e-18	239.867	2360
7.40762e-18	242.387	2370
7.3793e-18	241.574	2380
7.31952e-18	239.313	2390
7.41705e-18	242.736	2400
7.39426e-18	241.895	2410
7.30484e-18	238.709	2420
7.37068e-18	241.241	2430
7.44657e-18	243.824	2440
7.36658e-18	240.87	2450
7.33052e-18	239.718	2460
7.28331e-18	237.95	2470
7.27218e-18	237.571	2480
7.25724e-18	237.009	2490
7.22327e-18	235.656	2500
7.20654e-18	235.239	2510
7.26621e-18	237.323	2520
7.13735e-18	232.635	2530
7.20061e-18	234.804	2540
7.15058e-18	233.304	2550
7.14716e-18	233.073	2560
7.22178e-18	235.667	2570
7.26765e-18	237.481	2580
7.26477e-18	237.166	2590
7.2728e-18	237.682	2600
7.31804e-18	239.112	2610
7.30043e-18	238.466	2620
7.26015e-18	237.127	2630
7.33419e-18	239.931	2640
7.32091e-18	239.189	2650
7.21372e-18	235.604	2660
7.2864e-18	237.943	2670
7.2647e-18	237.36	2680
7.16033e-18	233.599	2690
7.137e-18	232.588	2700
7.13867e-18	232.749	2710
7.12787e-18	232.318	2720
7.19942e-18	234.895	2730
7.19137e-18	234.573	2740
7.13791e-18	232.871	2750
7.01027e-18	228.05	2760
7.24142e-18	236.465	2770
7.20226e-18	234.951	2780
7.22109e-18	235.707	2790
7.17593e-18	234.097	2800
7.11873e-18	231.918	2810
7.27053e-18	237.552	2820
7.13447e-18	232.651	2830
7.20705e-18	235.267	2840
7.24176e-18	236.481	2850
7.23548e-18	236.019	2860
7.29082e-18	238.184	2870
7.29863e-18	238.567	2880
7.30972e-18	238.807	2890
7.39556e-18	241.991	2900
7.34187e-18	239.999	2910
7.37131e-18	241.032	2920
7.42486e-18	242.978	2930
7.31157e-18	239.078	2940
7.32951e-18	239.529	2950
7.35242e-18	240.403	2960
7.37888e-18	241.3	2970
7.38015e-18	241.349	2980
7.38401e-18	241.634	2990
7.27199e-18	237.611	3000
7.40614e-18	242.124	3010
7.46223e-18	244.383	3020
7.30399e-18	238.698	3030
7.35704e-18	240.684	3040
7.37885e-18	241.434	3050
7.32144e-18	239.293	3060
7.51321e-18	246.229	3070
7.52902e-18	246.766	3080
7.48031e-18	245.177	3090
7.45204e-18	243.952	3100
7.55512e-18	247.72	3110
7.48727e-18	245.355	3120
7.57053e-18	248.327	3130
7.37751e-18	241.289	3140
7.4357e-18	243.388	3150
7.42073e-18	242.755	3160
7.41394e-18	242.604	3170
7.47331e-18	244.788	3180
7.48374e-18	245.258	3190
7.45554e-18	244.077	3200
7.44049e-18	243.706	3210
7.38918e-18	241.697	3220
7.57321e-18	248.306	3230
7.57161e-18	248.318	3240
7.65313e-18	251.386	3250
7.63965e-18	250.756	3260
7.59092e-18	248.892	3270
7.55847e-18	248.024	3280
7.61624e-18	249.85	3290
7.63917e-18	250.63	3300
7.52423e-18	246.575	3310
7.67036e-18	251.838	3320
7.61211e-18	249.772	3330
7.61958e-18	250.105	3340
7.6732e-18	252.097	3350
7.61492e-18	249.771	3360
7.60951e-18	249.637	3370
7.71325e-18	253.506	3380
7.63568e-18	250.663	3390
7.57432e-18	248.385	3400
7.56525e-18	248.116	3410
7.43063e-18	243.193	3420
7.57549e-18	248.477	3430
7.63669e-18	250.666	3440
7.65305e-18	251.345	3450
7.57391e-18	248.418	3460
7.64529e-18	251.047	3470
7.62008e-18	250.191	3480
7.69548e-18	252.82	3490
7.76985e-18	255.486	3500
7.74008e-18	254.405	3510
7.62691e-18	250.473	3520
7.77013e-18	255.328	3530
7.85618e-18	258.659	3540
7.87934e-18	259.482	3550
7.85173e-18	258.335	3560
7.85045e-18	258.455	3570
7.99188e-18	263.221	3580
7.84855e-18	258.595	3590
7.85808e-18	258.61	3600
7.93398e-18	261.379	3610
7.98411e-18	263.305	3620
7.99927e-18	263.741	3630
7.94204e-18	261.854	3640
8.00342e-18	263.795	3650
7.9845e-18	263.347	3660
8.08563e-18	266.847	3670
7.92868e-18	261.219	3680
7.99278e-18	263.658	3690
7.9471e-18	261.727	3700
8.01114e-18	264.23	3710
8.0408e-18	265.277	3720
7.92034e-18	260.878	3730
8.08618e-18	266.917	3740
8.15008e-18	269.259	3750
8.09148e-18	267.196	3760
7.97253e-18	262.668	3770
8.07767e-18	266.653	3780
7.96198e-18	262.543	3790
8.1776e-18	270.262	3800
7.95915e-18	262.228	3810
8.10627e-18	267.461	3820
7.92601e-18	261.204	3830
8.00525e-18	263.931	3840
8.00054e-18	263.841	3850
8.07447e-18	266.568	3860
8.18049e-18	270.224	3870
7.94464e-18	261.818	3880
7.93802e-18	261.45	3890
7.96884e-18	262.659	3900
7.93027e-18	261.158	3910
7.89528e-18	260.09	3920
7.87717e-18	259.429	3930
7.87377e-18	259.08	3940
7.77537e-18	255.837	3950
7.71758e-18	253.454	3960
7.8218e-18	257.377	3970
7.90186e-18	260.347	3980
7.90961e-18	260.545	3990
7.6994e-18	252.917	4000
7.74289e-18	254.506	4010
7.75437e-18	255.003	4020
7.8653e-18	258.851	4030
7.86609e-18	259.071	4040
7.87985e-18	259.42	4050
7.89988e-18	260.117	4060
8.03354e-18	265.097	4070
7.95577e-18	262.22	4080
7.94956e-18	261.89	4090
7.98281e-18	263.131	4100
7.91949e-18	261.004	4110
7.93214e-18	261.18	4120
7.96527e-18	262.553	4130
7.93942e-18	261.538	4140
8.00449e-18	264.024	4150
8.08929e-18	267.031	4160
8.019e-18	264.605	4170
8.01578e-18	264.399	4180
8.04089e-18	265.286	4190
8.04308e-18	265.16	4200
8.0289e-18	264.782	4210
7.96085e-18	262.336	4220
8.00993e-18	264.18	4230
7.96807e-18	262.775	4240
7.95433e-18	262.047	4250
7.94844e-18	261.957	4260
8.06221e-18	266.118	4270
7.95088e-18	261.731	4280
7.97727e-18	263.121	4290
8.01864e-18	264.465	4300
8.05768e-18	265.882	4310
8.04267e-18	265.396	4320
7.92278e-18	260.999	4330
8.04966e-18	265.509	4340
7.88692e-18	259.737	4350
8.07709e-18	266.274	4360
7.98757e-18	263.436	4370
7.87458e-18	259.365	4380
7.90403e-18	260.291	4390
7.8931e-18	259.958	4400
7.95335e-18	262.015	4410
8.11686e-18	267.802	4420
7.98146e-18	263.308	4430
7.93767e-18	261.529	4440
8.03149e-18	264.937	4450
7.86705e-18	259.023	4460
8.0125e-18	264.151	4470
7.94848e-18	261.956	4480
7.81761e-18	257.329	4490
7.87066e-18	259.263	4500
7.8446e-18	258.423	4510
7.96511e-18	262.431	4520
7.876e-18	259.128	4530
8.01239e-18	264.294	4540
8.0689e-18	266.359	4550
8.08615e-18	266.812	4560
7.94281e-18	261.855	4570
7.92382e-18	260.953	4580
8.11888e-18	268.037	4590
8.06035e-18	266.051	4600
8.07391e-18	266.432	4610
7.98221e-18	263.203	4620
8.0089e-18	264.063	4630
7.96081e-18	262.435	4640
8.00709e-18	264.058	4650
7.88908e-18	259.771	4660
8.01428e-18	264.274	4670
8.02577e-18	264.685	4680
7.93398e-18	261.445	4690
7.90497e-18	260.186	4700
8.11989e-18	268.199	4710
7.94783e-18	261.955	4720
8.06362e-18	266.015	4730
7.95465e-18	262.314	4740
7.95692e-18	262.117	4750
7.99659e-18	263.829	4760
7.87204e-18	259.008	4770
7.93119e-18	261.266	4780
7.92102e-18	260.992	4790
7.96749e-18	262.511	4800
7.91618e-18	260.601	4810
7.95371e-18	262.243	4820
7.97498e-18	262.905	4830
7.9907e-18	263.398	4840
8.02495e-18	264.716	4850
8.08214e-18	266.676	4860
8.014e-18	264.444	4870
8.10183e-18	267.349	4880
7.97254e-18	262.661	4890
8.01554e-18	264.515	4900
7.99353e-18	263.453	4910
7.95741e-18	262.327	4920
8.02499e-18	264.567	4930
8.01084e-18	264.261	4940
7.96665e-18	262.628	4950
7.93045e-18	261.282	4960
7.96712e-18	262.688	4970
7.93255e-18	261.285	4980
7.94541e-18	261.789	4990
7.94601e-18	261.858	5000
7.86887e-18	259.11	5010
7.91556e-18	260.8	5020
7.88914e-18	259.771	5030
7.861e-18	258.856	5040
7.85994e-18	258.606	5050
7.79834e-18	256.492	5060
7.79891e-18	256.501	5070
7.97698e-18	263.009	5080
7.94249e-18	261.771	5090
7.85226e-18	258.458	5100
7.87886e-18	259.545	5110
7.97057e-18	262.706	5120
7.78761e-18	256.073	5130
7.80423e-18	256.694	5140
7.85385e-18	258.371	5150
7.87603e-18	259.469	5160
7.84444e-18	258.072	5170
7.85174e-18	258.52	5180
7.83443e-18	257.715	5190
7.86312e-18	258.875	5200
7.9896e-18	263.376	5210
7.89723e-18	260.135	5220
7.79955e-18	256.568	5230
8.04633e-18	265.482	5240
7.87146e-18	259.43	5250
7.94746e-18	261.718	5260
7.8088e-18	256.844	5270
8.03499e-18	264.999	5280
8.0345e-18	265.043	5290
8.01145e-18	264.317	5300
8.04275e-18	265.256	5310
8.07123e-18	266.26	5320
8.01235e-18	264.378	5330
8.21692e-18	271.454	5340
8.17726e-18	270.214	5350
8.15791e-18	269.328	5360
8.30216e-18	274.788	5370
8.17327e-18	270.118	5380
8.29868e-18	274.672	5390
8.12645e-18	268.372	5400
8.1748e-18	269.949	5410
8.14689e-18	269.002	5420
8.3214e-18	275.498	5430
8.18257e-18	270.404	5440
8.0551e-18	265.812	5450
8.09333e-18	267.193	5460
8.07611e-18	266.512	5470
8.08131e-18	266.891	5480
8.05845e-18	265.927	5490
8.13772e-18	268.838	5500
8.09481e-18	267.185	5510
8.11856e-18	268.127	5520
7.94824e-18	261.793	5530
8.10295e-18	267.569	5540
8.12009e-18	268.02	5550
8.0806e-18	266.518	5560
8.14782e-18	269.427	5570
8.05917e-18	265.895	5580
8.24582e-18	272.61	5590
8.1762e-18	270.273	5600
8.21532e-18	271.573	5610
8.13877e-18	268.819	5620
8.20043e-18	271.126	5630
8.29607e-18	274.46	5640
8.22822e-18	272.209	5650
8.2267e-18	271.879	5660
8.20714e-18	271.333	5670
8.20911e-18	271.28	5680
8.25567e-18	273.032	5690
8.14242e-18	269.113	5700
7.95677e-18	262.21	5710
8.06743e-18	266.122	5720
8.13545e-18	268.678	5730
8.1556e-18	269.411	5740
8.23451e-18	272.276	5750
8.36984e-18	277.178	5760
8.1719e-18	269.994	5770
8.07111e-18	266.327	5780
8.22489e-18	271.957	5790
8.17826e-18	270.207	5800
8.15889e-18	269.559	5810
8.14732e-18	269.274	5820
8.13649e-18	268.809	5830
8.25421e-18	273.073	5840
8.16403e-18	269.711	5850
8.21784e-18	271.753	5860
7.99585e-18	263.792	5870
8.08829e-18	267.05	5880
8.03765e-18	265.233	5890
8.15069e-18	269.492	5900
8.09779e-18	267.374	5910
8.18208e-18	270.433	5920
8.24606e-18	272.684	5930
8.25868e-18	273.205	5940
8.22277e-18	271.892	5950
8.18296e-18	270.317	5960
8.25273e-18	272.939	5970
8.27513e-18	273.667	5980
8.14216e-18	269.004	5990
8.20912e-18	271.489	6000
8.12181e-18	268.221	6010
8.15578e-18	269.456	6020
8.33823e-18	276.092	6030
8.27803e-18	273.804	6040
8.20604e-18	271.21	6050
8.20138e-18	271.083	6060
8.28759e-18	274.191	6070
8.20686e-18	271.404	6080
8.03684e-18	265.258	6090
8.08309e-18	266.816	6100
8.26516e-18	273.166	6110
8.08399e-18	266.981	6120
8.28189e-18	273.917	6130
8.041e-18	265.41	6140
8.3306e-18	275.709	6150
8.30144e-18	274.659	6160
8.35121e-18	276.612	6170
8.26991e-18	273.445	6180
8.38675e-18	277.913	6190
8.31277e-18	274.96	6200
8.42224e-18	279.064	6210
8.38808e-18	277.76	6220
8.39127e-18	277.855	6230
8.4692e-18	280.879	6240
8.37618e-18	277.498	6250
8.43961e-18	279.707	6260
8.3365e-18	275.927	6270
8.33285e-18	276.059	6280
8.27073e-18	273.616	6290
8.32562e-18	275.511	6300
8.32162e-18	275.538	6310
8.18795e-18	270.539	6320
8.25873e-18	273.136	6330
8.1803e-18	270.358	6340
8.23444e-18	272.303	6350
8.24398e-18	272.614	6360
8.31997e-18	275.351	6370
8.27101e-18	273.694	6380
8.18229e-18	270.405	6390
8.14403e-18	268.921	6400
8.1121e-18	267.734	6410
8.23794e-18	272.563	6420
8.24578e-18	272.62	6430
8.22597e-18	271.95	6440
8.14693e-18	269.068	6450
8.13788e-18	268.856	6460
8.24147e-18	272.716	6470
8.11785e-18	268.097	6480
8.15554e-18	269.255	6490
8.10566e-18	267.568	6500
8.16849e-18	269.886	6510
8.11273e-18	267.687	6520
8.19557e-18	270.849	6530
8.25801e-18	273.114	6540
8.15904e-18	269.704	6550
8.25198e-18	272.843	6560
8.37762e-18	277.373	6570
8.30583e-18	275.044	6580
8.33156e-18	275.708	6590
8.17868e-18	270.318	6600
8.39994e-18	278.443	6610
8.2611e-18	273.243	6620
8.20947e-18	271.435	6630
8.3131e-18	275.217	6640
8.27024e-18	273.631	6650
8.16405e-18	269.847	6660
8.1438e-18	268.941	6670
8.12309e-18	268.283	6680
8.30297e-18	274.719	6690
8.23842e-18	272.522	6700
8.26692e-18	273.36	6710
8.21329e-18	271.421	6720
8.3156e-18	275.216	6730
8.16565e-18	270.102	6740
8.17923e-18	270.467	6750
8.26738e-18	273.451	6760
8.25239e-18	273.089	6770
8.30461e-18	274.856	6780
8.35057e-18	276.546	6790
8.37026e-18	277.111	6800
8.36122e-18	276.937	6810
8.28223e-18	274.069	6820
8.44484e-18	280.011	6830
8.49525e-18	281.809	6840
8.35649e-18	276.808	6850
8.53523e-18	283.133	6860
8.41585e-18	278.962	6870
8.34394e-18	276.244	6880
8.32304e-18	275.478	6890
8.45755e-18	280.399	6900
8.48215e-18	281.393	6910
8.4034e-18	278.448	6920
8.40761e-18	278.512	6930
8.50568e-18	282.195	6940
8.31733e-18	275.415	6950
8.38931e-18	277.933	6960
8.34676e-18	276.42	6970
8.28459e-18	274.238	6980
8.27128e-18	273.817	6990
8.40281e-18	278.29	7000
8.31756e-18	275.388	7010
8.32179e-18	275.409	7020
8.23309e-18	272.392	7030
8.37719e-18	277.432	7040
8.38162e-18	277.728	7050
8.34958e-18	276.423	7060
8.16488e-18	269.775	7070
8.30454e-18	274.798	7080
8.35107e-18	276.565	7090
8.30759e-18	275.038	7100
8.28169e-18	274.114	7110
8.26829e-18	273.667	7120
8.24967e-18	272.927	7130
8.22031e-18	271.868	7140
8.27153e-18	273.572	7150
8.29511e-18	274.573	7160
8.32596e-18	275.769	7170
8.26573e-18	273.452	7180
8.27385e-18	273.741	7190
8.32402e-18	275.683	7200
8.36132e-18	276.877	7210
8.36678e-18	277.17	7220
8.4771e-18	281.054	7230
8.43015e-18	279.39	7240
8.26736e-18	273.599	7250
8.41639e-18	279.188	7260
8.40085e-18	278.386	7270
8.26663e-18	273.452	7280
8.50858e-18	282.091	7290
8.30958e-18	275.321	7300
8.33074e-18	275.556	7310
8.31636e-18	275.418	7320
8.30657e-18	274.85	7330
8.2561e-18	272.971	7340
8.17868e-18	270.384	7350
8.21459e-18	271.642	7360
8.22635e-18	272.021	7370
8.22283e-18	271.772	7380
8.25861e-18	273.268	7390
8.26526e-18	273.435	7400
8.31951e-18	275.56	7410
8.35352e-18	276.797	7420
8.44946e-18	279.977	7430
8.21414e-18	271.725	7440
8.23969e-18	272.764	7450
8.32355e-18	275.598	7460
8.20075e-18	271.039	7470
8.29565e-18	274.42	7480
8.35005e-18	276.449	7490
8.29276e-18	274.555	7500
8.23924e-18	272.319	7510
8.18557e-18	270.839	7520
8.2256e-18	271.942	7530
8.22788e-18	272.089	7540
8.24742e-18	272.68	7550
8.28375e-18	274.109	7560
8.2337e-18	272.252	7570
8.25428e-18	273.038	7580
8.3828e-18	277.721	7590
8.37035e-18	277.249	7600
8.31381e-18	275.181	7610
8.31605e-18	275.352	7620
8.29946e-18	274.722	7630
8.44163e-18	279.943	7640
8.33999e-18	275.997	7650
8.35747e-18	276.944	7660
8.35873e-18	276.591	7670
8.53393e-18	283.205	7680
8.53162e-18	282.965	7690
8.4096e-18	278.912	7700
8.43151e-18	279.316	7710
8.58491e-18	285.135	7720
8.51285e-18	282.489	7730
8.51762e-18	282.425	7740
8.38977e-18	278.024	7750
8.46983e-18	280.891	7760
8.45112e-18	280.214	7770
8.47774e-18	281.078	7780
8.44024e-18	279.921	7790
8.54319e-18	283.567	7800
8.49496e-18	281.843	7810
8.41055e-18	278.663	7820
8.45903e-18	280.599	7830
8.46454e-18	280.858	7840
8.36156e-18	276.908	7850
8.3486e-18	276.666	7860
8.389e-18	277.825	7870
8.34156e-18	276.374	7880
8.40442e-18	278.309	7890
8.44057e-18	279.891	7900
8.37501e-18	277.242	7910
8.39433e-18	278.095	7920
8.35849e-18	276.816	7930
8.4186e-18	278.837	7940
8.40085e-18	278.419	7950
8.35185e-18	276.546	7960
8.39216e-18	277.919	7970
8.57403e-18	284.709	7980
8.46796e-18	280.776	7990
8.37101e-18	277.282	8000
8.51283e-18	282.31	8010
8.49211e-18	281.699	8020
8.3797e-18	277.43	8030
8.43838e-18	279.894	8040
8.40317e-18	278.386	8050
8.39494e-18	278.205	8060
8.25776e-18	273.036	8070
8.50473e-18	282.241	8080
8.37556e-18	277.359	8090
8.21288e-18	271.65	8100
8.36189e-18	277.073	8110
8.34758e-18	276.415	8120
8.22161e-18	271.788	8130
8.24203e-18	272.686	8140
8.29862e-18	274.627	8150
8.31559e-18	275.03	8160
8.21297e-18	271.649	8170
8.30683e-18	274.953	8180
8.32581e-18	275.539	8190
8.28234e-18	274.165	8200
8.46296e-18	280.538	8210
8.42017e-18	279.172	8220
8.37662e-18	277.46	8230
8.45622e-18	280.334	8240
8.39108e-18	277.988	8250
8.50452e-18	282.188	8260
8.34905e-18	276.584	8270
8.38488e-18	277.83	8280
8.43665e-18	279.675	8290
8.378e-18	277.693	8300
8.28421e-18	273.904	8310
8.25345e-18	273.169	8320
8.42523e-18	279.157	8330
8.46148e-18	280.537	8340
8.37135e-18	277.489	8350
8.35125e-18	276.482	8360
8.44916e-18	280.041	8370
8.30694e-18	275.047	8380
8.40006e-18	278.396	8390
8.38047e-18	277.59	8400
8.27758e-18	273.707	8410
8.30539e-18	275.079	8420
8.29205e-18	274.341	8430
8.3552e-18	276.711	8440
8.31611e-18	275.187	8450
8.42179e-18	279.13	8460
8.31647e-18	275.247	8470
8.37945e-18	277.635	8480
8.22776e-18	272.31	8490
8.27863e-18	273.927	8500
8.38015e-18	277.782	8510
8.34139e-18	276.174	8520
8.35875e-18	276.883	8530
8.22269e-18	271.843	8540
8.35528e-18	276.731	8550
8.31199e-18	275.008	8560
8.30811e-18	275.16	8570
8.38893e-18	277.761	8580
8.44556e-18	280.046	8590
8.27796e-18	273.875	8600
8.45394e-18	280.248	8610
8.34902e-18	276.314	8620
8.29215e-18	274.338	8630
8.24762e-18	272.867	8640
8.33559e-18	275.989	8650
8.33805e-18	276.279	8660
8.21938e-18	271.878	8670
8.16736e-18	269.915	8680
8.3088e-18	274.912	8690
8.29065e-18	274.447	8700
8.31295e-18	275.072	8710
8.36926e-18	277.285	8720
8.46009e-18	280.761	8730
8.31642e-18	275.333	8740
8.32852e-18	275.647	8750
8.33198e-18	275.693	8760
8.27187e-18	273.72	8770
8.27137e-18	273.521	8780
8.29046e-18	274.734	8790
8.29778e-18	274.288	8800
8.3715e-18	277.419	8810
8.3635e-18	277.027	8820
8.31882e-18	275.461	8830
8.35488e-18	276.73	8840
8.27001e-18	273.653	8850
8.30428e-18	274.827	8860
8.19694e-18	271.042	8870
8.2339e-18	272.488	8880
8.25183e-18	272.861	8890
8.17395e-18	270.135	8900
8.14619e-18	269.293	8910
8.11395e-18	267.874	8920
8.09836e-18	267.443	8930
8.11576e-18	267.981	8940
8.03905e-18	265.072	8950
8.11073e-18	268.081	8960
8.1706e-18	270.112	8970
8.12618e-18	268.403	8980
8.17478e-18	270.061	8990
8.07577e-18	266.544	9000
8.1228e-18	268.213	9010
8.17778e-18	270.241	9020
8.12955e-18	268.341	9030
8.14739e-18	269.319	9040
8.03275e-18	265.08	9050
8.11347e-18	267.962	9060
8.18907e-18	270.767	9070
8.22485e-18	272.022	9080
8.12404e-18	268.315	9090
8.21184e-18	271.426	9100
8.39301e-18	278.266	9110
8.28455e-18	274.154	9120
8.22634e-18	272.062	9130
8.11551e-18	268.116	9140
8.41814e-18	279.016	9150
8.29182e-18	274.519	9160
8.3119e-18	275.358	9170
8.21802e-18	271.681	9180
8.43739e-18	279.636	9190
8.38134e-18	277.49	9200
8.49694e-18	281.807	9210
8.28188e-18	273.926	9220
8.34253e-18	276.099	9230
8.46981e-18	280.914	9240
8.31781e-18	275.483	9250
8.26592e-18	273.406	9260
8.30114e-18	274.762	9270
8.16103e-18	269.803	9280
8.22117e-18	271.967	9290
8.18782e-18	270.609	9300
8.26759e-18	273.835	9310
8.36315e-18	276.888	9320
8.04189e-18	265.39	9330
8.29605e-18	274.524	9340
8.20329e-18	271.149	9350
8.1619e-18	269.962	9360
8.18038e-18	270.35	9370
8.12757e-18	268.557	9380
8.02328e-18	264.867	9390
7.97318e-18	262.868	9400
8.03565e-18	265.071	9410
8.23117e-18	272.231	9420
8.09078e-18	267.288	9430
8.12393e-18	268.499	9440
8.14354e-18	268.993	9450
8.05849e-18	266.161	9460
8.17939e-18	270.523	9470
8.03663e-18	265.305	9480
8.19236e-18	270.561	9490
8.16927e-18	269.99	9500
8.19457e-18	270.758	9510
8.0759e-18	266.674	9520
8.22109e-18	271.701	9530
8.20949e-18	271.458	9540
8.22143e-18	271.875	9550
8.13797e-18	268.925	9560
8.28514e-18	274.154	9570
8.27779e-18	273.887	9580
8.26287e-18	273.307	9590
8.1764e-18	270.204	9600
7.99788e-18	263.883	9610
8.20031e-18	271	9620
8.04602e-18	265.445	9630
8.1325e-18	268.678	9640
8.00003e-18	263.939	9650
8.0244e-18	264.588	9660
8.03697e-18	265.199	9670
8.06501e-18	266.034	9680
8.06793e-18	266.361	9690
8.12297e-18	268.328	9700
8.06262e-18	266.183	9710
8.06031e-18	265.977	9720
8.09812e-18	267.389	9730
8.06177e-18	266.042	9740
7.97246e-18	262.662	9750
8.02415e-18	264.513	9760
8.18742e-18	270.45	9770
8.1102e-18	267.86	9780
7.94391e-18	261.865	9790
8.07317e-18	266.561	9800
8.08e-18	266.711	9810
7.96676e-18	262.444	9820
8.11457e-18	268.039	9830
8.2224e-18	271.846	9840
8.06729e-18	266.341	9850
8.11724e-18	267.966	9860
8.2239e-18	272.025	9870
8.15418e-18	269.453	9880
8.06782e-18	266.187	9890
8.14537e-18	269.213	9900
8.06831e-18	266.349	9910
8.07515e-18	266.649	9920
8.17376e-18	270.052	9930
8.19217e-18	270.857	9940
8.26605e-18	273.441	9950
8.2015e-18	270.976	9960
8.17577e-18	270.306	9970
8.19899e-18	271.081	9980
8.24079e-18	272.622	9990
8.09408e-18	267.271	10000
