6.92839e-19	0.000292832	0
6.93841e-19	0.0354808	10
6.96478e-19	0.129785	20
7.00789e-19	0.284506	30
7.06834e-19	0.501828	40
7.14701e-19	0.784915	50
7.24509e-19	1.13807	60
7.36417e-19	1.56695	70
7.50627e-19	2.07888	80
7.674e-19	2.68325	90
7.87072e-19	3.39211	100
8.10073e-19	4.22096	110
8.36961e-19	5.18986	120
8.68464e-19	6.32504	130
9.05546e-19	7.66111	140
9.49496e-19	9.24443	150
1.00207e-18	11.138	160
1.06567e-18	13.4287	170
1.14373e-18	16.2389	180
1.24112e-18	19.7441	190
1.36497e-18	24.2006	200
1.52591e-18	29.9892	210
1.73974e-18	37.6773	220
2.02922e-18	48.083	230
2.42151e-18	62.1895	240
2.91754e-18	80.0728	250
3.32201e-18	94.9196	260
2.76146e-18	75.6383	270
1.27907e-18	21.4826	280
2.34228e-18	58.5425	290
3.40807e-18	97.9801	300
3.20114e-18	90.8997	310
2.74334e-18	74.3444	320
2.37795e-18	61.0661	330
2.13094e-18	52.0761	340
1.97694e-18	46.4633	350
1.89266e-18	43.3809	360
1.86323e-18	42.2871	370
1.88125e-18	42.9101	380
1.9456e-18	45.2063	390
2.06126e-18	49.3511	400
2.23977e-18	55.7582	410
2.49904e-18	65.0715	420
2.8539e-18	77.8379	430
3.2581e-18	92.4685	440
3.37031e-18	96.9298	450
2.53771e-18	67.3071	460
2.26723e-18	56.5721	470
2.89225e-18	79.0878	480
3.44255e-18	99.1578	490
3.52083e-18	102.242	500
3.35124e-18	96.1543	510
3.21671e-18	91.227	520
3.21591e-18	91.1081	530
3.36784e-18	96.5044	540
3.66727e-18	107.244	550
4.06575e-18	121.605	560
4.48495e-18	136.823	570
4.25159e-18	129.189	580
3.04158e-18	85.2961	590
3.69868e-18	107.649	600
4.87346e-18	150.758	610
4.91908e-18	152.811	620
4.83219e-18	149.508	630
4.7837e-18	148.023	640
4.26164e-18	129.179	650
4.23069e-18	127.694	660
4.39767e-18	133.783	670
4.65324e-18	142.84	680
4.91468e-18	152.569	690
4.79827e-18	148.284	700
4.80429e-18	148.564	710
5.22329e-18	163.217	720
5.68498e-18	180.351	730
5.41899e-18	170.997	740
5.29181e-18	166.069	750
5.43922e-18	171.163	760
6.45191e-18	207.502	770
7.16026e-18	233.403	780
7.25025e-18	237.066	790
6.96121e-18	226.513	800
7.33372e-18	239.541	810
7.86928e-18	259.161	820
7.53799e-18	247.597	830
7.61479e-18	250.236	840
6.7965e-18	220.713	850
7.13452e-18	232.594	860
7.52693e-18	245.531	870
7.15621e-18	234.08	880
7.98945e-18	263.107	890
7.6654e-18	252.351	900
8.28458e-18	274.046	910
8.16962e-18	269.842	920
8.36567e-18	277.497	930
7.84305e-18	258.535	940
8.30388e-18	274.478	950
8.84385e-18	294.522	960
8.51109e-18	282.645	970
8.3282e-18	275.87	980
8.19843e-18	271.556	990
7.8446e-18	257.932	1000
8.29068e-18	275.148	1010
8.98394e-18	298.508	1020
8.33204e-18	276.637	1030
8.58334e-18	284.282	1040
9.28172e-18	310.527	1050
8.01794e-18	265.394	1060
8.34632e-18	276.189	1070
8.96222e-18	298.425	1080
8.09428e-18	267.567	1090
8.52583e-18	282.064	1100
8.82341e-18	294.687	1110
8.10608e-18	267.305	1120
8.79861e-18	292.751	1130
9.02079e-18	300.977	1140
8.89959e-18	296.468	1150
8.66865e-18	288.16	1160
8.82689e-18	293.584	1170
8.91993e-18	297.554	1180
9.02674e-18	300.457	1190
9.52692e-18	319.315	1200
9.01203e-18	301.054	1210
8.12719e-18	268.448	1220
9.34092e-18	312.089	1230
8.54477e-18	284.519	1240
9.74013e-18	326.118	1250
9.58534e-18	321.668	1260
9.57676e-18	320.895	1270
9.5712e-18	320.955	1280
9.1046e-18	304.37	1290
9.25522e-18	309.288	1300
7.3269e-18	239.007	1310
9.18755e-18	306.249	1320
8.61349e-18	286.647	1330
8.10412e-18	266.496	1340
9.14283e-18	305.608	1350
8.62255e-18	286.566	1360
7.92416e-18	260.398	1370
8.36213e-18	277.51	1380
8.28814e-18	274.066	1390
8.17535e-18	269.597	1400
8.04748e-18	266.277	1410
7.95345e-18	261.903	1420
8.13826e-18	269.042	1430
8.04098e-18	265.669	1440
7.58461e-18	249.214	1450
7.00043e-18	228.468	1460
6.98925e-18	227.249	1470
7.16188e-18	233.579	1480
7.43636e-18	243.587	1490
7.18877e-18	234.884	1500
6.98949e-18	227.861	1510
6.74423e-18	218.435	1520
6.99427e-18	227.706	1530
6.85231e-18	222.637	1540
7.20346e-18	234.751	1550
7.51837e-18	246.856	1560
6.55723e-18	212.274	1570
7.30089e-18	238.13	1580
7.39914e-18	242.604	1590
7.83285e-18	257.37	1600
8.19664e-18	271.239	1610
7.8853e-18	259.975	1620
8.11096e-18	267.806	1630
8.07168e-18	266.837	1640
7.97102e-18	262.803	1650
8.34433e-18	276.237	1660
8.23891e-18	272.87	1670
8.20889e-18	271.993	1680
7.43119e-18	243.325	1690
8.53772e-18	283.231	1700
7.93376e-18	261.356	1710
9.01744e-18	300.714	1720
8.45328e-18	280.897	1730
8.30358e-18	275.154	1740
7.3228e-18	239.275	1750
8.28629e-18	274.59	1760
8.40712e-18	278.08	1770
8.92114e-18	297.709	1780
7.74348e-18	255.106	1790
7.92752e-18	261.45	1800
8.03405e-18	264.6	1810
8.81412e-18	293.23	1820
9.23126e-18	308.299	1830
8.57427e-18	285.949	1840
8.40453e-18	278.646	1850
8.76971e-18	292.102	1860
7.39538e-18	241.546	1870
8.07748e-18	266.698	1880
8.55615e-18	284.056	1890
7.90272e-18	260.886	1900
8.08622e-18	267.01	1910
8.14286e-18	269.282	1920
7.92423e-18	261.299	1930
8.14012e-18	268.904	1940
8.22058e-18	272.187	1950
7.81728e-18	257.457	1960
7.48806e-18	245.847	1970
7.07152e-18	231.016	1980
7.11852e-18	232.136	1990
7.9511e-18	262.087	2000
8.32293e-18	275.795	2010
8.0558e-18	266.051	2020
8.11712e-18	268.24	2030
7.88288e-18	260.198	2040
7.8346e-18	257.903	2050
8.08063e-18	267.149	2060
7.99865e-18	264.054	2070
8.18668e-18	270.52	2080
8.52667e-18	283.06	2090
8.3554e-18	277.129	2100
8.06391e-18	266.528	2110
8.06471e-18	266.004	2120
8.42874e-18	279.718	2130
8.17361e-18	270.243	2140
8.35102e-18	276.631	2150
8.39448e-18	278.378	2160
8.12666e-18	268.769	2170
8.24332e-18	272.86	2180
8.21012e-18	271.614	2190
8.14962e-18	269.57	2200
8.18777e-18	270.845	2210
8.41084e-18	278.812	2220
8.42754e-18	279.478	2230
8.46842e-18	280.988	2240
8.32852e-18	276.103	2250
8.29744e-18	274.776	2260
8.45895e-18	280.5	2270
8.57057e-18	284.82	2280
8.39442e-18	278.342	2290
8.34676e-18	276.594	2300
8.49963e-18	282.104	2310
8.45627e-18	280.613	2320
8.4206e-18	279.273	2330
8.27394e-18	274.069	2340
8.27071e-18	273.788	2350
8.33624e-18	276.239	2360
8.25056e-18	273.096	2370
8.31504e-18	275.462	2380
8.28292e-18	274.366	2390
8.15107e-18	269.58	2400
8.09608e-18	267.617	2410
7.9164e-18	261.103	2420
7.89594e-18	260.298	2430
7.8711e-18	259.532	2440
7.68374e-18	252.683	2450
7.71074e-18	253.646	2460
7.70186e-18	253.264	2470
7.76899e-18	255.702	2480
7.70638e-18	253.528	2490
7.67042e-18	252.203	2500
7.63006e-18	250.655	2510
7.74573e-18	254.835	2520
7.69196e-18	253.015	2530
7.6933e-18	252.944	2540
7.76369e-18	255.51	2550
7.84397e-18	258.395	2560
7.83458e-18	258.055	2570
7.87109e-18	259.446	2580
7.91535e-18	260.979	2590
7.89463e-18	260.297	2600
7.95377e-18	262.332	2610
7.95016e-18	262.338	2620
7.99511e-18	263.9	2630
7.93853e-18	261.922	2640
8.02486e-18	264.937	2650
8.06369e-18	266.391	2660
7.95596e-18	262.645	2670
7.89424e-18	260.226	2680
7.96474e-18	262.799	2690
7.90585e-18	260.777	2700
7.98501e-18	263.509	2710
7.91772e-18	261.255	2720
7.7805e-18	256.204	2730
7.89924e-18	260.357	2740
7.97101e-18	263.083	2750
7.94118e-18	261.996	2760
7.85627e-18	259.015	2770
7.84188e-18	258.27	2780
7.96139e-18	262.734	2790
7.93084e-18	261.725	2800
7.94501e-18	262.046	2810
8.01707e-18	264.765	2820
7.98754e-18	263.692	2830
7.9073e-18	260.731	2840
7.87359e-18	259.556	2850
7.96297e-18	262.68	2860
7.96673e-18	262.976	2870
7.98054e-18	263.396	2880
7.82661e-18	257.888	2890
7.84719e-18	258.598	2900
7.877e-18	259.62	2910
7.93608e-18	261.854	2920
7.87619e-18	259.659	2930
7.85221e-18	258.893	2940
7.77488e-18	255.974	2950
7.72916e-18	254.379	2960
7.67756e-18	252.634	2970
7.71665e-18	253.697	2980
7.79552e-18	256.782	2990
7.6802e-18	252.579	3000
7.73524e-18	254.622	3010
7.67614e-18	252.394	3020
7.64331e-18	251.366	3030
7.56263e-18	248.294	3040
7.6555e-18	251.675	3050
7.57319e-18	248.739	3060
7.67526e-18	252.382	3070
7.63632e-18	251.03	3080
7.63394e-18	250.902	3090
7.6867e-18	252.811	3100
7.70804e-18	253.58	3110
7.71868e-18	253.949	3120
7.66742e-18	252.276	3130
7.57143e-18	248.518	3140
7.81679e-18	257.477	3150
7.77645e-18	256.132	3160
7.79403e-18	256.686	3170
7.66183e-18	251.991	3180
7.67536e-18	252.371	3190
7.70235e-18	253.398	3200
7.6395e-18	251.15	3210
7.6599e-18	251.868	3220
7.61157e-18	250.255	3230
7.55603e-18	248.049	3240
7.54848e-18	247.951	3250
7.44501e-18	244.102	3260
7.47808e-18	245.303	3270
7.51166e-18	246.517	3280
7.43399e-18	243.75	3290
7.51239e-18	246.47	3300
7.4834e-18	245.609	3310
7.44883e-18	244.242	3320
7.45878e-18	244.562	3330
7.4876e-18	245.643	3340
7.49827e-18	246.07	3350
7.43453e-18	243.748	3360
7.53322e-18	247.23	3370
7.45925e-18	244.703	3380
7.49101e-18	245.744	3390
7.48836e-18	245.729	3400
7.34304e-18	240.563	3410
7.3318e-18	239.894	3420
7.49382e-18	245.866	3430
7.40961e-18	242.919	3440
7.30388e-18	239.058	3450
7.27866e-18	238.01	3460
7.3949e-18	242.314	3470
7.39521e-18	242.299	3480
7.43261e-18	243.636	3490
7.27884e-18	238.255	3500
7.1881e-18	234.777	3510
7.27679e-18	238.032	3520
7.27524e-18	237.949	3530
7.28285e-18	238.273	3540
7.22415e-18	236.185	3550
7.25989e-18	237.336	3560
7.28802e-18	238.457	3570
7.25119e-18	237.136	3580
7.26943e-18	237.655	3590
7.37119e-18	241.45	3600
7.29375e-18	238.728	3610
7.29375e-18	238.51	3620
7.42514e-18	243.436	3630
7.34728e-18	240.594	3640
7.36466e-18	241.164	3650
7.38159e-18	241.861	3660
7.33455e-18	240.068	3670
7.49647e-18	245.914	3680
7.48133e-18	245.412	3690
7.51941e-18	246.799	3700
7.5386e-18	247.391	3710
7.60873e-18	250.061	3720
7.59988e-18	249.675	3730
7.59132e-18	249.413	3740
7.53247e-18	247.308	3750
7.66734e-18	251.983	3760
7.68291e-18	252.77	3770
7.60997e-18	250.099	3780
7.591e-18	249.4	3790
7.68566e-18	252.686	3800
7.73039e-18	254.488	3810
7.56482e-18	248.515	3820
7.57894e-18	248.926	3830
7.65646e-18	251.688	3840
7.74845e-18	255.033	3850
7.67779e-18	252.587	3860
7.67401e-18	252.379	3870
7.65924e-18	251.817	3880
7.63345e-18	250.923	3890
7.59994e-18	249.779	3900
7.47937e-18	245.306	3910
7.58968e-18	249.357	3920
7.56565e-18	248.441	3930
7.55344e-18	248.057	3940
7.54776e-18	247.849	3950
7.46471e-18	244.908	3960
7.46998e-18	244.927	3970
7.60445e-18	249.842	3980
7.56505e-18	248.456	3990
7.4789e-18	245.356	4000
7.47659e-18	245.202	4010
7.47698e-18	245.292	4020
7.44198e-18	244.044	4030
7.46083e-18	244.61	4040
7.56502e-18	248.442	4050
7.47108e-18	245.082	4060
7.48237e-18	245.387	4070
7.62433e-18	250.529	4080
7.555e-18	248.09	4090
7.59928e-18	249.669	4100
7.60895e-18	250.065	4110
7.57801e-18	248.862	4120
7.5416e-18	247.666	4130
7.53163e-18	247.218	4140
7.48772e-18	245.683	4150
7.40591e-18	242.779	4160
7.4023e-18	242.511	4170
7.45036e-18	244.247	4180
7.42642e-18	243.529	4190
7.2505e-18	237.114	4200
7.35612e-18	240.764	4210
7.38292e-18	241.851	4220
7.43903e-18	243.852	4230
7.37438e-18	241.635	4240
7.30942e-18	239.096	4250
7.47533e-18	245.135	4260
7.44394e-18	244.105	4270
7.40801e-18	242.756	4280
7.38042e-18	241.76	4290
7.42278e-18	243.267	4300
7.41818e-18	243.149	4310
7.4162e-18	243.082	4320
7.38329e-18	241.833	4330
7.43622e-18	243.704	4340
7.51246e-18	246.493	4350
7.4874e-18	245.69	4360
7.45604e-18	244.403	4370
7.52429e-18	246.995	4380
7.57126e-18	248.561	4390
7.74229e-18	254.794	4400
7.58436e-18	249.277	4410
7.59747e-18	249.449	4420
7.67654e-18	252.532	4430
7.57977e-18	248.954	4440
7.66416e-18	251.964	4450
7.62092e-18	250.431	4460
7.6796e-18	252.585	4470
7.68559e-18	252.793	4480
7.64269e-18	251.292	4490
7.66561e-18	252.046	4500
7.6526e-18	251.597	4510
7.71946e-18	253.892	4520
7.75122e-18	255.168	4530
7.71445e-18	253.887	4540
7.61872e-18	250.408	4550
7.54085e-18	247.581	4560
7.56801e-18	248.481	4570
7.58645e-18	249.213	4580
7.54558e-18	247.711	4590
7.61726e-18	250.303	4600
7.56693e-18	248.473	4610
7.60812e-18	249.949	4620
7.58466e-18	249.166	4630
7.55809e-18	248.147	4640
7.52823e-18	247.124	4650
7.59968e-18	249.61	4660
7.63213e-18	250.863	4670
7.57634e-18	248.904	4680
7.50601e-18	246.24	4690
7.55427e-18	247.969	4700
7.654e-18	251.585	4710
7.6582e-18	251.802	4720
7.64714e-18	251.39	4730
7.60031e-18	249.736	4740
7.56461e-18	248.319	4750
7.68751e-18	252.816	4760
7.66552e-18	252.074	4770
7.61232e-18	250.167	4780
7.5537e-18	248.008	4790
7.58843e-18	249.275	4800
7.50789e-18	246.334	4810
7.55594e-18	248.048	4820
7.61528e-18	250.205	4830
7.72537e-18	254.155	4840
7.64265e-18	251.29	4850
7.53829e-18	247.518	4860
7.60138e-18	249.668	4870
7.62096e-18	250.432	4880
7.67352e-18	252.238	4890
7.71377e-18	253.814	4900
7.65682e-18	251.85	4910
7.63351e-18	250.837	4920
7.66408e-18	251.914	4930
7.79261e-18	256.63	4940
7.72558e-18	254.278	4950
7.58464e-18	249.256	4960
7.59257e-18	249.283	4970
7.73582e-18	254.53	4980
7.73786e-18	254.728	4990
7.62161e-18	250.339	5000
7.79362e-18	256.65	5010
7.87013e-18	259.423	5020
7.83759e-18	258.259	5030
7.95721e-18	262.554	5040
7.86192e-18	259.226	5050
7.86708e-18	259.204	5060
7.95709e-18	262.628	5070
7.90649e-18	260.77	5080
7.82625e-18	257.88	5090
7.88491e-18	259.915	5100
7.97056e-18	263.021	5110
8.06449e-18	266.417	5120
8.028e-18	265.126	5130
8.00709e-18	264.43	5140
8.01632e-18	264.674	5150
8.01894e-18	264.806	5160
7.91033e-18	260.959	5170
7.93216e-18	261.639	5180
8.09947e-18	267.618	5190
8.15341e-18	269.722	5200
7.99316e-18	263.895	5210
7.9679e-18	262.99	5220
8.08661e-18	267.118	5230
8.08127e-18	267.186	5240
8.02604e-18	265.081	5250
8.0748e-18	266.748	5260
8.01136e-18	264.547	5270
8.0673e-18	266.598	5280
8.01365e-18	264.624	5290
8.04931e-18	265.847	5300
8.12485e-18	268.647	5310
8.07372e-18	266.796	5320
8.06924e-18	266.631	5330
8.03737e-18	265.458	5340
8.14528e-18	269.309	5350
8.16293e-18	270.13	5360
8.09776e-18	267.611	5370
8.05932e-18	266.288	5380
8.17459e-18	270.414	5390
8.17784e-18	270.555	5400
8.15269e-18	269.692	5410
8.1963e-18	271.147	5420
8.15609e-18	269.786	5430
8.14222e-18	269.335	5440
8.09267e-18	267.447	5450
8.13638e-18	269.027	5460
8.15049e-18	269.592	5470
8.08546e-18	267.198	5480
8.12296e-18	268.519	5490
8.14481e-18	269.363	5500
8.19373e-18	271.082	5510
8.18911e-18	270.988	5520
8.20776e-18	271.592	5530
8.13587e-18	269.096	5540
8.24562e-18	272.914	5550
8.18095e-18	270.741	5560
8.18474e-18	270.721	5570
8.27672e-18	274.118	5580
8.18924e-18	270.939	5590
8.15595e-18	269.773	5600
8.17637e-18	270.474	5610
8.17968e-18	270.655	5620
8.23501e-18	272.423	5630
8.41258e-18	279.042	5640
8.25758e-18	273.548	5650
8.15525e-18	269.762	5660
8.10827e-18	268.117	5670
8.11487e-18	268.162	5680
8.30961e-18	275.237	5690
8.27226e-18	273.965	5700
8.22542e-18	272.318	5710
8.19994e-18	271.311	5720
8.14733e-18	269.479	5730
8.20125e-18	271.353	5740
8.21819e-18	271.835	5750
8.4249e-18	279.446	5760
8.29407e-18	274.879	5770
8.20443e-18	271.457	5780
8.27514e-18	274.038	5790
8.26174e-18	273.614	5800
8.18655e-18	270.957	5810
8.15456e-18	269.59	5820
8.22873e-18	272.4	5830
8.23258e-18	272.55	5840
8.15182e-18	269.577	5850
8.21173e-18	271.803	5860
8.15255e-18	269.626	5870
8.12691e-18	268.722	5880
8.12251e-18	268.465	5890
8.23918e-18	272.735	5900
8.18335e-18	270.892	5910
8.10368e-18	267.709	5920
8.24782e-18	273.158	5930
8.14354e-18	269.313	5940
8.1491e-18	269.476	5950
8.19408e-18	271.047	5960
8.21002e-18	271.753	5970
8.27051e-18	273.8	5980
8.27389e-18	274.17	5990
8.14952e-18	269.43	6000
8.27543e-18	274.017	6010
8.3228e-18	275.751	6020
8.25063e-18	273.211	6030
8.27914e-18	274.242	6040
8.19055e-18	271.011	6050
8.28655e-18	274.399	6060
8.3059e-18	275.211	6070
8.25912e-18	273.48	6080
8.24863e-18	273.09	6090
8.24444e-18	272.981	6100
8.36364e-18	277.225	6110
8.24317e-18	273.039	6120
8.16922e-18	270.172	6130
8.25799e-18	273.452	6140
8.28305e-18	274.336	6150
8.20734e-18	271.628	6160
8.30941e-18	275.326	6170
8.12219e-18	268.639	6180
8.11776e-18	268.415	6190
8.02086e-18	264.853	6200
8.03723e-18	265.492	6210
8.06298e-18	266.334	6220
8.05375e-18	266.125	6230
8.00337e-18	264.173	6240
8.04781e-18	265.886	6250
8.05391e-18	266.062	6260
8.05002e-18	265.907	6270
8.11997e-18	268.477	6280
7.97846e-18	263.416	6290
8.00648e-18	264.312	6300
7.90062e-18	260.607	6310
7.99492e-18	263.905	6320
8.04983e-18	265.942	6330
8.12639e-18	268.595	6340
8.02447e-18	265.139	6350
8.03061e-18	265.16	6360
8.14008e-18	269.18	6370
8.01488e-18	264.763	6380
7.92764e-18	261.552	6390
7.9597e-18	262.582	6400
8.10417e-18	267.894	6410
8.0754e-18	266.834	6420
8.10007e-18	267.807	6430
7.99469e-18	263.952	6440
7.98303e-18	263.577	6450
7.92613e-18	261.507	6460
7.91781e-18	261.098	6470
8.05881e-18	266.271	6480
8.0292e-18	265.136	6490
7.99109e-18	263.901	6500
8.0278e-18	265.115	6510
7.96675e-18	262.94	6520
7.97075e-18	263.111	6530
7.99091e-18	263.811	6540
7.93005e-18	261.631	6550
7.9697e-18	263.039	6560
8.06758e-18	266.5	6570
8.12696e-18	268.718	6580
8.17904e-18	270.591	6590
8.19806e-18	271.285	6600
8.16112e-18	270.052	6610
8.14743e-18	269.429	6620
8.16737e-18	270.171	6630
8.16044e-18	269.954	6640
8.20824e-18	271.708	6650
8.15235e-18	269.651	6660
8.20477e-18	271.498	6670
8.20704e-18	271.652	6680
8.12079e-18	268.607	6690
8.1549e-18	269.643	6700
8.2313e-18	272.547	6710
8.15244e-18	269.763	6720
8.10309e-18	267.877	6730
8.07639e-18	266.881	6740
8.17139e-18	270.371	6750
8.04078e-18	265.721	6760
8.02918e-18	265.137	6770
8.12156e-18	268.548	6780
8.11137e-18	268.176	6790
8.02535e-18	265.181	6800
7.9799e-18	263.351	6810
8.12652e-18	268.657	6820
8.07513e-18	266.921	6830
8.10145e-18	267.808	6840
8.11224e-18	268.176	6850
8.08431e-18	267.281	6860
8.0254e-18	265.089	6870
8.05863e-18	266.189	6880
7.95715e-18	262.713	6890
8.03842e-18	265.479	6900
8.07567e-18	266.865	6910
8.12383e-18	268.65	6920
8.01281e-18	264.69	6930
8.01383e-18	264.627	6940
8.03188e-18	265.336	6950
7.83533e-18	258.274	6960
7.87703e-18	259.735	6970
7.82086e-18	257.637	6980
7.81112e-18	257.398	6990
7.82025e-18	257.654	7000
7.88687e-18	260.084	7010
7.84663e-18	258.572	7020
7.92791e-18	261.574	7030
7.76961e-18	255.86	7040
7.83322e-18	258.072	7050
7.86659e-18	259.33	7060
7.74715e-18	255.106	7070
7.81139e-18	257.194	7080
7.91231e-18	260.98	7090
7.89116e-18	260.23	7100
7.78674e-18	256.493	7110
7.9525e-18	262.375	7120
7.84662e-18	258.647	7130
7.95198e-18	262.371	7140
7.88601e-18	260.05	7150
7.88899e-18	260.114	7160
7.9386e-18	261.936	7170
7.98256e-18	263.477	7180
7.90575e-18	260.823	7190
7.85445e-18	258.826	7200
8.02063e-18	264.746	7210
7.98809e-18	263.807	7220
7.90423e-18	260.658	7230
7.93354e-18	261.702	7240
7.94722e-18	262.3	7250
7.84633e-18	258.635	7260
7.93778e-18	261.886	7270
7.90286e-18	260.619	7280
7.89278e-18	260.237	7290
7.88603e-18	260.243	7300
7.84168e-18	258.212	7310
7.95522e-18	262.582	7320
7.88315e-18	259.941	7330
7.97517e-18	263.194	7340
7.90911e-18	260.972	7350
7.79295e-18	256.726	7360
7.86226e-18	259.131	7370
7.91146e-18	260.913	7380
7.99341e-18	263.88	7390
8.00644e-18	264.388	7400
8.03874e-18	265.534	7410
8.00245e-18	264.255	7420
7.96856e-18	263.105	7430
7.95108e-18	262.269	7440
7.99798e-18	264.141	7450
7.95239e-18	262.376	7460
8.03971e-18	265.559	7470
8.04582e-18	265.866	7480
8.01883e-18	264.866	7490
7.90043e-18	260.649	7500
7.81591e-18	257.391	7510
7.94515e-18	262.189	7520
8.01632e-18	264.718	7530
8.02483e-18	265.081	7540
7.96583e-18	262.948	7550
7.99759e-18	264.071	7560
7.936e-18	261.885	7570
7.9049e-18	260.657	7580
7.976e-18	263.275	7590
8.02126e-18	264.877	7600
8.00332e-18	264.343	7610
7.93969e-18	261.998	7620
7.97432e-18	263.168	7630
8.06343e-18	266.386	7640
8.06396e-18	266.469	7650
8.12709e-18	268.767	7660
8.10064e-18	267.743	7670
8.12714e-18	268.786	7680
8.12528e-18	268.71	7690
8.03715e-18	265.465	7700
8.14347e-18	269.348	7710
8.10037e-18	267.756	7720
8.20419e-18	271.479	7730
8.13703e-18	269.184	7740
8.09253e-18	267.477	7750
8.19239e-18	271.052	7760
8.26232e-18	273.636	7770
8.10615e-18	268.033	7780
8.24583e-18	272.954	7790
8.1875e-18	270.983	7800
8.18424e-18	270.839	7810
8.21873e-18	272.055	7820
8.1914e-18	271.095	7830
8.17716e-18	270.55	7840
8.24853e-18	273.12	7850
8.20004e-18	271.368	7860
8.15139e-18	269.685	7870
8.11615e-18	268.341	7880
8.16966e-18	270.249	7890
8.07592e-18	266.939	7900
8.05828e-18	266.279	7910
8.12549e-18	268.582	7920
8.21954e-18	272.111	7930
8.13267e-18	268.899	7940
8.17392e-18	270.498	7950
8.13783e-18	269.181	7960
8.11566e-18	268.322	7970
8.12756e-18	268.73	7980
8.24935e-18	273.123	7990
8.20823e-18	271.776	8000
7.94254e-18	262.171	8010
8.09058e-18	267.304	8020
8.22515e-18	272.278	8030
8.22955e-18	272.477	8040
8.17945e-18	270.636	8050
8.04919e-18	265.995	8060
8.04865e-18	265.931	8070
7.99315e-18	263.958	8080
8.01716e-18	264.759	8090
8.03004e-18	265.318	8100
7.8678e-18	259.382	8110
8.03302e-18	265.287	8120
8.01701e-18	264.78	8130
8.05375e-18	266.089	8140
8.05831e-18	266.241	8150
8.06555e-18	266.498	8160
8.07874e-18	267.072	8170
8.00782e-18	264.402	8180
8.0861e-18	267.253	8190
8.04496e-18	265.766	8200
8.17572e-18	270.512	8210
8.1586e-18	269.889	8220
8.23525e-18	272.646	8230
8.16126e-18	269.959	8240
8.21697e-18	272.031	8250
8.08598e-18	267.412	8260
8.11394e-18	268.225	8270
8.13785e-18	269.08	8280
8.13367e-18	269.021	8290
8.18155e-18	270.677	8300
8.18061e-18	270.704	8310
8.24048e-18	272.829	8320
8.14152e-18	269.331	8330
8.17606e-18	270.545	8340
8.2065e-18	271.526	8350
8.20753e-18	271.673	8360
8.16547e-18	270.147	8370
8.1725e-18	270.345	8380
8.24058e-18	272.799	8390
8.21763e-18	272.087	8400
8.26523e-18	273.671	8410
8.20822e-18	271.732	8420
8.21815e-18	272.02	8430
8.28116e-18	274.316	8440
8.22237e-18	272.219	8450
8.21094e-18	271.764	8460
8.19366e-18	271.261	8470
8.0079e-18	264.593	8480
8.07275e-18	266.715	8490
8.04928e-18	266.014	8500
8.04519e-18	265.638	8510
8.1971e-18	271.26	8520
8.19591e-18	271.302	8530
8.20968e-18	271.71	8540
8.17544e-18	270.525	8550
8.16439e-18	270.044	8560
8.13617e-18	269.107	8570
8.1985e-18	271.304	8580
8.19932e-18	271.423	8590
8.07832e-18	266.958	8600
8.1512e-18	269.599	8610
8.11161e-18	268.277	8620
8.01388e-18	264.695	8630
8.01398e-18	264.621	8640
8.12768e-18	268.709	8650
8.11697e-18	268.446	8660
7.97353e-18	263.225	8670
8.11201e-18	268.152	8680
8.13344e-18	268.964	8690
8.12295e-18	268.579	8700
8.1303e-18	268.851	8710
8.15936e-18	269.918	8720
8.17151e-18	270.35	8730
8.21799e-18	272.044	8740
8.18196e-18	270.739	8750
8.10796e-18	268.034	8760
8.24317e-18	272.953	8770
8.20654e-18	271.58	8780
8.20407e-18	271.596	8790
8.28249e-18	274.31	8800
8.25142e-18	273.309	8810
8.25708e-18	273.433	8820
8.24944e-18	273.25	8830
8.14883e-18	269.483	8840
8.14349e-18	269.508	8850
8.136e-18	268.929	8860
8.39395e-18	278.323	8870
8.30462e-18	275.313	8880
8.19841e-18	271.374	8890
8.15536e-18	269.787	8900
8.3402e-18	276.362	8910
8.18593e-18	271.011	8920
8.24633e-18	273.012	8930
8.20082e-18	271.536	8940
8.17259e-18	270.284	8950
8.26156e-18	273.679	8960
8.15225e-18	269.683	8970
8.18258e-18	270.708	8980
8.26202e-18	273.689	8990
8.15204e-18	269.665	9000
8.23633e-18	272.694	9010
8.1308e-18	268.96	9020
8.09673e-18	267.648	9030
8.00971e-18	264.618	9040
7.98842e-18	263.659	9050
8.14363e-18	269.341	9060
8.11149e-18	268.226	9070
8.08858e-18	267.396	9080
8.06198e-18	266.356	9090
8.11976e-18	268.449	9100
8.1672e-18	270.17	9110
8.18065e-18	270.757	9120
8.137e-18	269.11	9130
8.16345e-18	270.023	9140
8.2271e-18	272.385	9150
8.1249e-18	268.718	9160
8.02081e-18	264.895	9170
8.1341e-18	268.975	9180
8.12688e-18	268.752	9190
8.15326e-18	269.667	9200
8.15741e-18	269.872	9210
8.21967e-18	272.066	9220
8.20397e-18	271.603	9230
8.19667e-18	271.199	9240
8.23423e-18	272.714	9250
8.11717e-18	268.423	9260
8.09739e-18	267.609	9270
8.29401e-18	274.683	9280
8.25012e-18	273.289	9290
8.11819e-18	268.468	9300
8.13753e-18	269.109	9310
8.16843e-18	270.215	9320
8.19413e-18	271.16	9330
8.1933e-18	271.159	9340
8.25586e-18	273.404	9350
8.09189e-18	267.591	9360
8.12303e-18	268.507	9370
8.12015e-18	268.474	9380
8.11902e-18	268.538	9390
8.07165e-18	266.734	9400
8.16777e-18	270.213	9410
8.20133e-18	271.453	9420
8.18256e-18	270.791	9430
8.10354e-18	267.882	9440
8.21046e-18	271.737	9450
8.18899e-18	271.06	9460
8.02876e-18	265.225	9470
8.16665e-18	270.052	9480
8.19677e-18	271.3	9490
8.05531e-18	266.268	9500
8.14546e-18	269.335	9510
8.18842e-18	271.037	9520
8.08391e-18	267.329	9530
8.04714e-18	265.82	9540
8.02308e-18	265.051	9550
8.06166e-18	266.351	9560
7.96016e-18	262.771	9570
8.0072e-18	264.406	9580
7.98821e-18	263.82	9590
8.01083e-18	264.537	9600
7.9513e-18	262.509	9610
7.93249e-18	261.589	9620
8.03871e-18	265.601	9630
7.92876e-18	261.618	9640
7.825e-18	257.91	9650
7.88224e-18	259.871	9660
7.94299e-18	262.018	9670
8.05289e-18	266.094	9680
7.91969e-18	261.402	9690
7.77425e-18	256.027	9700
7.95369e-18	262.335	9710
7.9745e-18	263.258	9720
7.98228e-18	263.557	9730
8.01635e-18	264.734	9740
8.03769e-18	265.516	9750
8.04286e-18	265.728	9760
7.9332e-18	261.776	9770
7.91631e-18	261.158	9780
7.93706e-18	261.908	9790
7.94024e-18	261.93	9800
8.00226e-18	264.284	9810
7.81446e-18	257.536	9820
7.92465e-18	261.32	9830
8.03104e-18	265.343	9840
7.87376e-18	259.6	9850
7.99503e-18	263.929	9860
8.01187e-18	264.573	9870
8.00422e-18	264.349	9880
7.92821e-18	261.625	9890
7.87478e-18	259.589	9900
7.95822e-18	262.592	9910
8.01244e-18	264.621	9920
8.01076e-18	264.524	9930
8.09388e-18	267.524	9940
7.99928e-18	264.246	9950
7.86416e-18	259.35	9960
7.82185e-18	257.679	9970
7.94234e-18	262.016	9980
8.00327e-18	264.313	9990
7.93153e-18	261.704	10000
7.90265e-18	260.641	10010
7.93047e-18	261.618	10020
7.98542e-18	263.674	10030
7.85118e-18	258.823	10040
7.97627e-18	263.284	10050
7.86556e-18	259.38	10060
7.86013e-18	259.125	10070
7.84941e-18	258.694	10080
7.83847e-18	258.387	10090
7.8003e-18	256.932	10100
7.95344e-18	262.389	10110
7.93854e-18	261.992	10120
7.9442e-18	262.173	10130
7.85271e-18	258.936	10140
7.89005e-18	260.143	10150
7.94301e-18	262.192	10160
7.83121e-18	258.036	10170
7.82827e-18	258.049	10180
7.77315e-18	255.908	10190
7.94835e-18	262.265	10200
7.96123e-18	262.794	10210
7.95803e-18	262.685	10220
7.82092e-18	257.78	10230
7.91526e-18	261.029	10240
7.85324e-18	258.945	10250
7.89059e-18	260.153	10260
7.95429e-18	262.537	10270
7.85463e-18	258.909	10280
7.97107e-18	263.098	10290
7.90792e-18	260.924	10300
7.86791e-18	259.328	10310
7.92118e-18	261.28	10320
7.87775e-18	259.822	10330
7.84161e-18	258.414	10340
7.85834e-18	259.049	10350
7.88463e-18	260.045	10360
7.87235e-18	259.521	10370
7.9331e-18	261.81	10380
7.87743e-18	259.769	10390
7.91709e-18	261.119	10400
7.94015e-18	262.024	10410
7.92078e-18	261.303	10420
7.89386e-18	260.413	10430
7.992e-18	263.777	10440
8.00262e-18	264.32	10450
7.86892e-18	259.401	10460
8.08689e-18	267.201	10470
7.99486e-18	264.09	10480
8.04181e-18	265.625	10490
8.03913e-18	265.671	10500
7.99459e-18	263.881	10510
8.06721e-18	266.63	10520
7.97437e-18	263.282	10530
7.97813e-18	263.344	10540
7.97075e-18	263.129	10550
7.9437e-18	262.193	10560
7.93792e-18	261.806	10570
7.96367e-18	262.935	10580
7.95137e-18	262.401	10590
8.01865e-18	264.781	10600
8.00934e-18	264.528	10610
7.91231e-18	261.003	10620
7.98333e-18	263.527	10630
7.99948e-18	264.227	10640
7.96003e-18	262.713	10650
7.94825e-18	262.329	10660
7.95726e-18	262.555	10670
7.97773e-18	263.442	10680
7.88199e-18	259.86	10690
7.98422e-18	263.555	10700
7.99337e-18	263.964	10710
8.01098e-18	264.533	10720
7.99797e-18	264.113	10730
8.01571e-18	264.694	10740
8.02441e-18	265.13	10750
7.92826e-18	261.572	10760
7.94966e-18	262.271	10770
7.99564e-18	264.125	10780
7.89276e-18	260.279	10790
7.97687e-18	263.348	10800
7.89212e-18	260.263	10810
7.99349e-18	263.918	10820
7.99816e-18	264.108	10830
8.00761e-18	264.441	10840
8.01163e-18	264.629	10850
7.98162e-18	263.454	10860
8.07015e-18	266.654	10870
8.14571e-18	269.45	10880
8.01106e-18	264.653	10890
7.90957e-18	260.856	10900
8.07355e-18	266.783	10910
8.07626e-18	266.972	10920
8.03249e-18	265.367	10930
8.09321e-18	267.489	10940
8.03511e-18	265.525	10950
8.02469e-18	265.066	10960
8.02691e-18	265.178	10970
8.04924e-18	265.889	10980
8.13576e-18	269.104	10990
7.94196e-18	262.202	11000
7.97807e-18	263.291	11010
8.00894e-18	264.52	11020
7.97873e-18	263.347	11030
8.0542e-18	266.134	11040
7.94158e-18	262.121	11050
7.86855e-18	259.416	11060
7.98813e-18	263.69	11070
7.93348e-18	261.881	11080
7.87977e-18	259.755	11090
7.91068e-18	260.935	11100
7.97262e-18	263.137	11110
7.91842e-18	261.251	11120
7.9014e-18	260.631	11130
7.9141e-18	261.048	11140
7.89063e-18	260.321	11150
7.81216e-18	257.364	11160
7.84199e-18	258.471	11170
7.86799e-18	259.328	11180
7.91799e-18	261.184	11190
7.91335e-18	261.094	11200
7.86508e-18	259.184	11210
8.1395e-18	269.134	11220
8.01636e-18	264.882	11230
7.94292e-18	262.154	11240
8.00482e-18	264.283	11250
8.04706e-18	265.88	11260
7.94218e-18	262.222	11270
7.92552e-18	261.451	11280
8.0777e-18	266.84	11290
8.18673e-18	270.949	11300
8.08568e-18	267.31	11310
8.06732e-18	266.68	11320
7.93059e-18	261.647	11330
8.16185e-18	269.955	11340
8.05805e-18	266.499	11350
7.90821e-18	260.807	11360
8.01202e-18	264.579	11370
8.05856e-18	266.268	11380
8.06031e-18	266.396	11390
7.88288e-18	259.969	11400
7.94351e-18	262.046	11410
8.0623e-18	266.427	11420
8.08537e-18	267.337	11430
7.93132e-18	261.722	11440
8.02959e-18	265.212	11450
8.02907e-18	265.216	11460
7.90939e-18	260.925	11470
7.96746e-18	262.967	11480
8.08238e-18	267.13	11490
7.99388e-18	264.02	11500
8.03723e-18	265.396	11510
8.09169e-18	267.509	11520
7.98281e-18	263.537	11530
8.0596e-18	266.33	11540
8.0293e-18	265.213	11550
8.11598e-18	268.281	11560
8.16961e-18	270.38	11570
8.02711e-18	265.163	11580
8.14185e-18	269.239	11590
8.2376e-18	272.706	11600
8.27975e-18	274.246	11610
8.23124e-18	272.621	11620
8.28564e-18	274.428	11630
8.21877e-18	272.181	11640
8.15207e-18	269.673	11650
8.16426e-18	270.118	11660
8.16816e-18	270.265	11670
8.08791e-18	267.419	11680
8.17154e-18	270.33	11690
8.37957e-18	277.805	11700
8.42711e-18	279.589	11710
8.40002e-18	278.672	11720
8.21393e-18	272.001	11730
8.151e-18	269.6	11740
8.24654e-18	273.043	11750
8.16652e-18	270.244	11760
8.07682e-18	267.015	11770
8.17653e-18	270.435	11780
8.27926e-18	274.371	11790
8.21019e-18	271.741	11800
8.26732e-18	273.747	11810
8.26325e-18	273.851	11820
8.14774e-18	269.411	11830
8.25758e-18	273.476	11840
8.24312e-18	273.01	11850
8.2696e-18	273.78	11860
8.34869e-18	276.81	11870
8.31737e-18	275.742	11880
8.10069e-18	267.832	11890
8.21865e-18	271.949	11900
8.26763e-18	273.967	11910
8.27516e-18	274.121	11920
8.23235e-18	272.552	11930
8.26775e-18	273.898	11940
8.26484e-18	273.686	11950
8.28796e-18	274.599	11960
8.32849e-18	276.094	11970
8.16545e-18	270.163	11980
8.31327e-18	275.454	11990
8.34826e-18	276.745	12000
8.3904e-18	278.295	12010
8.41803e-18	279.282	12020
8.41409e-18	279.147	12030
8.29579e-18	274.966	12040
8.32963e-18	276.018	12050
8.33007e-18	276.222	12060
8.37626e-18	277.68	12070
8.25952e-18	273.651	12080
8.23202e-18	272.636	12090
8.15173e-18	269.632	12100
8.20867e-18	271.723	12110
8.20979e-18	271.743	12120
8.24651e-18	273.095	12130
8.24238e-18	272.943	12140
8.16426e-18	270.093	12150
8.30169e-18	275.033	12160
8.25956e-18	273.464	12170
8.32311e-18	275.893	12180
8.23105e-18	272.579	12190
8.25705e-18	273.469	12200
8.1561e-18	269.91	12210
8.10741e-18	267.926	12220
8.27773e-18	274.178	12230
8.2717e-18	274.03	12240
8.19599e-18	271.287	12250
8.27417e-18	274.061	12260
8.22701e-18	272.52	12270
8.23514e-18	272.637	12280
8.25156e-18	273.192	12290
8.35206e-18	277.021	12300
8.19685e-18	271.304	12310
8.25256e-18	273.287	12320
8.26076e-18	273.603	12330
8.26342e-18	273.709	12340
8.11333e-18	268.39	12350
8.18611e-18	270.807	12360
8.26195e-18	273.665	12370
8.23571e-18	272.703	12380
8.11165e-18	268.288	12390
8.17727e-18	270.607	12400
8.10758e-18	268.051	12410
8.17556e-18	270.596	12420
8.09442e-18	267.535	12430
8.27476e-18	274.065	12440
8.16323e-18	270.139	12450
8.10005e-18	267.804	12460
8.07657e-18	266.879	12470
8.15498e-18	269.783	12480
8.16373e-18	270.174	12490
8.04504e-18	265.779	12500
8.03338e-18	265.48	12510
8.13677e-18	268.992	12520
8.20184e-18	271.539	12530
8.16333e-18	270.111	12540
8.1814e-18	270.745	12550
8.15443e-18	269.831	12560
8.06097e-18	266.336	12570
8.24803e-18	273.136	12580
8.13785e-18	269.242	12590
8.18447e-18	270.83	12600
8.01917e-18	264.979	12610
8.09541e-18	267.542	12620
8.20578e-18	271.628	12630
8.17544e-18	270.544	12640
8.17974e-18	270.695	12650
8.1806e-18	270.757	12660
8.18665e-18	270.897	12670
8.20653e-18	271.595	12680
8.18479e-18	270.929	12690
8.14973e-18	269.494	12700
8.15779e-18	270.004	12710
8.0081e-18	264.489	12720
8.03199e-18	265.247	12730
8.14522e-18	269.413	12740
8.07277e-18	266.884	12750
8.0411e-18	265.586	12760
8.05985e-18	266.461	12770
7.9396e-18	261.998	12780
7.894e-18	260.378	12790
7.91163e-18	260.94	12800
7.98113e-18	263.527	12810
8.02034e-18	264.871	12820
7.97752e-18	263.393	12830
7.93443e-18	261.813	12840
7.93923e-18	262.035	12850
7.81068e-18	257.342	12860
7.91847e-18	261.189	12870
7.91363e-18	261.042	12880
8.0531e-18	266.002	12890
8.055e-18	266.256	12900
7.91768e-18	261.254	12910
7.86832e-18	259.457	12920
7.85105e-18	258.772	12930
8.04833e-18	265.837	12940
8.0304e-18	265.378	12950
8.02599e-18	265.075	12960
8.01871e-18	264.884	12970
8.08693e-18	267.278	12980
7.98767e-18	263.866	12990
7.95447e-18	262.511	13000
8.05549e-18	266.046	13010
8.01519e-18	264.812	13020
7.91628e-18	261.151	13030
8.10338e-18	267.898	13040
8.07387e-18	266.895	13050
7.96701e-18	263.031	13060
8.04774e-18	265.837	13070
8.10437e-18	267.936	13080
8.10756e-18	268.094	13090
7.98179e-18	263.628	13100
8.15027e-18	269.475	13110
8.16683e-18	270.224	13120
8.08484e-18	267.316	13130
8.09543e-18	267.585	13140
7.99055e-18	263.888	13150
8.02321e-18	264.908	13160
8.10828e-18	268.005	13170
8.14233e-18	269.365	13180
7.94415e-18	262.229	13190
7.91565e-18	261.113	13200
8.00626e-18	264.311	13210
7.99141e-18	263.875	13220
8.12614e-18	268.677	13230
8.04513e-18	265.87	13240
8.06976e-18	266.704	13250
7.93221e-18	261.734	13260
7.92337e-18	261.415	13270
7.94806e-18	262.334	13280
7.81247e-18	257.412	13290
7.79559e-18	256.838	13300
7.71428e-18	253.775	13310
7.922e-18	261.272	13320
7.88407e-18	260.081	13330
7.91354e-18	260.935	13340
8.00008e-18	264.154	13350
7.91962e-18	261.33	13360
7.82182e-18	257.826	13370
7.8936e-18	260.261	13380
7.95024e-18	262.289	13390
8.14593e-18	269.432	13400
7.95311e-18	262.562	13410
7.99694e-18	264.031	13420
8.01944e-18	264.839	13430
8.15252e-18	269.614	13440
8.21314e-18	271.901	13450
8.14518e-18	269.431	13460
8.11138e-18	268.108	13470
8.23448e-18	272.687	13480
8.13808e-18	269.242	13490
8.11727e-18	268.334	13500
8.16229e-18	270.037	13510
8.21766e-18	272.074	13520
8.22989e-18	272.413	13530
8.2193e-18	272.192	13540
8.15516e-18	269.765	13550
8.21952e-18	272.08	13560
8.1513e-18	269.672	13570
8.13536e-18	269.113	13580
7.97948e-18	263.474	13590
7.93145e-18	261.78	13600
8.09557e-18	267.378	13610
8.24576e-18	273.12	13620
8.14466e-18	269.496	13630
7.98919e-18	263.759	13640
8.08121e-18	267.055	13650
8.07641e-18	266.978	13660
8.0082e-18	264.53	13670
8.02501e-18	265.037	13680
8.01086e-18	264.607	13690
8.00836e-18	264.418	13700
8.07346e-18	266.848	13710
8.03224e-18	265.392	13720
8.0362e-18	265.421	13730
8.00321e-18	264.32	13740
7.97914e-18	263.35	13750
8.02508e-18	265.108	13760
7.95003e-18	262.422	13770
7.972e-18	263.121	13780
7.92744e-18	261.507	13790
8.02716e-18	265.139	13800
7.90748e-18	260.974	13810
7.78882e-18	256.545	13820
7.86052e-18	259.125	13830
7.8632e-18	259.287	13840
7.82817e-18	257.943	13850
7.92417e-18	261.438	13860
7.93317e-18	261.671	13870
7.97249e-18	263.188	13880
7.95398e-18	262.482	13890
7.88467e-18	260.118	13900
7.88452e-18	259.878	13910
8.01742e-18	264.777	13920
7.8937e-18	260.466	13930
7.8879e-18	260.064	13940
8.01989e-18	264.849	13950
7.95723e-18	262.634	13960
8.05105e-18	265.944	13970
8.15109e-18	269.674	13980
8.12626e-18	268.703	13990
8.13602e-18	269.12	14000
8.13916e-18	269.106	14010
8.11437e-18	268.384	14020
8.18656e-18	270.762	14030
8.24705e-18	273.154	14040
8.15647e-18	269.852	14050
8.2942e-18	274.703	14060
8.35751e-18	277.191	14070
8.09395e-18	267.702	14080
8.08982e-18	267.302	14090
8.17831e-18	270.708	14100
8.16338e-18	270.019	14110
8.19757e-18	271.278	14120
8.26605e-18	273.737	14130
8.3489e-18	276.706	14140
8.36667e-18	277.46	14150
8.33317e-18	276.255	14160
8.18615e-18	270.923	14170
8.20857e-18	271.69	14180
8.22751e-18	272.387	14190
8.25265e-18	273.304	14200
8.3116e-18	275.396	14210
8.27682e-18	274.233	14220
8.11416e-18	268.367	14230
8.18521e-18	270.814	14240
8.14528e-18	269.497	14250
8.11256e-18	268.26	14260
7.99828e-18	264.117	14270
8.15385e-18	269.692	14280
8.15272e-18	269.737	14290
8.13653e-18	269.061	14300
8.15319e-18	269.697	14310
8.16966e-18	270.262	14320
8.16221e-18	270.136	14330
7.99894e-18	264.157	14340
8.01672e-18	264.755	14350
7.94579e-18	262.27	14360
8.06041e-18	266.21	14370
8.17774e-18	270.607	14380
8.0547e-18	266.141	14390
8.01842e-18	264.932	14400
7.97721e-18	263.261	14410
8.01339e-18	264.686	14420
8.08578e-18	267.194	14430
8.10301e-18	267.869	14440
8.03313e-18	265.403	14450
8.03247e-18	265.306	14460
8.00948e-18	264.531	14470
8.07216e-18	266.749	14480
8.02377e-18	265.042	14490
8.07612e-18	266.891	14500
8.08777e-18	267.351	14510
8.15397e-18	269.718	14520
8.10178e-18	267.848	14530
8.10446e-18	267.891	14540
8.17704e-18	270.5	14550
8.27101e-18	274.029	14560
8.18057e-18	270.625	14570
8.36485e-18	277.309	14580
8.16951e-18	270.475	14590
8.06237e-18	266.402	14600
8.11309e-18	268.209	14610
8.1708e-18	270.332	14620
8.27826e-18	274.233	14630
8.1945e-18	271.207	14640
8.19468e-18	271.201	14650
8.22846e-18	272.42	14660
8.17579e-18	270.638	14670
8.06769e-18	266.619	14680
8.1999e-18	271.451	14690
8.12252e-18	268.572	14700
8.15916e-18	269.912	14710
8.2144e-18	271.764	14720
8.28552e-18	274.514	14730
8.22665e-18	272.403	14740
8.24976e-18	273.218	14750
8.20273e-18	271.489	14760
8.36805e-18	277.386	14770
8.43186e-18	279.8	14780
8.37759e-18	277.788	14790
8.33749e-18	276.401	14800
8.31907e-18	275.683	14810
8.37139e-18	277.57	14820
8.43559e-18	279.824	14830
8.35914e-18	277.265	14840
8.33385e-18	276.165	14850
8.38294e-18	278.086	14860
8.33211e-18	276.144	14870
8.48383e-18	281.575	14880
8.53531e-18	283.53	14890
8.41246e-18	279.103	14900
8.43154e-18	279.739	14910
8.41009e-18	278.977	14920
8.52957e-18	283.275	14930
8.49411e-18	282.063	14940
8.39377e-18	278.369	14950
8.42122e-18	279.392	14960
8.36424e-18	277.416	14970
8.44098e-18	279.937	14980
8.47505e-18	281.468	14990
8.4263e-18	279.579	15000
8.40842e-18	278.921	15010
8.45863e-18	280.731	15020
8.32541e-18	275.936	15030
8.40402e-18	278.859	15040
8.28092e-18	274.214	15050
8.38668e-18	278.185	15060
8.40427e-18	278.723	15070
8.4111e-18	278.959	15080
8.42285e-18	279.435	15090
8.38732e-18	278.256	15100
8.39897e-18	278.627	15110
8.24918e-18	273.114	15120
8.30901e-18	275.404	15130
8.31268e-18	275.388	15140
8.43592e-18	279.879	15150
8.3394e-18	276.523	15160
8.34887e-18	276.679	15170
8.45733e-18	280.728	15180
8.44327e-18	280.227	15190
8.46131e-18	280.942	15200
8.25859e-18	273.585	15210
8.39272e-18	278.35	15220
8.33096e-18	276.193	15230
8.35262e-18	276.856	15240
8.38467e-18	278.048	15250
8.35231e-18	276.996	15260
8.34372e-18	276.558	15270
8.32338e-18	275.723	15280
8.38392e-18	278.131	15290
8.33922e-18	276.454	15300
8.26616e-18	273.746	15310
8.29143e-18	274.635	15320
8.30163e-18	275.177	15330
8.20542e-18	271.569	15340
8.21492e-18	271.968	15350
8.15926e-18	269.876	15360
8.18565e-18	270.937	15370
8.12082e-18	268.481	15380
8.20722e-18	271.631	15390
8.11366e-18	268.294	15400
8.21117e-18	271.768	15410
8.16051e-18	270.029	15420
8.16493e-18	270.061	15430
8.19878e-18	271.409	15440
8.06475e-18	266.556	15450
8.08843e-18	267.243	15460
8.1432e-18	269.378	15470
8.13734e-18	269.14	15480
8.06167e-18	266.367	15490
8.15745e-18	269.862	15500
8.07811e-18	266.99	15510
8.14072e-18	269.221	15520
8.11712e-18	268.473	15530
8.09905e-18	267.711	15540
8.11901e-18	268.443	15550
8.08447e-18	267.25	15560
8.09349e-18	267.494	15570
8.06057e-18	266.424	15580
8.07243e-18	266.739	15590
8.09863e-18	267.696	15600
8.10456e-18	267.966	15610
8.07266e-18	266.764	15620
8.10502e-18	268.022	15630
7.92782e-18	261.606	15640
7.99453e-18	263.878	15650
8.06235e-18	266.384	15660
8.0988e-18	267.718	15670
8.14599e-18	269.437	15680
8.06272e-18	266.517	15690
8.15363e-18	269.706	15700
8.13699e-18	269.074	15710
8.25625e-18	273.39	15720
8.22041e-18	272.147	15730
8.25384e-18	273.275	15740
8.24174e-18	273.056	15750
8.03925e-18	265.601	15760
8.09199e-18	267.407	15770
8.16754e-18	270.202	15780
8.2053e-18	271.554	15790
8.16411e-18	270.172	15800
8.08907e-18	267.453	15810
8.10351e-18	267.845	15820
8.21472e-18	271.907	15830
8.20455e-18	271.564	15840
8.07568e-18	266.867	15850
8.11754e-18	268.407	15860
8.02638e-18	265.243	15870
8.00731e-18	264.33	15880
8.20765e-18	271.568	15890
8.29919e-18	275.022	15900
8.17053e-18	270.351	15910
8.14987e-18	269.605	15920
8.07564e-18	266.854	15930
8.1837e-18	270.812	15940
8.25772e-18	273.4	15950
8.15908e-18	269.992	15960
8.17555e-18	270.487	15970
8.18975e-18	270.993	15980
8.3016e-18	274.971	15990
8.29919e-18	275.016	16000
8.28283e-18	274.37	16010
8.23871e-18	272.831	16020
8.20321e-18	271.534	16030
8.22704e-18	272.296	16040
8.3252e-18	275.873	16050
8.32935e-18	276.096	16060
8.22269e-18	272.214	16070
8.35877e-18	276.996	16080
8.44315e-18	280.181	16090
8.34558e-18	276.705	16100
8.40598e-18	278.741	16110
8.34452e-18	276.725	16120
8.20698e-18	271.648	16130
8.35937e-18	277.054	16140
8.43362e-18	279.854	16150
8.32526e-18	276.02	16160
8.22526e-18	272.143	16170
8.40179e-18	278.634	16180
8.4515e-18	280.591	16190
8.25663e-18	273.437	16200
8.33834e-18	276.315	16210
8.45804e-18	280.786	16220
8.30641e-18	275.253	16230
8.40833e-18	278.856	16240
8.36667e-18	277.506	16250
8.22721e-18	272.303	16260
8.35612e-18	277.031	16270
8.31904e-18	275.752	16280
8.25643e-18	273.433	16290
8.33188e-18	276.103	16300
8.39836e-18	278.649	16310
8.37456e-18	277.673	16320
8.33321e-18	276.155	16330
8.36197e-18	277.201	16340
8.33664e-18	276.351	16350
8.42729e-18	279.562	16360
8.49818e-18	282.17	16370
8.5075e-18	282.528	16380
8.37967e-18	277.87	16390
8.50855e-18	282.466	16400
8.64366e-18	287.375	16410
8.55093e-18	284.149	16420
8.42112e-18	279.376	16430
8.67184e-18	288.366	16440
8.48564e-18	281.792	16450
8.50305e-18	282.348	16460
8.512e-18	282.621	16470
8.49206e-18	281.992	16480
8.46445e-18	280.914	16490
8.65375e-18	287.72	16500
8.55659e-18	284.42	16510
8.45514e-18	280.65	16520
8.47999e-18	281.518	16530
8.58149e-18	285.045	16540
8.55457e-18	284.316	16550
8.41513e-18	279.189	16560
8.42979e-18	279.754	16570
8.3666e-18	277.377	16580
8.44246e-18	280.118	16590
8.40507e-18	278.834	16600
8.47754e-18	281.425	16610
8.38296e-18	278.024	16620
8.33958e-18	276.452	16630
8.37372e-18	277.7	16640
8.35114e-18	276.877	16650
8.27246e-18	273.999	16660
8.26064e-18	273.634	16670
8.30436e-18	275.115	16680
8.38756e-18	278.047	16690
8.4553e-18	280.653	16700
8.29113e-18	274.74	16710
8.35993e-18	277.113	16720
8.2574e-18	273.572	16730
8.24327e-18	272.912	16740
8.22005e-18	272.102	16750
8.27006e-18	273.958	16760
8.21386e-18	271.889	16770
8.32041e-18	275.766	16780
8.18395e-18	270.794	16790
8.22294e-18	272.252	16800
8.11801e-18	268.454	16810
8.06367e-18	266.447	16820
8.09003e-18	267.361	16830
8.11462e-18	268.334	16840
8.02392e-18	265.06	16850
7.96275e-18	262.781	16860
7.96335e-18	262.913	16870
7.95452e-18	262.506	16880
7.84486e-18	258.672	16890
7.85429e-18	258.859	16900
7.90756e-18	260.774	16910
7.90628e-18	260.844	16920
7.90323e-18	260.535	16930
7.97999e-18	263.479	16940
7.9355e-18	261.838	16950
8.01558e-18	264.701	16960
7.96131e-18	262.801	16970
7.83806e-18	258.364	16980
7.89626e-18	260.39	16990
7.89309e-18	260.256	17000
7.93895e-18	261.92	17010
7.87957e-18	259.891	17020
7.94024e-18	261.928	17030
7.9465e-18	262.175	17040
8.08276e-18	267.166	17050
7.97583e-18	263.378	17060
7.94048e-18	261.961	17070
7.90162e-18	260.676	17080
7.8765e-18	259.666	17090
7.93784e-18	261.952	17100
7.89404e-18	260.267	17110
7.90148e-18	260.714	17120
7.89891e-18	260.493	17130
7.95777e-18	262.552	17140
7.96742e-18	263.059	17150
8.01082e-18	264.409	17160
8.09271e-18	267.584	17170
7.99387e-18	263.998	17180
7.95955e-18	262.646	17190
8.02066e-18	264.921	17200
7.95555e-18	262.572	17210
8.08696e-18	267.141	17220
8.12464e-18	268.726	17230
8.05086e-18	266.028	17240
8.23753e-18	272.615	17250
8.2595e-18	273.557	17260
8.07986e-18	267.159	17270
8.11132e-18	268.165	17280
8.1296e-18	268.792	17290
8.1176e-18	268.442	17300
8.09812e-18	267.755	17310
8.03924e-18	265.545	17320
8.10248e-18	267.853	17330
8.08124e-18	267.107	17340
8.0779e-18	267.001	17350
8.09166e-18	267.38	17360
8.13062e-18	268.889	17370
8.0661e-18	266.51	17380
8.06048e-18	266.413	17390
8.05755e-18	266.201	17400
8.05517e-18	266.194	17410
8.07346e-18	266.759	17420
8.06719e-18	266.578	17430
8.13021e-18	268.791	17440
8.12259e-18	268.622	17450
8.10302e-18	267.808	17460
8.16712e-18	270.216	17470
8.16725e-18	270.176	17480
8.17831e-18	270.569	17490
8.08545e-18	267.259	17500
8.10663e-18	268.022	17510
8.10124e-18	267.828	17520
8.1563e-18	269.788	17530
8.14159e-18	269.26	17540
8.09021e-18	267.468	17550
8.19436e-18	271.092	17560
8.14557e-18	269.447	17570
8.10076e-18	267.83	17580
8.08779e-18	267.226	17590
8.22197e-18	272.098	17600
8.17796e-18	270.714	17610
8.02978e-18	265.157	17620
8.16018e-18	270.041	17630
8.1056e-18	267.845	17640
8.20104e-18	271.473	17650
8.17297e-18	270.275	17660
8.1011e-18	267.915	17670
8.18705e-18	270.798	17680
8.23456e-18	272.712	17690
8.15892e-18	269.879	17700
8.19374e-18	271.188	17710
8.08015e-18	267.145	17720
8.05615e-18	266.123	17730
8.14675e-18	269.42	17740
8.15734e-18	269.805	17750
8.17708e-18	270.569	17760
8.16281e-18	270.04	17770
8.04253e-18	265.793	17780
8.01669e-18	264.73	17790
7.97527e-18	263.324	17800
8.06002e-18	266.184	17810
8.11495e-18	268.344	17820
8.11862e-18	268.443	17830
8.11563e-18	268.316	17840
8.16779e-18	270.221	17850
8.10462e-18	268.008	17860
8.07166e-18	266.684	17870
8.19273e-18	271.045	17880
8.14958e-18	269.615	17890
8.05171e-18	266.063	17900
8.04513e-18	265.714	17910
8.21553e-18	271.908	17920
8.17679e-18	270.635	17930
8.06321e-18	266.404	17940
8.06894e-18	266.589	17950
8.27363e-18	274.037	17960
8.18121e-18	270.717	17970
8.09311e-18	267.487	17980
8.13878e-18	269.133	17990
8.10144e-18	267.844	18000
8.17998e-18	270.534	18010
8.21758e-18	271.999	18020
8.20763e-18	271.631	18030
8.17915e-18	270.725	18040
8.05449e-18	266.049	18050
8.15501e-18	269.798	18060
8.13815e-18	268.981	18070
8.3625e-18	277.243	18080
8.21631e-18	272.026	18090
8.22963e-18	272.448	18100
8.23742e-18	272.696	18110
8.26008e-18	273.554	18120
8.18339e-18	270.906	18130
8.08196e-18	267.081	18140
8.28217e-18	274.277	18150
8.26874e-18	273.892	18160
8.19247e-18	271.19	18170
8.19565e-18	271.228	18180
8.20113e-18	271.278	18190
8.19947e-18	271.431	18200
8.07428e-18	266.805	18210
8.23953e-18	272.741	18220
8.13885e-18	269.314	18230
8.04205e-18	265.627	18240
8.13732e-18	269.113	18250
8.15243e-18	269.585	18260
8.21146e-18	271.777	18270
8.34147e-18	276.428	18280
8.22819e-18	272.5	18290
8.12801e-18	268.801	18300
8.16376e-18	270.065	18310
8.17345e-18	270.357	18320
8.19393e-18	271.152	18330
8.19288e-18	271.145	18340
8.01409e-18	264.638	18350
8.14549e-18	269.459	18360
8.05974e-18	266.271	18370
8.07294e-18	266.781	18380
8.03287e-18	265.34	18390
8.12837e-18	268.715	18400
8.05897e-18	266.382	18410
7.9754e-18	263.236	18420
8.02684e-18	265.079	18430
8.07855e-18	266.977	18440
8.05285e-18	266.069	18450
8.11336e-18	268.202	18460
8.10621e-18	268.001	18470
8.12449e-18	268.674	18480
8.09353e-18	267.499	18490
8.15916e-18	269.98	18500
8.02156e-18	264.863	18510
8.12401e-18	268.603	18520
8.04853e-18	265.913	18530
8.14908e-18	269.436	18540
8.21732e-18	272.071	18550
8.08862e-18	267.375	18560
8.14937e-18	269.433	18570
8.1511e-18	269.667	18580
8.11442e-18	268.289	18590
8.15547e-18	269.768	18600
8.12946e-18	268.801	18610
8.13003e-18	268.878	18620
8.10314e-18	267.888	18630
8.11263e-18	268.141	18640
8.18895e-18	270.975	18650
8.15342e-18	269.76	18660
8.02387e-18	265.002	18670
8.09289e-18	267.456	18680
8.27642e-18	274.061	18690
8.15776e-18	270.021	18700
8.1888e-18	270.884	18710
8.17143e-18	270.434	18720
8.14427e-18	269.254	18730
8.32703e-18	275.984	18740
8.16632e-18	270.299	18750
7.96457e-18	262.879	18760
8.17608e-18	270.424	18770
8.14021e-18	269.29	18780
8.19207e-18	270.964	18790
8.17394e-18	270.514	18800
8.23283e-18	272.562	18810
8.15843e-18	269.868	18820
8.17782e-18	270.594	18830
8.09667e-18	267.726	18840
8.1054e-18	267.901	18850
8.2219e-18	272.101	18860
8.17758e-18	270.67	18870
8.19626e-18	271.2	18880
8.1417e-18	269.359	18890
8.0322e-18	265.335	18900
8.07464e-18	266.857	18910
8.13198e-18	268.803	18920
8.12392e-18	268.671	18930
8.12775e-18	268.729	18940
8.14269e-18	269.357	18950
8.09541e-18	267.646	18960
8.09428e-18	267.485	18970
8.11153e-18	268.145	18980
8.15441e-18	269.723	18990
8.05586e-18	266.19	19000
8.07578e-18	267.006	19010
7.94481e-18	262.112	19020
8.11855e-18	268.454	19030
8.01533e-18	264.745	19040
8.03055e-18	265.259	19050
8.10108e-18	267.688	19060
8.19872e-18	271.438	19070
8.01699e-18	264.771	19080
8.13218e-18	268.908	19090
8.16843e-18	270.209	19100
8.16643e-18	270.185	19110
8.18063e-18	270.656	19120
8.1119e-18	268.158	19130
8.17747e-18	270.523	19140
8.31242e-18	275.458	19150
8.19797e-18	271.336	19160
8.09859e-18	267.784	19170
8.06714e-18	266.626	19180
8.03607e-18	265.398	19190
8.09112e-18	267.479	19200
8.12058e-18	268.536	19210
8.11604e-18	268.326	19220
8.14967e-18	269.584	19230
8.05192e-18	265.959	19240
8.18473e-18	270.857	19250
8.15556e-18	269.783	19260
8.0867e-18	267.338	19270
8.03255e-18	265.318	19280
8.00338e-18	264.327	19290
8.10243e-18	267.748	19300
8.09968e-18	267.75	19310
8.14823e-18	269.447	19320
8.1967e-18	271.266	19330
8.17559e-18	270.46	19340
8.14332e-18	269.452	19350
8.04324e-18	265.621	19360
8.16712e-18	270.146	19370
8.19962e-18	271.434	19380
8.08817e-18	267.279	19390
8.17553e-18	270.513	19400
8.17861e-18	270.629	19410
8.25178e-18	273.182	19420
8.34541e-18	276.595	19430
8.22403e-18	272.294	19440
8.21776e-18	271.976	19450
8.12342e-18	268.721	19460
8.12679e-18	268.714	19470
8.11726e-18	268.428	19480
8.17309e-18	270.326	19490
8.23139e-18	272.546	19500
8.1974e-18	271.283	19510
8.20143e-18	271.435	19520
8.15127e-18	269.595	19530
8.2937e-18	274.672	19540
8.24069e-18	272.883	19550
8.14047e-18	269.311	19560
8.14005e-18	269.098	19570
8.27156e-18	273.936	19580
8.21666e-18	272.145	19590
8.11244e-18	268.065	19600
8.14164e-18	269.364	19610
8.11167e-18	268.227	19620
7.97115e-18	263.179	19630
7.97014e-18	263.083	19640
8.04846e-18	265.781	19650
8.11507e-18	268.375	19660
8.06367e-18	266.341	19670
8.00208e-18	264.344	19680
7.97067e-18	263.081	19690
7.97355e-18	263.142	19700
8.00943e-18	264.512	19710
8.01116e-18	264.49	19720
8.07782e-18	266.925	19730
8.11825e-18	268.429	19740
8.08387e-18	267.217	19750
8.05006e-18	265.93	19760
8.11607e-18	268.267	19770
8.1492e-18	269.545	19780
8.11213e-18	268.272	19790
8.04436e-18	265.726	19800
8.08976e-18	267.3	19810
8.24348e-18	272.899	19820
8.13826e-18	269.242	19830
8.00866e-18	264.477	19840
8.10562e-18	267.898	19850
8.16202e-18	270.03	19860
8.05395e-18	266.082	19870
8.07573e-18	266.853	19880
8.18707e-18	270.912	19890
8.06537e-18	266.574	19900
8.03811e-18	265.537	19910
8.16543e-18	270.016	19920
8.19968e-18	271.366	19930
8.22395e-18	272.23	19940
8.25682e-18	273.37	19950
8.30562e-18	275.192	19960
8.16484e-18	270.169	19970
8.18003e-18	270.597	19980
8.22307e-18	272.16	19990
8.23375e-18	272.622	20000
