6.93168e-19	0.00918605	0
7.26002e-19	1.16151	10
8.29444e-19	4.84207	20
1.08997e-18	14.094	30
2.00658e-18	46.3415	40
1.61605e-18	28.8867	50
2.09526e-18	51.2594	60
2.02767e-18	47.7749	70
3.18188e-18	93.0648	80
3.33882e-18	96.2209	90
4.30907e-18	129.231	100
4.88594e-18	152.321	110
4.56279e-18	138.597	120
5.6618e-18	180.789	130
7.27118e-18	239.188	140
7.20215e-18	239.693	150
7.41563e-18	240.537	160
9.15393e-18	314.528	170
9.13054e-18	313.287	180
8.43888e-06	4.57392e+14	190
8.43888e-06	4.57392e+14	200
8.43888e-06	4.57392e+14	210
8.43888e-06	4.57392e+14	220
8.43888e-06	4.57392e+14	230
8.43888e-06	4.57392e+14	240
8.43888e-06	4.57392e+14	250
8.43888e-06	4.57392e+14	260
8.43888e-06	4.57392e+14	270
8.43888e-06	4.57392e+14	280
8.43888e-06	4.57392e+14	290
8.43888e-06	4.57392e+14	300
8.4389e-06	4.57393e+14	310
9.18796e-06	4.97992e+14	320
30.3859	1.64693e+21	330
6.8513e+12	3.71344e+32	340
2.87387e+15	1.55765e+35	350
2.87387e+15	1.55765e+35	360
2.87387e+15	1.55765e+35	370
2.87387e+15	1.55765e+35	380
2.87387e+15	1.55765e+35	390
2.87387e+15	1.55765e+35	400
2.87387e+15	1.55765e+35	410
2.87387e+15	1.55765e+35	420
2.87387e+15	1.55765e+35	430
2.87387e+15	1.55765e+35	440
2.87387e+15	1.55765e+35	450
2.87387e+15	1.55765e+35	460
2.87387e+15	1.55765e+35	470
2.87387e+15	1.55765e+35	480
2.87387e+15	1.55765e+35	490
2.87387e+15	1.55765e+35	500
2.87387e+15	1.55765e+35	510
2.87387e+15	1.55765e+35	520
2.87387e+15	1.55765e+35	530
2.87387e+15	1.55765e+35	540
2.87387e+15	1.55765e+35	550
2.87387e+15	1.55765e+35	560
2.87387e+15	1.55765e+35	570
2.87387e+15	1.55765e+35	580
2.87387e+15	1.55765e+35	590
2.87387e+15	1.55765e+35	600
2.87387e+15	1.55765e+35	610
2.87387e+15	1.55765e+35	620
2.87387e+15	1.55765e+35	630
2.87387e+15	1.55765e+35	640
2.87387e+15	1.55765e+35	650
2.87387e+15	1.55765e+35	660
2.87387e+15	1.55765e+35	670
2.87387e+15	1.55765e+35	680
2.87387e+15	1.55765e+35	690
2.87387e+15	1.55765e+35	700
2.87387e+15	1.55765e+35	710
2.87387e+15	1.55765e+35	720
2.87387e+15	1.55765e+35	730
2.87387e+15	1.55765e+35	740
2.87387e+15	1.55765e+35	750
2.87387e+15	1.55765e+35	760
2.87387e+15	1.55765e+35	770
2.87387e+15	1.55765e+35	780
2.87387e+15	1.55765e+35	790
2.87387e+15	1.55765e+35	800
2.87387e+15	1.55765e+35	810
2.87387e+15	1.55765e+35	820
2.87387e+15	1.55765e+35	830
2.87387e+15	1.55765e+35	840
2.87387e+15	1.55765e+35	850
2.87387e+15	1.55765e+35	860
2.87387e+15	1.55765e+35	870
2.87387e+15	1.55765e+35	880
2.87387e+15	1.55765e+35	890
2.87387e+15	1.55765e+35	900
2.87387e+15	1.55765e+35	910
2.87387e+15	1.55765e+35	920
2.87387e+15	1.55765e+35	930
2.87387e+15	1.55765e+35	940
2.87387e+15	1.55765e+35	950
2.87387e+15	1.55765e+35	960
2.87387e+15	1.55765e+35	970
2.87387e+15	1.55765e+35	980
2.87387e+15	1.55765e+35	990
2.87387e+15	1.55765e+35	1000
2.87387e+15	1.55765e+35	1010
2.87387e+15	1.55765e+35	1020
2.87387e+15	1.55765e+35	1030
2.87387e+15	1.55765e+35	1040
2.87387e+15	1.55765e+35	1050
2.87387e+15	1.55765e+35	1060
2.87387e+15	1.55765e+35	1070
2.87387e+15	1.55765e+35	1080
2.87387e+15	1.55765e+35	1090
2.87387e+15	1.55765e+35	1100
2.87387e+15	1.55765e+35	1110
2.87387e+15	1.55765e+35	1120
2.87387e+15	1.55765e+35	1130
2.87387e+15	1.55765e+35	1140
2.87387e+15	1.55765e+35	1150
2.87387e+15	1.55765e+35	1160
2.87387e+15	1.55765e+35	1170
2.87387e+15	1.55765e+35	1180
2.87387e+15	1.55765e+35	1190
2.87387e+15	1.55765e+35	1200
2.87387e+15	1.55765e+35	1210
2.87387e+15	1.55765e+35	1220
2.87387e+15	1.55765e+35	1230
2.87387e+15	1.55765e+35	1240
2.87387e+15	1.55765e+35	1250
2.87387e+15	1.55765e+35	1260
2.87387e+15	1.55765e+35	1270
2.87387e+15	1.55765e+35	1280
2.87387e+15	1.55765e+35	1290
2.87387e+15	1.55765e+35	1300
2.87387e+15	1.55765e+35	1310
2.87387e+15	1.55765e+35	1320
2.87387e+15	1.55765e+35	1330
2.87387e+15	1.55765e+35	1340
2.87387e+15	1.55765e+35	1350
2.87387e+15	1.55765e+35	1360
2.87387e+15	1.55765e+35	1370
2.87387e+15	1.55765e+35	1380
2.87387e+15	1.55765e+35	1390
2.87387e+15	1.55765e+35	1400
2.87387e+15	1.55765e+35	1410
2.87387e+15	1.55765e+35	1420
2.87387e+15	1.55765e+35	1430
2.87387e+15	1.55765e+35	1440
2.87387e+15	1.55765e+35	1450
2.87387e+15	1.55765e+35	1460
2.87387e+15	1.55765e+35	1470
2.87387e+15	1.55765e+35	1480
2.87387e+15	1.55765e+35	1490
2.87387e+15	1.55765e+35	1500
2.87387e+15	1.55765e+35	1510
2.87387e+15	1.55765e+35	1520
2.87387e+15	1.55765e+35	1530
2.87387e+15	1.55765e+35	1540
2.87387e+15	1.55765e+35	1550
2.87387e+15	1.55765e+35	1560
2.87387e+15	1.55765e+35	1570
2.87387e+15	1.55765e+35	1580
2.87387e+15	1.55765e+35	1590
2.87387e+15	1.55765e+35	1600
2.87387e+15	1.55765e+35	1610
2.87387e+15	1.55765e+35	1620
2.87387e+15	1.55765e+35	1630
2.87387e+15	1.55765e+35	1640
2.87387e+15	1.55765e+35	1650
2.87387e+15	1.55765e+35	1660
2.87387e+15	1.55765e+35	1670
2.87387e+15	1.55765e+35	1680
2.87387e+15	1.55765e+35	1690
2.87387e+15	1.55765e+35	1700
2.87387e+15	1.55765e+35	1710
2.87387e+15	1.55765e+35	1720
2.87387e+15	1.55765e+35	1730
2.87387e+15	1.55765e+35	1740
2.87387e+15	1.55765e+35	1750
2.87387e+15	1.55765e+35	1760
2.87387e+15	1.55765e+35	1770
2.87387e+15	1.55765e+35	1780
2.87387e+15	1.55765e+35	1790
2.87387e+15	1.55765e+35	1800
2.87387e+15	1.55765e+35	1810
2.87387e+15	1.55765e+35	1820
2.87387e+15	1.55765e+35	1830
2.87387e+15	1.55765e+35	1840
2.87387e+15	1.55765e+35	1850
2.87387e+15	1.55765e+35	1860
2.87387e+15	1.55765e+35	1870
2.87387e+15	1.55765e+35	1880
2.87387e+15	1.55765e+35	1890
2.87387e+15	1.55765e+35	1900
2.87387e+15	1.55765e+35	1910
2.87387e+15	1.55765e+35	1920
2.87387e+15	1.55765e+35	1930
2.87387e+15	1.55765e+35	1940
2.87387e+15	1.55765e+35	1950
2.87387e+15	1.55765e+35	1960
2.87387e+15	1.55765e+35	1970
2.87387e+15	1.55765e+35	1980
2.87387e+15	1.55765e+35	1990
2.87387e+15	1.55765e+35	2000
2.87387e+15	1.55765e+35	2010
2.87387e+15	1.55765e+35	2020
2.87387e+15	1.55765e+35	2030
2.87387e+15	1.55765e+35	2040
2.87387e+15	1.55765e+35	2050
2.87387e+15	1.55765e+35	2060
2.87387e+15	1.55765e+35	2070
2.87387e+15	1.55765e+35	2080
2.87387e+15	1.55765e+35	2090
2.87387e+15	1.55765e+35	2100
2.87387e+15	1.55765e+35	2110
2.87387e+15	1.55765e+35	2120
2.87387e+15	1.55765e+35	2130
2.87387e+15	1.55765e+35	2140
2.87387e+15	1.55765e+35	2150
2.87387e+15	1.55765e+35	2160
2.87387e+15	1.55765e+35	2170
2.87387e+15	1.55765e+35	2180
2.87387e+15	1.55765e+35	2190
2.87387e+15	1.55765e+35	2200
2.87387e+15	1.55765e+35	2210
2.87387e+15	1.55765e+35	2220
2.87387e+15	1.55765e+35	2230
2.87387e+15	1.55765e+35	2240
2.87387e+15	1.55765e+35	2250
2.87387e+15	1.55765e+35	2260
2.87387e+15	1.55765e+35	2270
2.87387e+15	1.55765e+35	2280
2.87387e+15	1.55765e+35	2290
2.87387e+15	1.55765e+35	2300
2.87387e+15	1.55765e+35	2310
2.87387e+15	1.55765e+35	2320
2.87387e+15	1.55765e+35	2330
2.87387e+15	1.55765e+35	2340
2.87387e+15	1.55765e+35	2350
2.87387e+15	1.55765e+35	2360
2.87387e+15	1.55765e+35	2370
2.87387e+15	1.55765e+35	2380
2.87387e+15	1.55765e+35	2390
2.87387e+15	1.55765e+35	2400
2.87387e+15	1.55765e+35	2410
2.87387e+15	1.55765e+35	2420
2.87387e+15	1.55765e+35	2430
2.87387e+15	1.55765e+35	2440
2.87387e+15	1.55765e+35	2450
2.87387e+15	1.55765e+35	2460
2.87387e+15	1.55765e+35	2470
2.87387e+15	1.55765e+35	2480
2.87387e+15	1.55765e+35	2490
2.87387e+15	1.55765e+35	2500
2.87387e+15	1.55765e+35	2510
2.87387e+15	1.55765e+35	2520
2.87387e+15	1.55765e+35	2530
2.87387e+15	1.55765e+35	2540
2.87387e+15	1.55765e+35	2550
2.87387e+15	1.55765e+35	2560
2.87387e+15	1.55765e+35	2570
2.87387e+15	1.55765e+35	2580
2.87387e+15	1.55765e+35	2590
2.87387e+15	1.55765e+35	2600
2.87387e+15	1.55765e+35	2610
2.87387e+15	1.55765e+35	2620
2.87387e+15	1.55765e+35	2630
2.87387e+15	1.55765e+35	2640
2.87387e+15	1.55765e+35	2650
2.87387e+15	1.55765e+35	2660
2.87387e+15	1.55765e+35	2670
2.87387e+15	1.55765e+35	2680
2.87387e+15	1.55765e+35	2690
2.87387e+15	1.55765e+35	2700
2.87387e+15	1.55765e+35	2710
2.87387e+15	1.55765e+35	2720
2.87387e+15	1.55765e+35	2730
2.87387e+15	1.55765e+35	2740
2.87387e+15	1.55765e+35	2750
2.87387e+15	1.55765e+35	2760
2.87387e+15	1.55765e+35	2770
2.87387e+15	1.55765e+35	2780
2.87387e+15	1.55765e+35	2790
2.87387e+15	1.55765e+35	2800
2.87387e+15	1.55765e+35	2810
2.87387e+15	1.55765e+35	2820
2.87387e+15	1.55765e+35	2830
2.87387e+15	1.55765e+35	2840
2.87387e+15	1.55765e+35	2850
2.87387e+15	1.55765e+35	2860
2.87387e+15	1.55765e+35	2870
2.87387e+15	1.55765e+35	2880
2.87387e+15	1.55765e+35	2890
2.87387e+15	1.55765e+35	2900
2.87387e+15	1.55765e+35	2910
2.87387e+15	1.55765e+35	2920
2.87387e+15	1.55765e+35	2930
2.87387e+15	1.55765e+35	2940
2.87387e+15	1.55765e+35	2950
2.87387e+15	1.55765e+35	2960
2.87387e+15	1.55765e+35	2970
2.87387e+15	1.55765e+35	2980
2.87387e+15	1.55765e+35	2990
2.87387e+15	1.55765e+35	3000
2.87387e+15	1.55765e+35	3010
2.87387e+15	1.55765e+35	3020
2.87387e+15	1.55765e+35	3030
2.87387e+15	1.55765e+35	3040
2.87387e+15	1.55765e+35	3050
2.87387e+15	1.55765e+35	3060
2.87387e+15	1.55765e+35	3070
2.87387e+15	1.55765e+35	3080
2.87387e+15	1.55765e+35	3090
2.87387e+15	1.55765e+35	3100
2.87387e+15	1.55765e+35	3110
2.87387e+15	1.55765e+35	3120
2.87387e+15	1.55765e+35	3130
2.87387e+15	1.55765e+35	3140
2.87387e+15	1.55765e+35	3150
2.87387e+15	1.55765e+35	3160
2.87387e+15	1.55765e+35	3170
2.87387e+15	1.55765e+35	3180
2.87387e+15	1.55765e+35	3190
2.87387e+15	1.55765e+35	3200
2.87387e+15	1.55765e+35	3210
2.87387e+15	1.55765e+35	3220
2.87387e+15	1.55765e+35	3230
2.87387e+15	1.55765e+35	3240
2.87387e+15	1.55765e+35	3250
2.87387e+15	1.55765e+35	3260
2.87387e+15	1.55765e+35	3270
2.87387e+15	1.55765e+35	3280
2.87387e+15	1.55765e+35	3290
2.87387e+15	1.55765e+35	3300
2.87387e+15	1.55765e+35	3310
2.87387e+15	1.55765e+35	3320
2.87387e+15	1.55765e+35	3330
2.87387e+15	1.55765e+35	3340
2.87387e+15	1.55765e+35	3350
2.87387e+15	1.55765e+35	3360
2.87387e+15	1.55765e+35	3370
2.87387e+15	1.55765e+35	3380
2.87387e+15	1.55765e+35	3390
2.87387e+15	1.55765e+35	3400
2.87387e+15	1.55765e+35	3410
2.87387e+15	1.55765e+35	3420
2.87387e+15	1.55765e+35	3430
2.87387e+15	1.55765e+35	3440
2.87387e+15	1.55765e+35	3450
2.87387e+15	1.55765e+35	3460
2.87387e+15	1.55765e+35	3470
2.87387e+15	1.55765e+35	3480
2.87387e+15	1.55765e+35	3490
2.87387e+15	1.55765e+35	3500
2.87387e+15	1.55765e+35	3510
2.87387e+15	1.55765e+35	3520
2.87387e+15	1.55765e+35	3530
2.87387e+15	1.55765e+35	3540
2.87387e+15	1.55765e+35	3550
2.87387e+15	1.55765e+35	3560
2.87387e+15	1.55765e+35	3570
2.87387e+15	1.55765e+35	3580
2.87387e+15	1.55765e+35	3590
2.87387e+15	1.55765e+35	3600
2.87387e+15	1.55765e+35	3610
2.87387e+15	1.55765e+35	3620
2.87387e+15	1.55765e+35	3630
2.87387e+15	1.55765e+35	3640
2.87387e+15	1.55765e+35	3650
2.87387e+15	1.55765e+35	3660
2.87387e+15	1.55765e+35	3670
2.87387e+15	1.55765e+35	3680
2.87387e+15	1.55765e+35	3690
2.87387e+15	1.55765e+35	3700
2.87387e+15	1.55765e+35	3710
2.87387e+15	1.55765e+35	3720
2.87387e+15	1.55765e+35	3730
2.87387e+15	1.55765e+35	3740
2.87387e+15	1.55765e+35	3750
2.87387e+15	1.55765e+35	3760
2.87387e+15	1.55765e+35	3770
2.87387e+15	1.55765e+35	3780
2.87387e+15	1.55765e+35	3790
2.87387e+15	1.55765e+35	3800
2.87387e+15	1.55765e+35	3810
2.87387e+15	1.55765e+35	3820
2.87387e+15	1.55765e+35	3830
2.87387e+15	1.55765e+35	3840
2.87387e+15	1.55765e+35	3850
2.87387e+15	1.55765e+35	3860
2.87387e+15	1.55765e+35	3870
2.87387e+15	1.55765e+35	3880
2.87387e+15	1.55765e+35	3890
2.87387e+15	1.55765e+35	3900
2.87387e+15	1.55765e+35	3910
2.87387e+15	1.55765e+35	3920
2.87387e+15	1.55765e+35	3930
2.87387e+15	1.55765e+35	3940
2.87387e+15	1.55765e+35	3950
2.87387e+15	1.55765e+35	3960
2.87387e+15	1.55765e+35	3970
2.87387e+15	1.55765e+35	3980
2.87387e+15	1.55765e+35	3990
2.87387e+15	1.55765e+35	4000
2.87387e+15	1.55765e+35	4010
2.87387e+15	1.55765e+35	4020
2.87387e+15	1.55765e+35	4030
2.87387e+15	1.55765e+35	4040
2.87387e+15	1.55765e+35	4050
2.87387e+15	1.55765e+35	4060
2.87387e+15	1.55765e+35	4070
2.87387e+15	1.55765e+35	4080
2.87387e+15	1.55765e+35	4090
2.87387e+15	1.55765e+35	4100
2.87387e+15	1.55765e+35	4110
2.87387e+15	1.55765e+35	4120
2.87387e+15	1.55765e+35	4130
2.87387e+15	1.55765e+35	4140
2.87387e+15	1.55765e+35	4150
2.87387e+15	1.55765e+35	4160
2.87387e+15	1.55765e+35	4170
2.87387e+15	1.55765e+35	4180
2.87387e+15	1.55765e+35	4190
2.87387e+15	1.55765e+35	4200
2.87387e+15	1.55765e+35	4210
2.87387e+15	1.55765e+35	4220
2.87387e+15	1.55765e+35	4230
2.87387e+15	1.55765e+35	4240
2.87387e+15	1.55765e+35	4250
2.87387e+15	1.55765e+35	4260
2.87387e+15	1.55765e+35	4270
2.87387e+15	1.55765e+35	4280
2.87387e+15	1.55765e+35	4290
2.87387e+15	1.55765e+35	4300
2.87387e+15	1.55765e+35	4310
2.87387e+15	1.55765e+35	4320
2.87387e+15	1.55765e+35	4330
2.87387e+15	1.55765e+35	4340
2.87387e+15	1.55765e+35	4350
2.87387e+15	1.55765e+35	4360
2.87387e+15	1.55765e+35	4370
2.87387e+15	1.55765e+35	4380
2.87387e+15	1.55765e+35	4390
2.87387e+15	1.55765e+35	4400
2.87387e+15	1.55765e+35	4410
2.87387e+15	1.55765e+35	4420
2.87387e+15	1.55765e+35	4430
2.87387e+15	1.55765e+35	4440
2.87387e+15	1.55765e+35	4450
2.87387e+15	1.55765e+35	4460
2.87387e+15	1.55765e+35	4470
2.87387e+15	1.55765e+35	4480
2.87387e+15	1.55765e+35	4490
2.87387e+15	1.55765e+35	4500
2.87387e+15	1.55765e+35	4510
2.87387e+15	1.55765e+35	4520
2.87387e+15	1.55765e+35	4530
2.87387e+15	1.55765e+35	4540
2.87387e+15	1.55765e+35	4550
2.87387e+15	1.55765e+35	4560
2.87387e+15	1.55765e+35	4570
2.87387e+15	1.55765e+35	4580
2.87387e+15	1.55765e+35	4590
2.87387e+15	1.55765e+35	4600
2.87387e+15	1.55765e+35	4610
2.87387e+15	1.55765e+35	4620
2.87387e+15	1.55765e+35	4630
2.87387e+15	1.55765e+35	4640
2.87387e+15	1.55765e+35	4650
2.87387e+15	1.55765e+35	4660
2.87387e+15	1.55765e+35	4670
2.87387e+15	1.55765e+35	4680
2.87387e+15	1.55765e+35	4690
2.87387e+15	1.55765e+35	4700
2.87387e+15	1.55765e+35	4710
2.87387e+15	1.55765e+35	4720
2.87387e+15	1.55765e+35	4730
2.87387e+15	1.55765e+35	4740
2.87387e+15	1.55765e+35	4750
2.87387e+15	1.55765e+35	4760
2.87387e+15	1.55765e+35	4770
2.87387e+15	1.55765e+35	4780
2.87387e+15	1.55765e+35	4790
2.87387e+15	1.55765e+35	4800
2.87387e+15	1.55765e+35	4810
2.87387e+15	1.55765e+35	4820
2.87387e+15	1.55765e+35	4830
2.87387e+15	1.55765e+35	4840
2.87387e+15	1.55765e+35	4850
2.87387e+15	1.55765e+35	4860
2.87387e+15	1.55765e+35	4870
2.87387e+15	1.55765e+35	4880
2.87387e+15	1.55765e+35	4890
2.87387e+15	1.55765e+35	4900
2.87387e+15	1.55765e+35	4910
2.87387e+15	1.55765e+35	4920
2.87387e+15	1.55765e+35	4930
2.87387e+15	1.55765e+35	4940
2.87387e+15	1.55765e+35	4950
2.87387e+15	1.55765e+35	4960
2.87387e+15	1.55765e+35	4970
2.87387e+15	1.55765e+35	4980
2.87387e+15	1.55765e+35	4990
2.87387e+15	1.55765e+35	5000
2.87387e+15	1.55765e+35	5010
2.87387e+15	1.55765e+35	5020
2.87387e+15	1.55765e+35	5030
2.87387e+15	1.55765e+35	5040
2.87387e+15	1.55765e+35	5050
2.87387e+15	1.55765e+35	5060
2.87387e+15	1.55765e+35	5070
2.87387e+15	1.55765e+35	5080
2.87387e+15	1.55765e+35	5090
2.87387e+15	1.55765e+35	5100
2.87387e+15	1.55765e+35	5110
2.87387e+15	1.55765e+35	5120
2.87387e+15	1.55765e+35	5130
2.87387e+15	1.55765e+35	5140
2.87387e+15	1.55765e+35	5150
2.87387e+15	1.55765e+35	5160
2.87387e+15	1.55765e+35	5170
2.87387e+15	1.55765e+35	5180
2.87387e+15	1.55765e+35	5190
2.87387e+15	1.55765e+35	5200
2.87387e+15	1.55765e+35	5210
2.87387e+15	1.55765e+35	5220
2.87387e+15	1.55765e+35	5230
2.87387e+15	1.55765e+35	5240
2.87387e+15	1.55765e+35	5250
2.87387e+15	1.55765e+35	5260
2.87387e+15	1.55765e+35	5270
2.87387e+15	1.55765e+35	5280
2.87387e+15	1.55765e+35	5290
2.87387e+15	1.55765e+35	5300
2.87387e+15	1.55765e+35	5310
2.87387e+15	1.55765e+35	5320
2.87387e+15	1.55765e+35	5330
2.87387e+15	1.55765e+35	5340
2.87387e+15	1.55765e+35	5350
2.87387e+15	1.55765e+35	5360
2.87387e+15	1.55765e+35	5370
2.87387e+15	1.55765e+35	5380
2.87387e+15	1.55765e+35	5390
2.87387e+15	1.55765e+35	5400
2.87387e+15	1.55765e+35	5410
2.87387e+15	1.55765e+35	5420
2.87387e+15	1.55765e+35	5430
2.87387e+15	1.55765e+35	5440
2.87387e+15	1.55765e+35	5450
2.87387e+15	1.55765e+35	5460
2.87387e+15	1.55765e+35	5470
2.87387e+15	1.55765e+35	5480
2.87387e+15	1.55765e+35	5490
2.87387e+15	1.55765e+35	5500
2.87387e+15	1.55765e+35	5510
2.87387e+15	1.55765e+35	5520
2.87387e+15	1.55765e+35	5530
2.87387e+15	1.55765e+35	5540
2.87387e+15	1.55765e+35	5550
2.87387e+15	1.55765e+35	5560
2.87387e+15	1.55765e+35	5570
2.87387e+15	1.55765e+35	5580
2.87387e+15	1.55765e+35	5590
2.87387e+15	1.55765e+35	5600
2.87387e+15	1.55765e+35	5610
2.87387e+15	1.55765e+35	5620
2.87387e+15	1.55765e+35	5630
2.87387e+15	1.55765e+35	5640
2.87387e+15	1.55765e+35	5650
2.87387e+15	1.55765e+35	5660
2.87387e+15	1.55765e+35	5670
2.87387e+15	1.55765e+35	5680
2.87387e+15	1.55765e+35	5690
2.87387e+15	1.55765e+35	5700
2.87387e+15	1.55765e+35	5710
2.87387e+15	1.55765e+35	5720
2.87387e+15	1.55765e+35	5730
2.87387e+15	1.55765e+35	5740
2.87387e+15	1.55765e+35	5750
2.87387e+15	1.55765e+35	5760
2.87387e+15	1.55765e+35	5770
2.87387e+15	1.55765e+35	5780
2.87387e+15	1.55765e+35	5790
2.87387e+15	1.55765e+35	5800
2.87387e+15	1.55765e+35	5810
2.87387e+15	1.55765e+35	5820
2.87387e+15	1.55765e+35	5830
2.87387e+15	1.55765e+35	5840
2.87387e+15	1.55765e+35	5850
2.87387e+15	1.55765e+35	5860
2.87387e+15	1.55765e+35	5870
2.87387e+15	1.55765e+35	5880
2.87387e+15	1.55765e+35	5890
2.87387e+15	1.55765e+35	5900
2.87387e+15	1.55765e+35	5910
2.87387e+15	1.55765e+35	5920
2.87387e+15	1.55765e+35	5930
2.87387e+15	1.55765e+35	5940
2.87387e+15	1.55765e+35	5950
2.87387e+15	1.55765e+35	5960
2.87387e+15	1.55765e+35	5970
2.87387e+15	1.55765e+35	5980
2.87387e+15	1.55765e+35	5990
2.87387e+15	1.55765e+35	6000
2.87387e+15	1.55765e+35	6010
2.87387e+15	1.55765e+35	6020
2.87387e+15	1.55765e+35	6030
2.87387e+15	1.55765e+35	6040
2.87387e+15	1.55765e+35	6050
2.87387e+15	1.55765e+35	6060
2.87387e+15	1.55765e+35	6070
2.87387e+15	1.55765e+35	6080
2.87387e+15	1.55765e+35	6090
2.87387e+15	1.55765e+35	6100
2.87387e+15	1.55765e+35	6110
2.87387e+15	1.55765e+35	6120
2.87387e+15	1.55765e+35	6130
2.87387e+15	1.55765e+35	6140
2.87387e+15	1.55765e+35	6150
2.87387e+15	1.55765e+35	6160
2.87387e+15	1.55765e+35	6170
2.87387e+15	1.55765e+35	6180
2.87387e+15	1.55765e+35	6190
2.87387e+15	1.55765e+35	6200
2.87387e+15	1.55765e+35	6210
2.87387e+15	1.55765e+35	6220
2.87387e+15	1.55765e+35	6230
2.87387e+15	1.55765e+35	6240
2.87387e+15	1.55765e+35	6250
2.87387e+15	1.55765e+35	6260
2.87387e+15	1.55765e+35	6270
2.87387e+15	1.55765e+35	6280
2.87387e+15	1.55765e+35	6290
2.87387e+15	1.55765e+35	6300
2.87387e+15	1.55765e+35	6310
2.87387e+15	1.55765e+35	6320
2.87387e+15	1.55765e+35	6330
2.87387e+15	1.55765e+35	6340
2.87387e+15	1.55765e+35	6350
2.87387e+15	1.55765e+35	6360
2.87387e+15	1.55765e+35	6370
2.87387e+15	1.55765e+35	6380
2.87387e+15	1.55765e+35	6390
2.87387e+15	1.55765e+35	6400
2.87387e+15	1.55765e+35	6410
2.87387e+15	1.55765e+35	6420
2.87387e+15	1.55765e+35	6430
2.87387e+15	1.55765e+35	6440
2.87387e+15	1.55765e+35	6450
2.87387e+15	1.55765e+35	6460
2.87387e+15	1.55765e+35	6470
2.87387e+15	1.55765e+35	6480
2.87387e+15	1.55765e+35	6490
2.87387e+15	1.55765e+35	6500
2.87387e+15	1.55765e+35	6510
2.87387e+15	1.55765e+35	6520
2.87387e+15	1.55765e+35	6530
2.87387e+15	1.55765e+35	6540
2.87387e+15	1.55765e+35	6550
2.87387e+15	1.55765e+35	6560
2.87387e+15	1.55765e+35	6570
2.87387e+15	1.55765e+35	6580
2.87387e+15	1.55765e+35	6590
2.87387e+15	1.55765e+35	6600
2.87387e+15	1.55765e+35	6610
2.87387e+15	1.55765e+35	6620
2.87387e+15	1.55765e+35	6630
2.87387e+15	1.55765e+35	6640
2.87387e+15	1.55765e+35	6650
2.87387e+15	1.55765e+35	6660
2.87387e+15	1.55765e+35	6670
2.87387e+15	1.55765e+35	6680
2.87387e+15	1.55765e+35	6690
2.87387e+15	1.55765e+35	6700
2.87387e+15	1.55765e+35	6710
2.87387e+15	1.55765e+35	6720
2.87387e+15	1.55765e+35	6730
2.87387e+15	1.55765e+35	6740
2.87387e+15	1.55765e+35	6750
2.87387e+15	1.55765e+35	6760
2.87387e+15	1.55765e+35	6770
2.87387e+15	1.55765e+35	6780
2.87387e+15	1.55765e+35	6790
2.87387e+15	1.55765e+35	6800
2.87387e+15	1.55765e+35	6810
2.87387e+15	1.55765e+35	6820
2.87387e+15	1.55765e+35	6830
2.87387e+15	1.55765e+35	6840
2.87387e+15	1.55765e+35	6850
2.87387e+15	1.55765e+35	6860
2.87387e+15	1.55765e+35	6870
2.87387e+15	1.55765e+35	6880
2.87387e+15	1.55765e+35	6890
2.87387e+15	1.55765e+35	6900
2.87387e+15	1.55765e+35	6910
2.87387e+15	1.55765e+35	6920
2.87387e+15	1.55765e+35	6930
2.87387e+15	1.55765e+35	6940
2.87387e+15	1.55765e+35	6950
2.87387e+15	1.55765e+35	6960
2.87387e+15	1.55765e+35	6970
2.87387e+15	1.55765e+35	6980
2.87387e+15	1.55765e+35	6990
2.87387e+15	1.55765e+35	7000
2.87387e+15	1.55765e+35	7010
2.87387e+15	1.55765e+35	7020
2.87387e+15	1.55765e+35	7030
2.87387e+15	1.55765e+35	7040
2.87387e+15	1.55765e+35	7050
2.87387e+15	1.55765e+35	7060
2.87387e+15	1.55765e+35	7070
2.87387e+15	1.55765e+35	7080
2.87387e+15	1.55765e+35	7090
2.87387e+15	1.55765e+35	7100
2.87387e+15	1.55765e+35	7110
2.87387e+15	1.55765e+35	7120
2.87387e+15	1.55765e+35	7130
2.87387e+15	1.55765e+35	7140
2.87387e+15	1.55765e+35	7150
2.87387e+15	1.55765e+35	7160
2.87387e+15	1.55765e+35	7170
2.87387e+15	1.55765e+35	7180
2.87387e+15	1.55765e+35	7190
2.87387e+15	1.55765e+35	7200
2.87387e+15	1.55765e+35	7210
2.87387e+15	1.55765e+35	7220
2.87387e+15	1.55765e+35	7230
2.87387e+15	1.55765e+35	7240
2.87387e+15	1.55765e+35	7250
2.87387e+15	1.55765e+35	7260
2.87387e+15	1.55765e+35	7270
2.87387e+15	1.55765e+35	7280
2.87387e+15	1.55765e+35	7290
2.87387e+15	1.55765e+35	7300
2.87387e+15	1.55765e+35	7310
2.87387e+15	1.55765e+35	7320
2.87387e+15	1.55765e+35	7330
2.87387e+15	1.55765e+35	7340
2.87387e+15	1.55765e+35	7350
2.87387e+15	1.55765e+35	7360
2.87387e+15	1.55765e+35	7370
2.87387e+15	1.55765e+35	7380
2.87387e+15	1.55765e+35	7390
2.87387e+15	1.55765e+35	7400
2.87387e+15	1.55765e+35	7410
2.87387e+15	1.55765e+35	7420
2.87387e+15	1.55765e+35	7430
2.87387e+15	1.55765e+35	7440
2.87387e+15	1.55765e+35	7450
2.87387e+15	1.55765e+35	7460
2.87387e+15	1.55765e+35	7470
2.87387e+15	1.55765e+35	7480
2.87387e+15	1.55765e+35	7490
2.87387e+15	1.55765e+35	7500
2.87387e+15	1.55765e+35	7510
2.87387e+15	1.55765e+35	7520
2.87387e+15	1.55765e+35	7530
2.87387e+15	1.55765e+35	7540
2.87387e+15	1.55765e+35	7550
2.87387e+15	1.55765e+35	7560
2.87387e+15	1.55765e+35	7570
2.87387e+15	1.55765e+35	7580
2.87387e+15	1.55765e+35	7590
2.87387e+15	1.55765e+35	7600
2.87387e+15	1.55765e+35	7610
2.87387e+15	1.55765e+35	7620
2.87387e+15	1.55765e+35	7630
2.87387e+15	1.55765e+35	7640
2.87387e+15	1.55765e+35	7650
2.87387e+15	1.55765e+35	7660
2.87387e+15	1.55765e+35	7670
2.87387e+15	1.55765e+35	7680
2.87387e+15	1.55765e+35	7690
2.87387e+15	1.55765e+35	7700
2.87387e+15	1.55765e+35	7710
2.87387e+15	1.55765e+35	7720
2.87387e+15	1.55765e+35	7730
2.87387e+15	1.55765e+35	7740
2.87387e+15	1.55765e+35	7750
2.87387e+15	1.55765e+35	7760
2.87387e+15	1.55765e+35	7770
2.87387e+15	1.55765e+35	7780
2.87387e+15	1.55765e+35	7790
2.87387e+15	1.55765e+35	7800
2.87387e+15	1.55765e+35	7810
2.87387e+15	1.55765e+35	7820
2.87387e+15	1.55765e+35	7830
2.87387e+15	1.55765e+35	7840
2.87387e+15	1.55765e+35	7850
2.87387e+15	1.55765e+35	7860
2.87387e+15	1.55765e+35	7870
2.87387e+15	1.55765e+35	7880
2.87387e+15	1.55765e+35	7890
2.87387e+15	1.55765e+35	7900
2.87387e+15	1.55765e+35	7910
2.87387e+15	1.55765e+35	7920
2.87387e+15	1.55765e+35	7930
2.87387e+15	1.55765e+35	7940
2.87387e+15	1.55765e+35	7950
2.87387e+15	1.55765e+35	7960
2.87387e+15	1.55765e+35	7970
2.87387e+15	1.55765e+35	7980
2.87387e+15	1.55765e+35	7990
2.87387e+15	1.55765e+35	8000
2.87387e+15	1.55765e+35	8010
2.87387e+15	1.55765e+35	8020
2.87387e+15	1.55765e+35	8030
2.87387e+15	1.55765e+35	8040
2.87387e+15	1.55765e+35	8050
2.87387e+15	1.55765e+35	8060
2.87387e+15	1.55765e+35	8070
2.87387e+15	1.55765e+35	8080
2.87387e+15	1.55765e+35	8090
2.87387e+15	1.55765e+35	8100
2.87387e+15	1.55765e+35	8110
2.87387e+15	1.55765e+35	8120
2.87387e+15	1.55765e+35	8130
2.87387e+15	1.55765e+35	8140
2.87387e+15	1.55765e+35	8150
2.87387e+15	1.55765e+35	8160
2.87387e+15	1.55765e+35	8170
2.87387e+15	1.55765e+35	8180
2.87387e+15	1.55765e+35	8190
2.87387e+15	1.55765e+35	8200
2.87387e+15	1.55765e+35	8210
2.87387e+15	1.55765e+35	8220
2.87387e+15	1.55765e+35	8230
2.87387e+15	1.55765e+35	8240
2.87387e+15	1.55765e+35	8250
2.87387e+15	1.55765e+35	8260
2.87387e+15	1.55765e+35	8270
2.87387e+15	1.55765e+35	8280
2.87387e+15	1.55765e+35	8290
2.87387e+15	1.55765e+35	8300
2.87387e+15	1.55765e+35	8310
2.87387e+15	1.55765e+35	8320
2.87387e+15	1.55765e+35	8330
2.87387e+15	1.55765e+35	8340
2.87387e+15	1.55765e+35	8350
2.87387e+15	1.55765e+35	8360
2.87387e+15	1.55765e+35	8370
2.87387e+15	1.55765e+35	8380
2.87387e+15	1.55765e+35	8390
2.87387e+15	1.55765e+35	8400
2.87387e+15	1.55765e+35	8410
2.87387e+15	1.55765e+35	8420
2.87387e+15	1.55765e+35	8430
2.87387e+15	1.55765e+35	8440
2.87387e+15	1.55765e+35	8450
2.87387e+15	1.55765e+35	8460
2.87387e+15	1.55765e+35	8470
2.87387e+15	1.55765e+35	8480
2.87387e+15	1.55765e+35	8490
2.87387e+15	1.55765e+35	8500
2.87387e+15	1.55765e+35	8510
2.87387e+15	1.55765e+35	8520
2.87387e+15	1.55765e+35	8530
2.87387e+15	1.55765e+35	8540
2.87387e+15	1.55765e+35	8550
2.87387e+15	1.55765e+35	8560
2.87387e+15	1.55765e+35	8570
2.87387e+15	1.55765e+35	8580
2.87387e+15	1.55765e+35	8590
2.87387e+15	1.55765e+35	8600
2.87387e+15	1.55765e+35	8610
2.87387e+15	1.55765e+35	8620
2.87387e+15	1.55765e+35	8630
2.87387e+15	1.55765e+35	8640
2.87387e+15	1.55765e+35	8650
2.87387e+15	1.55765e+35	8660
2.87387e+15	1.55765e+35	8670
2.87387e+15	1.55765e+35	8680
2.87387e+15	1.55765e+35	8690
2.87387e+15	1.55765e+35	8700
2.87387e+15	1.55765e+35	8710
2.87387e+15	1.55765e+35	8720
2.87387e+15	1.55765e+35	8730
2.87387e+15	1.55765e+35	8740
2.87387e+15	1.55765e+35	8750
2.87387e+15	1.55765e+35	8760
2.87387e+15	1.55765e+35	8770
2.87387e+15	1.55765e+35	8780
2.87387e+15	1.55765e+35	8790
2.87387e+15	1.55765e+35	8800
2.87387e+15	1.55765e+35	8810
2.87387e+15	1.55765e+35	8820
2.87387e+15	1.55765e+35	8830
2.87387e+15	1.55765e+35	8840
2.87387e+15	1.55765e+35	8850
2.87387e+15	1.55765e+35	8860
2.87387e+15	1.55765e+35	8870
2.87387e+15	1.55765e+35	8880
2.87387e+15	1.55765e+35	8890
2.87387e+15	1.55765e+35	8900
2.87387e+15	1.55765e+35	8910
2.87387e+15	1.55765e+35	8920
2.87387e+15	1.55765e+35	8930
2.87387e+15	1.55765e+35	8940
2.87387e+15	1.55765e+35	8950
2.87387e+15	1.55765e+35	8960
2.87387e+15	1.55765e+35	8970
2.87387e+15	1.55765e+35	8980
2.87387e+15	1.55765e+35	8990
2.87387e+15	1.55765e+35	9000
2.87387e+15	1.55765e+35	9010
2.87387e+15	1.55765e+35	9020
2.87387e+15	1.55765e+35	9030
2.87387e+15	1.55765e+35	9040
2.87387e+15	1.55765e+35	9050
2.87387e+15	1.55765e+35	9060
2.87387e+15	1.55765e+35	9070
2.87387e+15	1.55765e+35	9080
2.87387e+15	1.55765e+35	9090
2.87387e+15	1.55765e+35	9100
2.87387e+15	1.55765e+35	9110
2.87387e+15	1.55765e+35	9120
2.87387e+15	1.55765e+35	9130
2.87387e+15	1.55765e+35	9140
2.87387e+15	1.55765e+35	9150
2.87387e+15	1.55765e+35	9160
2.87387e+15	1.55765e+35	9170
2.87387e+15	1.55765e+35	9180
2.87387e+15	1.55765e+35	9190
2.87387e+15	1.55765e+35	9200
2.87387e+15	1.55765e+35	9210
2.87387e+15	1.55765e+35	9220
2.87387e+15	1.55765e+35	9230
2.87387e+15	1.55765e+35	9240
2.87387e+15	1.55765e+35	9250
2.87387e+15	1.55765e+35	9260
2.87387e+15	1.55765e+35	9270
2.87387e+15	1.55765e+35	9280
2.87387e+15	1.55765e+35	9290
2.87387e+15	1.55765e+35	9300
2.87387e+15	1.55765e+35	9310
2.87387e+15	1.55765e+35	9320
2.87387e+15	1.55765e+35	9330
2.87387e+15	1.55765e+35	9340
2.87387e+15	1.55765e+35	9350
2.87387e+15	1.55765e+35	9360
2.87387e+15	1.55765e+35	9370
2.87387e+15	1.55765e+35	9380
2.87387e+15	1.55765e+35	9390
2.87387e+15	1.55765e+35	9400
2.87387e+15	1.55765e+35	9410
2.87387e+15	1.55765e+35	9420
2.87387e+15	1.55765e+35	9430
2.87387e+15	1.55765e+35	9440
2.87387e+15	1.55765e+35	9450
2.87387e+15	1.55765e+35	9460
2.87387e+15	1.55765e+35	9470
2.87387e+15	1.55765e+35	9480
2.87387e+15	1.55765e+35	9490
2.87387e+15	1.55765e+35	9500
2.87387e+15	1.55765e+35	9510
2.87387e+15	1.55765e+35	9520
2.87387e+15	1.55765e+35	9530
2.87387e+15	1.55765e+35	9540
2.87387e+15	1.55765e+35	9550
2.87387e+15	1.55765e+35	9560
2.87387e+15	1.55765e+35	9570
2.87387e+15	1.55765e+35	9580
2.87387e+15	1.55765e+35	9590
2.87387e+15	1.55765e+35	9600
2.87387e+15	1.55765e+35	9610
2.87387e+15	1.55765e+35	9620
2.87387e+15	1.55765e+35	9630
2.87387e+15	1.55765e+35	9640
2.87387e+15	1.55765e+35	9650
2.87387e+15	1.55765e+35	9660
2.87387e+15	1.55765e+35	9670
2.87387e+15	1.55765e+35	9680
2.87387e+15	1.55765e+35	9690
2.87387e+15	1.55765e+35	9700
2.87387e+15	1.55765e+35	9710
2.87387e+15	1.55765e+35	9720
2.87387e+15	1.55765e+35	9730
2.87387e+15	1.55765e+35	9740
2.87387e+15	1.55765e+35	9750
2.87387e+15	1.55765e+35	9760
2.87387e+15	1.55765e+35	9770
2.87387e+15	1.55765e+35	9780
2.87387e+15	1.55765e+35	9790
2.87387e+15	1.55765e+35	9800
2.87387e+15	1.55765e+35	9810
2.87387e+15	1.55765e+35	9820
2.87387e+15	1.55765e+35	9830
2.87387e+15	1.55765e+35	9840
2.87387e+15	1.55765e+35	9850
2.87387e+15	1.55765e+35	9860
2.87387e+15	1.55765e+35	9870
2.87387e+15	1.55765e+35	9880
2.87387e+15	1.55765e+35	9890
2.87387e+15	1.55765e+35	9900
2.87387e+15	1.55765e+35	9910
2.87387e+15	1.55765e+35	9920
2.87387e+15	1.55765e+35	9930
2.87387e+15	1.55765e+35	9940
2.87387e+15	1.55765e+35	9950
2.87387e+15	1.55765e+35	9960
2.87387e+15	1.55765e+35	9970
2.87387e+15	1.55765e+35	9980
2.87387e+15	1.55765e+35	9990
2.87387e+15	1.55765e+35	10000
