6.92839e-19	0.000288947	0
6.93829e-19	0.0350104	10
6.96438e-19	0.128068	20
7.00702e-19	0.280759	30
7.06681e-19	0.495254	40
7.14464e-19	0.774706	50
7.24169e-19	1.1234	60
7.35954e-19	1.54697	70
7.5002e-19	2.05271	80
7.66628e-19	2.64997	90
7.86113e-19	3.35076	100
8.08903e-19	4.17052	110
8.35554e-19	5.12925	120
8.66793e-19	6.25307	130
9.03579e-19	7.5765	140
9.47199e-19	9.1457	150
9.99397e-19	11.0234	160
1.06259e-18	13.2964	170
1.14017e-18	16.0866	180
1.237e-18	19.569	190
1.36023e-18	23.9996	200
1.5204e-18	29.7574	210
1.73331e-18	37.4091	220
2.02164e-18	47.7702	230
2.41258e-18	61.8239	240
2.90764e-18	79.6674	250
3.31483e-18	94.6044	260
2.76667e-18	75.7634	270
1.27409e-18	21.2628	280
2.32001e-18	57.6711	290
3.39749e-18	97.5252	300
3.19468e-18	90.5953	310
2.73578e-18	73.9979	320
2.36833e-18	60.6415	330
2.11923e-18	51.5715	340
1.96318e-18	45.8797	350
1.87678e-18	42.7159	360
1.84505e-18	41.5339	370
1.86045e-18	42.0574	380
1.92172e-18	44.2368	390
2.03355e-18	48.2386	400
2.20725e-18	54.4662	410
2.46063e-18	63.5609	420
2.80992e-18	76.1181	430
3.21772e-18	90.8595	440
3.37379e-18	96.8623	450
2.59048e-18	69.0944	460
2.1747e-18	53.1281	470
2.81319e-18	76.0309	480
3.40593e-18	97.6495	490
3.48898e-18	100.92	500
3.30186e-18	94.1989	510
3.14213e-18	88.358	520
3.10911e-18	87.0725	530
3.21849e-18	90.9306	540
3.46465e-18	99.7419	550
3.81644e-18	112.388	560
4.29752e-18	129.677	570
4.59704e-18	140.954	580
3.64689e-18	107.362	590
2.9876e-18	82.2474	600
4.42087e-18	133.649	610
4.99012e-18	155.001	620
4.92592e-18	152.643	630
4.86317e-18	150.617	640
4.32528e-18	131.199	650
4.20679e-18	126.672	660
4.14542e-18	124.424	670
4.38951e-18	132.974	680
4.7893e-18	147.541	690
4.70057e-18	144.657	700
4.68427e-18	143.785	710
4.65918e-18	142.885	720
5.26737e-18	164.442	730
5.58669e-18	176.588	740
5.29142e-18	165.712	750
5.57348e-18	175.866	760
5.73358e-18	181.251	770
6.75958e-18	218.372	780
7.00741e-18	227.835	790
6.4168e-18	206.714	800
6.82094e-18	220.44	810
7.58139e-18	248.192	820
7.57793e-18	248.305	830
7.9947e-18	263.221	840
7.4338e-18	243.45	850
6.88288e-18	223.542	860
6.85602e-18	222.12	870
7.56877e-18	248.158	880
7.12014e-18	230.958	890
8.37702e-18	277.042	900
8.7271e-18	289.291	910
8.30298e-18	275.376	920
7.72618e-18	253.328	930
8.22276e-18	270.936	940
8.71425e-18	289.225	950
8.78727e-18	291.856	960
8.82432e-18	292.762	970
9.22248e-18	307.478	980
9.32784e-18	311.538	990
8.03946e-18	265.644	1000
8.8387e-18	292.399	1010
9.85909e-18	330.89	1020
8.66234e-18	287.824	1030
8.53733e-18	283.522	1040
9.83798e-18	328.972	1050
1.02585e-17	344.699	1060
9.20687e-18	308.475	1070
9.16264e-18	305.537	1080
8.96761e-18	297.269	1090
9.82491e-18	329.198	1100
9.17404e-18	306.387	1110
9.23175e-18	309.286	1120
9.77422e-18	326.232	1130
9.78924e-18	328.604	1140
1.01461e-17	340.456	1150
1.00143e-17	336.466	1160
1.01619e-17	340.968	1170
1.0907e-17	368.543	1180
1.04229e-17	351.297	1190
1.05314e-17	354.159	1200
1.04242e-17	351.707	1210
1.05161e-17	354.282	1220
9.78642e-18	327.785	1230
9.82009e-18	328.712	1240
1.02865e-17	346.649	1250
9.70729e-18	325.139	1260
9.95861e-18	334.326	1270
1.01486e-17	340.727	1280
9.77339e-18	327.495	1290
9.92329e-18	332.791	1300
9.95463e-18	334.364	1310
1.05504e-17	355.32	1320
9.49497e-18	318.529	1330
8.99864e-18	298.555	1340
9.63665e-18	322.804	1350
9.33903e-18	311.895	1360
9.69048e-18	324.879	1370
9.91601e-18	332.38	1380
1.00184e-17	336.495	1390
1.00181e-17	336.633	1400
8.96522e-18	299.493	1410
7.87605e-18	259.046	1420
9.11539e-18	303.226	1430
8.98553e-18	299.568	1440
8.96267e-18	298.277	1450
9.00283e-18	299.79	1460
8.75193e-18	290.877	1470
9.29896e-18	310.577	1480
8.61049e-18	286.485	1490
7.68861e-18	251.622	1500
8.24878e-18	272.76	1510
7.65511e-18	250.71	1520
8.42817e-18	279.06	1530
8.23947e-18	272.417	1540
7.75605e-18	255.525	1550
8.17139e-18	269.481	1560
8.22396e-18	271.996	1570
7.26281e-18	237.975	1580
7.05171e-18	228.824	1590
7.98996e-18	262.928	1600
7.79093e-18	256.747	1610
7.19457e-18	234.615	1620
7.05645e-18	229.71	1630
7.33128e-18	239.438	1640
7.03802e-18	229.348	1650
6.61628e-18	213.464	1660
7.0913e-18	230.773	1670
7.00831e-18	228.174	1680
6.74769e-18	218.582	1690
6.77699e-18	219.195	1700
6.99336e-18	227.36	1710
6.81903e-18	220.982	1720
7.44344e-18	243.586	1730
7.36374e-18	240.964	1740
6.60905e-18	214.002	1750
6.47192e-18	208.309	1760
7.12534e-18	231.875	1770
7.42916e-18	243.023	1780
7.43608e-18	243.522	1790
6.89667e-18	224.205	1800
7.42379e-18	242.878	1810
7.70452e-18	252.724	1820
8.05584e-18	265.714	1830
7.97797e-18	263.185	1840
7.83724e-18	257.731	1850
8.10999e-18	267.917	1860
8.13206e-18	268.713	1870
8.16721e-18	270.626	1880
8.50244e-18	281.204	1890
8.97451e-18	299.006	1900
8.87328e-18	295.241	1910
8.97242e-18	299.056	1920
9.0217e-18	300.896	1930
8.67457e-18	288.123	1940
8.84276e-18	294.657	1950
8.60705e-18	285.397	1960
8.22587e-18	271.094	1970
9.15571e-18	305.248	1980
9.42643e-18	315.652	1990
9.76593e-18	327.404	2000
9.5138e-18	318.971	2010
9.41276e-18	314.692	2020
9.44774e-18	316.218	2030
9.0914e-18	303.474	2040
8.91325e-18	297.034	2050
8.65648e-18	287.494	2060
8.73991e-18	290.617	2070
8.52567e-18	283.006	2080
8.40336e-18	278.377	2090
8.49095e-18	281.559	2100
8.49899e-18	281.929	2110
8.26897e-18	273.773	2120
8.12292e-18	268.128	2130
8.13503e-18	268.909	2140
8.09561e-18	267.262	2150
7.97073e-18	262.99	2160
7.618e-18	250.17	2170
7.84603e-18	258.11	2180
7.92461e-18	261.119	2190
8.01259e-18	264.337	2200
7.76222e-18	255.346	2210
7.49216e-18	245.768	2220
7.93275e-18	261.127	2230
7.90283e-18	260.587	2240
7.76902e-18	255.442	2250
7.91166e-18	260.555	2260
7.85986e-18	258.856	2270
7.99171e-18	263.562	2280
7.7539e-18	254.759	2290
7.95687e-18	262.648	2300
7.98589e-18	263.289	2310
7.94498e-18	261.824	2320
8.0189e-18	264.52	2330
7.96418e-18	262.669	2340
7.90865e-18	260.562	2350
7.9949e-18	263.731	2360
7.78745e-18	256.184	2370
7.97113e-18	262.748	2380
8.09984e-18	267.484	2390
8.02314e-18	264.764	2400
8.0107e-18	264.237	2410
8.0103e-18	264.404	2420
7.916e-18	260.893	2430
7.79756e-18	256.636	2440
7.78538e-18	256.135	2450
7.86981e-18	259.156	2460
7.88358e-18	259.715	2470
7.8174e-18	257.389	2480
7.70394e-18	253.248	2490
7.68618e-18	252.572	2500
7.72339e-18	253.966	2510
7.75178e-18	254.843	2520
7.86158e-18	258.899	2530
7.88981e-18	259.927	2540
7.81426e-18	257.276	2550
7.76382e-18	255.377	2560
7.71208e-18	253.572	2570
7.75676e-18	255.033	2580
7.74966e-18	254.939	2590
7.71559e-18	253.667	2600
7.64343e-18	250.983	2610
7.70111e-18	253.123	2620
7.64742e-18	251.266	2630
7.52647e-18	246.835	2640
7.61976e-18	250.081	2650
7.71341e-18	253.456	2660
7.70113e-18	253.181	2670
7.64957e-18	251.319	2680
7.64932e-18	251.208	2690
7.65436e-18	251.393	2700
7.64954e-18	251.276	2710
7.62257e-18	250.253	2720
7.54194e-18	247.428	2730
7.65279e-18	251.284	2740
7.66121e-18	251.68	2750
7.58323e-18	248.853	2760
7.56041e-18	248.035	2770
7.59871e-18	249.394	2780
7.57228e-18	248.509	2790
7.55025e-18	247.628	2800
7.624e-18	250.33	2810
7.61131e-18	249.845	2820
7.58621e-18	248.978	2830
7.55065e-18	247.698	2840
7.47121e-18	244.829	2850
7.51842e-18	246.43	2860
7.59241e-18	249.14	2870
7.6376e-18	250.825	2880
7.52709e-18	246.892	2890
7.41167e-18	242.649	2900
7.46618e-18	244.595	2910
7.43216e-18	243.425	2920
7.31261e-18	239.119	2930
7.37329e-18	241.135	2940
7.48021e-18	245.131	2950
7.44985e-18	244.072	2960
7.38994e-18	241.795	2970
7.39846e-18	242.287	2980
7.24626e-18	236.636	2990
7.40429e-18	242.287	3000
7.40173e-18	242.312	3010
7.38157e-18	241.527	3020
7.4102e-18	242.561	3030
7.33373e-18	239.882	3040
7.36666e-18	240.936	3050
7.35954e-18	240.836	3060
7.29852e-18	238.514	3070
7.36654e-18	241.002	3080
7.40005e-18	242.149	3090
7.34491e-18	240.319	3100
7.31279e-18	238.999	3110
7.39595e-18	242.136	3120
7.32961e-18	239.574	3130
7.40459e-18	242.385	3140
7.40792e-18	242.513	3150
7.34275e-18	240.112	3160
7.34565e-18	240.277	3170
7.42965e-18	243.208	3180
7.38331e-18	241.593	3190
7.47799e-18	245.058	3200
7.34934e-18	240.428	3210
7.39739e-18	242.034	3220
7.40637e-18	242.488	3230
7.37266e-18	241.188	3240
7.38755e-18	241.756	3250
7.41563e-18	242.738	3260
7.34401e-18	240.313	3270
7.29169e-18	238.195	3280
7.34855e-18	240.365	3290
7.31449e-18	239.109	3300
7.25423e-18	236.856	3310
7.37565e-18	241.298	3320
7.31527e-18	239.152	3330
7.35656e-18	240.57	3340
7.43775e-18	243.533	3350
7.47135e-18	244.797	3360
7.37809e-18	241.46	3370
7.34963e-18	240.292	3380
7.4506e-18	244.062	3390
7.34311e-18	240.085	3400
7.4345e-18	243.424	3410
7.4131e-18	242.675	3420
7.34182e-18	240.038	3430
7.41636e-18	242.815	3440
7.33013e-18	239.668	3450
7.34166e-18	240.001	3460
7.40898e-18	242.445	3470
7.40929e-18	242.488	3480
7.37592e-18	241.383	3490
7.3206e-18	239.292	3500
7.35698e-18	240.548	3510
7.37819e-18	241.441	3520
7.42384e-18	242.921	3530
7.5099e-18	246.131	3540
7.43312e-18	243.465	3550
7.36034e-18	240.659	3560
7.49968e-18	245.702	3570
7.47853e-18	245.066	3580
7.37119e-18	241.118	3590
7.42089e-18	242.858	3600
7.41832e-18	242.807	3610
7.41468e-18	242.644	3620
7.37347e-18	241.236	3630
7.41577e-18	242.629	3640
7.4521e-18	244.02	3650
7.51865e-18	246.343	3660
7.56422e-18	248.13	3670
7.47457e-18	244.78	3680
7.50809e-18	246.012	3690
7.43717e-18	243.537	3700
7.47541e-18	244.748	3710
7.5716e-18	248.302	3720
7.59568e-18	249.222	3730
7.66386e-18	251.575	3740
7.66946e-18	251.772	3750
7.62807e-18	250.496	3760
7.63281e-18	250.472	3770
7.67148e-18	251.933	3780
7.62889e-18	250.357	3790
7.64985e-18	251.115	3800
7.72823e-18	253.87	3810
7.69177e-18	252.746	3820
7.56739e-18	248.207	3830
7.7002e-18	252.799	3840
7.73311e-18	254.186	3850
7.62441e-18	250.223	3860
7.68017e-18	252.157	3870
7.76425e-18	255.26	3880
7.65361e-18	251.282	3890
7.6372e-18	250.661	3900
7.76409e-18	255.113	3910
7.85048e-18	258.303	3920
7.83786e-18	257.983	3930
7.70627e-18	253.154	3940
7.69952e-18	252.876	3950
7.71992e-18	253.541	3960
7.7441e-18	254.488	3970
7.79065e-18	256.23	3980
7.68366e-18	252.275	3990
7.79807e-18	256.424	4000
7.73396e-18	254.093	4010
7.68013e-18	252.258	4020
7.67255e-18	251.821	4030
7.69507e-18	252.641	4040
7.79739e-18	256.411	4050
7.72635e-18	253.843	4060
7.76238e-18	255.039	4070
7.73432e-18	254.256	4080
7.74056e-18	254.242	4090
7.7976e-18	256.449	4100
7.67613e-18	252.013	4110
7.70812e-18	253.116	4120
7.6862e-18	252.417	4130
7.71781e-18	253.356	4140
7.80331e-18	256.588	4150
7.76282e-18	255.247	4160
7.5828e-18	248.643	4170
7.74401e-18	254.284	4180
7.77487e-18	255.6	4190
7.73931e-18	254.323	4200
7.6742e-18	251.926	4210
7.69714e-18	252.638	4220
7.76051e-18	254.983	4230
7.7587e-18	254.953	4240
7.72979e-18	253.972	4250
7.72297e-18	253.605	4260
7.78046e-18	255.703	4270
7.74439e-18	254.528	4280
7.68055e-18	252.077	4290
7.85354e-18	258.257	4300
7.85122e-18	258.283	4310
7.82719e-18	257.485	4320
7.83802e-18	257.732	4330
7.86337e-18	258.733	4340
7.87975e-18	259.274	4350
7.77097e-18	255.437	4360
7.86367e-18	258.676	4370
7.9182e-18	260.645	4380
7.9249e-18	260.952	4390
8.03587e-18	264.907	4400
7.96883e-18	262.572	4410
7.93351e-18	261.263	4420
7.91045e-18	260.388	4430
8.02928e-18	264.611	4440
8.02922e-18	264.794	4450
7.88167e-18	259.29	4460
8.08478e-18	266.676	4470
8.04589e-18	265.317	4480
7.90888e-18	260.389	4490
7.94055e-18	261.381	4500
7.95396e-18	262.044	4510
7.9321e-18	261.085	4520
7.96251e-18	262.353	4530
7.91899e-18	260.591	4540
7.97375e-18	262.652	4550
8.00227e-18	263.669	4560
7.98715e-18	263.219	4570
7.84367e-18	257.94	4580
7.91417e-18	260.587	4590
7.91571e-18	260.529	4600
7.9705e-18	262.442	4610
8.06321e-18	265.933	4620
7.86867e-18	258.963	4630
7.87374e-18	259.041	4640
7.85509e-18	258.392	4650
7.80551e-18	256.569	4660
7.82074e-18	257.165	4670
7.82048e-18	256.988	4680
7.95677e-18	262.051	4690
7.83125e-18	257.57	4700
7.7889e-18	255.971	4710
7.7468e-18	254.526	4720
7.79462e-18	256.034	4730
7.95238e-18	261.885	4740
7.90038e-18	259.988	4750
7.92912e-18	261.076	4760
7.89789e-18	259.863	4770
7.94922e-18	261.749	4780
7.93626e-18	261.292	4790
7.86868e-18	258.867	4800
7.88581e-18	259.45	4810
7.93629e-18	261.269	4820
8.04417e-18	265.149	4830
7.89666e-18	259.907	4840
7.96883e-18	262.351	4850
8.0543e-18	265.574	4860
7.9743e-18	262.612	4870
7.97235e-18	262.644	4880
7.95086e-18	261.671	4890
8.06294e-18	265.835	4900
7.95962e-18	262.137	4910
8.00756e-18	263.799	4920
7.95686e-18	261.977	4930
7.89545e-18	259.806	4940
7.94815e-18	261.679	4950
7.91673e-18	260.609	4960
7.78372e-18	255.75	4970
7.81837e-18	257.041	4980
7.73877e-18	254.112	4990
7.81748e-18	256.915	5000
7.77386e-18	255.4	5010
7.91128e-18	260.306	5020
7.85241e-18	258.139	5030
7.93674e-18	261.31	5040
7.87181e-18	258.848	5050
7.92184e-18	260.737	5060
7.89992e-18	259.989	5070
7.95015e-18	261.588	5080
8.08582e-18	266.65	5090
7.98181e-18	262.943	5100
7.95817e-18	262.003	5110
8.05144e-18	265.342	5120
8.03997e-18	265.018	5130
8.04921e-18	265.295	5140
8.0416e-18	265.12	5150
7.90827e-18	260.213	5160
7.93067e-18	260.971	5170
8.01629e-18	264.107	5180
7.90017e-18	259.949	5190
7.93614e-18	261.118	5200
8.05111e-18	265.328	5210
8.00319e-18	263.701	5220
8.01611e-18	264.027	5230
8.02731e-18	264.55	5240
8.10948e-18	267.367	5250
8.08444e-18	266.609	5260
8.01143e-18	263.909	5270
8.11586e-18	267.671	5280
7.91812e-18	260.615	5290
7.96077e-18	262.017	5300
8.0849e-18	266.586	5310
7.98076e-18	262.839	5320
8.10385e-18	267.166	5330
8.15293e-18	269.056	5340
8.07767e-18	266.368	5350
8.01362e-18	263.998	5360
7.90586e-18	260.158	5370
7.94669e-18	261.545	5380
7.95258e-18	261.789	5390
8.01162e-18	263.747	5400
8.10586e-18	267.346	5410
8.03061e-18	264.65	5420
7.97435e-18	262.556	5430
8.0003e-18	263.506	5440
7.98493e-18	263.007	5450
7.96849e-18	262.287	5460
8.03232e-18	264.601	5470
8.09441e-18	266.959	5480
7.9997e-18	263.447	5490
7.94511e-18	261.501	5500
7.97525e-18	262.652	5510
7.98729e-18	263.023	5520
7.95656e-18	261.96	5530
7.93022e-18	260.991	5540
7.94869e-18	261.643	5550
7.86772e-18	258.72	5560
7.88485e-18	259.305	5570
7.90524e-18	259.995	5580
7.91734e-18	260.569	5590
7.7932e-18	256.01	5600
7.9363e-18	261.1	5610
7.90627e-18	260.087	5620
7.98649e-18	262.992	5630
7.95362e-18	261.874	5640
7.89041e-18	259.508	5650
8.03066e-18	264.473	5660
8.01655e-18	264.179	5670
7.7935e-18	256.172	5680
7.8976e-18	259.716	5690
7.95525e-18	261.787	5700
8.06657e-18	265.865	5710
8.00175e-18	263.576	5720
8.0416e-18	264.954	5730
7.94025e-18	261.359	5740
7.8574e-18	258.346	5750
7.95582e-18	261.823	5760
8.00934e-18	263.804	5770
7.96866e-18	262.47	5780
7.86562e-18	258.67	5790
7.78911e-18	255.897	5800
7.92222e-18	260.618	5810
7.97709e-18	262.618	5820
7.92929e-18	260.991	5830
7.9393e-18	261.19	5840
8.03654e-18	264.828	5850
7.97569e-18	262.656	5860
7.98755e-18	263.06	5870
7.93366e-18	261.102	5880
7.87061e-18	258.813	5890
8.04555e-18	265.027	5900
8.09451e-18	266.952	5910
8.01015e-18	263.907	5920
7.84546e-18	257.901	5930
7.9991e-18	263.437	5940
7.94925e-18	261.697	5950
7.89574e-18	259.723	5960
7.86397e-18	258.64	5970
7.78471e-18	255.8	5980
7.91465e-18	260.304	5990
7.94117e-18	261.437	6000
7.80239e-18	256.485	6010
7.68809e-18	252.225	6020
7.79189e-18	255.983	6030
7.72172e-18	253.466	6040
7.79873e-18	256.205	6050
7.79876e-18	256.198	6060
7.83409e-18	257.479	6070
7.91635e-18	260.426	6080
7.96674e-18	262.272	6090
7.92074e-18	260.651	6100
7.95532e-18	261.943	6110
7.83701e-18	257.611	6120
7.94411e-18	261.456	6130
7.96501e-18	262.235	6140
7.96127e-18	262.098	6150
7.95962e-18	262.022	6160
8.04059e-18	264.921	6170
8.12366e-18	267.962	6180
8.00411e-18	263.715	6190
7.95829e-18	261.969	6200
7.89485e-18	259.73	6210
8.00775e-18	263.889	6220
7.8105e-18	256.668	6230
7.92541e-18	260.812	6240
7.92925e-18	260.91	6250
7.88352e-18	259.29	6260
7.90714e-18	260.117	6270
7.8693e-18	258.784	6280
7.90614e-18	260.103	6290
7.86206e-18	258.534	6300
7.81171e-18	256.711	6310
7.83147e-18	257.303	6320
8.02242e-18	264.297	6330
7.86192e-18	258.581	6340
7.93031e-18	260.896	6350
7.94464e-18	261.534	6360
7.86089e-18	258.46	6370
8.01683e-18	264.01	6380
7.94778e-18	261.667	6390
7.94181e-18	261.336	6400
7.91468e-18	260.498	6410
7.88864e-18	259.403	6420
8.01436e-18	263.936	6430
7.96265e-18	262.173	6440
7.86856e-18	258.717	6450
7.96032e-18	262.036	6460
7.99254e-18	263.285	6470
7.79457e-18	256.049	6480
7.99624e-18	263.168	6490
8.08972e-18	266.782	6500
7.91492e-18	260.443	6510
7.96969e-18	262.426	6520
7.92622e-18	260.784	6530
7.86906e-18	258.826	6540
7.7565e-18	254.649	6550
7.87494e-18	258.91	6560
7.86765e-18	258.748	6570
7.79108e-18	255.962	6580
7.8664e-18	258.583	6590
7.80468e-18	256.399	6600
7.94825e-18	261.513	6610
7.98196e-18	262.876	6620
7.77392e-18	255.38	6630
7.95052e-18	261.615	6640
7.86893e-18	258.772	6650
7.9215e-18	260.708	6660
7.95594e-18	261.88	6670
7.82854e-18	257.36	6680
7.90003e-18	259.808	6690
7.94933e-18	261.67	6700
7.88238e-18	259.285	6710
7.80553e-18	256.448	6720
7.77699e-18	255.516	6730
7.75231e-18	254.521	6740
7.85685e-18	258.248	6750
7.7741e-18	255.411	6760
7.73908e-18	254.025	6770
7.87145e-18	258.832	6780
7.77025e-18	255.26	6790
7.76546e-18	254.96	6800
7.77634e-18	255.399	6810
7.76106e-18	254.817	6820
7.79159e-18	255.984	6830
7.78934e-18	255.882	6840
7.8139e-18	256.698	6850
7.88463e-18	259.395	6860
7.68106e-18	252.02	6870
7.82864e-18	257.254	6880
7.77778e-18	255.5	6890
7.63905e-18	250.487	6900
7.6931e-18	252.342	6910
7.79426e-18	256.011	6920
7.89128e-18	259.548	6930
7.86964e-18	258.861	6940
7.78437e-18	255.629	6950
7.8691e-18	258.805	6960
7.81372e-18	256.74	6970
7.73927e-18	254.069	6980
7.88623e-18	259.323	6990
7.91673e-18	260.455	7000
7.89517e-18	259.781	7010
7.87261e-18	258.832	7020
7.90405e-18	260.031	7030
7.91091e-18	260.222	7040
7.84601e-18	257.978	7050
7.86054e-18	258.389	7060
7.9424e-18	261.381	7070
7.96349e-18	262.209	7080
7.83062e-18	257.384	7090
7.93307e-18	261.02	7100
7.91633e-18	260.479	7110
7.82051e-18	257.017	7120
7.78844e-18	255.891	7130
7.74291e-18	254.217	7140
7.72985e-18	253.65	7150
7.81394e-18	256.662	7160
7.85739e-18	258.405	7170
7.86632e-18	258.557	7180
7.96991e-18	262.342	7190
7.9454e-18	261.558	7200
7.94543e-18	261.479	7210
7.97418e-18	262.469	7220
8.03399e-18	264.735	7230
7.9512e-18	261.656	7240
8.04278e-18	265.014	7250
8.03124e-18	264.511	7260
8.09313e-18	266.845	7270
8.09731e-18	266.922	7280
8.08513e-18	266.548	7290
8.15987e-18	269.165	7300
8.20716e-18	270.958	7310
8.10744e-18	267.482	7320
8.02028e-18	264.133	7330
8.20166e-18	270.635	7340
8.1907e-18	270.337	7350
8.21924e-18	271.318	7360
8.27763e-18	273.512	7370
8.05901e-18	265.598	7380
8.18907e-18	270.171	7390
8.28652e-18	273.697	7400
8.28153e-18	273.693	7410
8.22831e-18	271.703	7420
8.29083e-18	273.888	7430
8.2894e-18	273.874	7440
8.28127e-18	273.71	7450
8.1973e-18	270.567	7460
8.17851e-18	269.839	7470
8.30147e-18	274.373	7480
8.19539e-18	270.455	7490
8.26213e-18	272.914	7500
8.17676e-18	269.942	7510
8.1734e-18	269.556	7520
8.16864e-18	269.618	7530
8.17775e-18	269.781	7540
8.18279e-18	270.114	7550
8.07193e-18	266.045	7560
8.12096e-18	267.832	7570
8.15018e-18	268.842	7580
8.08699e-18	266.595	7590
8.04405e-18	265.089	7600
7.96929e-18	262.332	7610
8.08615e-18	266.538	7620
7.98325e-18	262.892	7630
7.92414e-18	260.732	7640
7.88377e-18	259.202	7650
7.94615e-18	261.512	7660
7.93201e-18	261.025	7670
7.92649e-18	260.757	7680
7.88206e-18	259.249	7690
7.77907e-18	255.515	7700
7.80351e-18	256.254	7710
7.81143e-18	256.696	7720
7.83433e-18	257.43	7730
7.89474e-18	259.635	7740
7.83022e-18	257.318	7750
7.9486e-18	261.55	7760
7.93511e-18	261.156	7770
7.91443e-18	260.271	7780
7.9697e-18	262.373	7790
7.91742e-18	260.489	7800
7.99529e-18	263.214	7810
8.0427e-18	264.943	7820
8.03534e-18	264.76	7830
8.05658e-18	265.472	7840
8.00663e-18	263.664	7850
8.05394e-18	265.457	7860
8.11229e-18	267.337	7870
8.12508e-18	268.069	7880
7.96104e-18	262.07	7890
8.05311e-18	265.297	7900
8.01461e-18	263.979	7910
8.12994e-18	268.131	7920
8.09634e-18	266.974	7930
8.17846e-18	269.86	7940
8.06261e-18	265.711	7950
8.11248e-18	267.449	7960
8.2247e-18	271.52	7970
8.14396e-18	268.72	7980
8.15806e-18	269.038	7990
8.15111e-18	269.021	8000
8.05161e-18	265.217	8010
8.15167e-18	268.992	8020
8.02308e-18	264.255	8030
8.08973e-18	266.612	8040
8.05814e-18	265.608	8050
8.08284e-18	266.359	8060
8.0615e-18	265.704	8070
8.11123e-18	267.357	8080
8.07326e-18	266.232	8090
8.02958e-18	264.389	8100
8.04577e-18	265.172	8110
8.00585e-18	263.594	8120
8.02754e-18	264.493	8130
8.04037e-18	264.725	8140
8.11228e-18	267.604	8150
7.98874e-18	263.087	8160
7.96378e-18	262.076	8170
8.03727e-18	264.735	8180
7.9732e-18	262.507	8190
8.00761e-18	263.697	8200
7.99976e-18	263.371	8210
8.06967e-18	265.963	8220
7.94975e-18	261.692	8230
7.92197e-18	260.66	8240
7.96985e-18	262.28	8250
8.10776e-18	267.285	8260
7.98038e-18	262.872	8270
7.9403e-18	261.219	8280
8.0425e-18	265.023	8290
7.94789e-18	261.508	8300
7.9538e-18	261.79	8310
7.97535e-18	262.553	8320
7.86765e-18	258.713	8330
7.92597e-18	260.645	8340
8.00458e-18	263.563	8350
7.92016e-18	260.594	8360
7.8855e-18	259.285	8370
7.92273e-18	260.614	8380
7.91037e-18	260.245	8390
7.82961e-18	257.321	8400
7.83193e-18	257.348	8410
7.91111e-18	260.179	8420
7.94465e-18	261.49	8430
7.77308e-18	255.345	8440
7.68506e-18	251.922	8450
7.89857e-18	259.713	8460
7.91961e-18	260.525	8470
7.8606e-18	258.443	8480
7.76939e-18	255.115	8490
7.83894e-18	257.603	8500
7.76389e-18	254.881	8510
7.79925e-18	256.183	8520
7.79009e-18	255.852	8530
7.76595e-18	254.954	8540
7.82284e-18	257.011	8550
7.80896e-18	256.499	8560
7.82702e-18	257.201	8570
7.8377e-18	257.541	8580
7.85638e-18	258.229	8590
7.89149e-18	259.416	8600
7.97101e-18	262.343	8610
8.06435e-18	265.679	8620
7.94967e-18	261.719	8630
7.9324e-18	260.942	8640
8.05952e-18	265.499	8650
8.07211e-18	266.011	8660
8.02753e-18	264.45	8670
8.0585e-18	265.546	8680
7.91716e-18	260.492	8690
7.96209e-18	261.959	8700
8.0943e-18	266.77	8710
8.09481e-18	266.865	8720
8.21182e-18	271.056	8730
8.19757e-18	270.567	8740
7.99846e-18	263.468	8750
8.01758e-18	263.961	8760
8.14018e-18	268.428	8770
8.15405e-18	268.987	8780
8.12587e-18	267.953	8790
8.16088e-18	269.188	8800
8.15606e-18	269.022	8810
8.1699e-18	269.555	8820
8.22386e-18	271.462	8830
8.14625e-18	268.736	8840
8.17554e-18	269.686	8850
8.19506e-18	270.474	8860
8.12198e-18	267.79	8870
8.17742e-18	269.806	8880
8.11607e-18	267.621	8890
8.13561e-18	268.3	8900
8.21917e-18	271.205	8910
8.19331e-18	270.489	8920
8.14577e-18	268.582	8930
8.17662e-18	269.796	8940
8.22914e-18	271.691	8950
8.05567e-18	265.467	8960
8.21544e-18	270.959	8970
8.31857e-18	274.892	8980
8.32338e-18	275.079	8990
8.37641e-18	277.022	9000
8.34578e-18	275.786	9010
8.41786e-18	278.523	9020
8.29774e-18	274.274	9030
8.26651e-18	272.846	9040
8.46372e-18	280.114	9050
8.33076e-18	275.406	9060
8.26952e-18	273.128	9070
8.23047e-18	271.735	9080
8.29782e-18	274.069	9090
8.26839e-18	273.17	9100
8.17166e-18	269.541	9110
8.29215e-18	273.94	9120
8.2921e-18	273.99	9130
8.29661e-18	274.003	9140
8.29218e-18	274.116	9150
8.12105e-18	267.697	9160
8.1944e-18	270.451	9170
8.18183e-18	270.048	9180
8.17463e-18	269.618	9190
8.2605e-18	272.724	9200
8.31601e-18	274.953	9210
8.19643e-18	270.457	9220
8.26284e-18	272.927	9230
8.20032e-18	270.615	9240
8.21344e-18	271.142	9250
8.15042e-18	268.887	9260
8.07019e-18	265.973	9270
8.092e-18	266.707	9280
8.09387e-18	266.82	9290
8.11568e-18	267.594	9300
8.05743e-18	265.476	9310
8.00117e-18	263.513	9320
7.97132e-18	262.358	9330
8.05577e-18	265.464	9340
8.00256e-18	263.451	9350
8.01953e-18	264.208	9360
7.92539e-18	260.723	9370
7.95738e-18	261.9	9380
7.92359e-18	260.651	9390
7.98873e-18	262.992	9400
7.97192e-18	262.436	9410
8.00812e-18	263.689	9420
7.93872e-18	261.319	9430
7.85719e-18	258.275	9440
7.96198e-18	261.981	9450
7.94405e-18	261.49	9460
7.96928e-18	262.311	9470
7.95294e-18	261.704	9480
7.98929e-18	263.03	9490
7.9731e-18	262.493	9500
7.90076e-18	259.982	9510
7.85691e-18	258.197	9520
7.88316e-18	259.256	9530
8.00906e-18	263.7	9540
7.95065e-18	261.754	9550
7.90997e-18	260.157	9560
7.93414e-18	261.054	9570
8.00183e-18	263.523	9580
7.85304e-18	258.226	9590
7.85492e-18	258.193	9600
7.84015e-18	257.75	9610
7.83765e-18	257.527	9620
7.81137e-18	256.627	9630
7.91259e-18	260.241	9640
7.8079e-18	256.659	9650
7.79473e-18	255.958	9660
7.90392e-18	259.972	9670
7.92262e-18	260.664	9680
7.85909e-18	258.398	9690
7.90812e-18	260.075	9700
7.84341e-18	257.84	9710
7.85092e-18	258.022	9720
7.81612e-18	256.837	9730
7.81264e-18	256.656	9740
7.86159e-18	258.474	9750
7.79377e-18	256.032	9760
7.84292e-18	257.739	9770
7.86481e-18	258.491	9780
7.98078e-18	262.757	9790
7.86989e-18	258.784	9800
7.96842e-18	262.255	9810
7.99471e-18	263.204	9820
8.03429e-18	264.65	9830
8.07975e-18	266.357	9840
8.04318e-18	264.987	9850
8.02205e-18	264.22	9860
8.07356e-18	266.083	9870
8.09233e-18	266.777	9880
8.08545e-18	266.547	9890
8.09499e-18	266.913	9900
8.05063e-18	265.182	9910
8.11149e-18	267.545	9920
7.96088e-18	262.075	9930
7.93887e-18	261.183	9940
7.98374e-18	262.842	9950
8.10143e-18	267.062	9960
8.09723e-18	266.981	9970
8.05265e-18	265.271	9980
8.03056e-18	264.648	9990
8.02295e-18	264.149	10000
8.16255e-18	269.364	10010
8.03557e-18	264.771	10020
7.99578e-18	263.231	10030
8.0927e-18	266.778	10040
8.1738e-18	269.747	10050
8.10322e-18	267.18	10060
8.08327e-18	266.54	10070
7.95375e-18	261.722	10080
8.09996e-18	267.003	10090
8.06197e-18	265.789	10100
8.0812e-18	266.317	10110
7.90008e-18	259.886	10120
8.00387e-18	263.572	10130
8.03387e-18	264.65	10140
8.01557e-18	264.033	10150
7.97256e-18	262.434	10160
7.99848e-18	263.462	10170
7.80628e-18	256.411	10180
7.89791e-18	259.764	10190
7.98541e-18	262.886	10200
7.90903e-18	260.18	10210
7.87615e-18	259.001	10220
7.9316e-18	260.886	10230
7.92976e-18	261.035	10240
7.89552e-18	259.578	10250
7.95171e-18	261.744	10260
7.87563e-18	258.894	10270
7.93548e-18	261.073	10280
7.93063e-18	260.996	10290
7.97357e-18	262.431	10300
7.89496e-18	259.701	10310
7.85818e-18	258.184	10320
8.02755e-18	264.441	10330
7.99584e-18	263.335	10340
7.83989e-18	257.697	10350
7.96645e-18	262.178	10360
7.92981e-18	260.835	10370
8.04077e-18	264.873	10380
8.05106e-18	265.245	10390
8.00116e-18	263.551	10400
7.95035e-18	261.594	10410
8.02452e-18	264.316	10420
7.91144e-18	260.293	10430
7.92991e-18	260.885	10440
8.01436e-18	263.841	10450
8.02879e-18	264.402	10460
8.15066e-18	268.892	10470
8.00139e-18	263.495	10480
8.09031e-18	266.633	10490
8.08106e-18	266.401	10500
8.08004e-18	266.257	10510
8.12985e-18	268.145	10520
8.17463e-18	269.66	10530
8.1034e-18	267.208	10540
8.15166e-18	268.865	10550
8.14352e-18	268.721	10560
8.04615e-18	265.139	10570
8.0219e-18	264.155	10580
8.14015e-18	268.472	10590
8.05149e-18	265.377	10600
7.94716e-18	261.534	10610
7.90095e-18	259.959	10620
7.94577e-18	261.416	10630
8.00549e-18	263.61	10640
8.06331e-18	265.697	10650
7.98823e-18	263.059	10660
8.01204e-18	263.864	10670
7.89006e-18	259.499	10680
8.03258e-18	264.643	10690
7.91966e-18	260.56	10700
7.86259e-18	258.527	10710
7.87677e-18	258.95	10720
7.96912e-18	262.297	10730
7.987e-18	263.046	10740
7.87717e-18	259.022	10750
7.90304e-18	259.947	10760
7.89408e-18	259.616	10770
7.80652e-18	256.592	10780
7.65228e-18	250.897	10790
7.80951e-18	256.482	10800
7.8413e-18	257.741	10810
7.82475e-18	257.103	10820
7.87882e-18	259.063	10830
7.84846e-18	257.944	10840
7.89824e-18	259.836	10850
7.77873e-18	255.506	10860
7.80796e-18	256.503	10870
7.824e-18	257.045	10880
7.86562e-18	258.595	10890
7.91127e-18	260.29	10900
7.94524e-18	261.451	10910
7.92444e-18	260.686	10920
7.90672e-18	260.16	10930
7.98906e-18	262.912	10940
8.1122e-18	267.591	10950
7.86167e-18	258.471	10960
7.96237e-18	262.083	10970
8.00671e-18	263.614	10980
8.09358e-18	266.872	10990
7.94628e-18	261.477	11000
8.055e-18	265.403	11010
7.95628e-18	261.998	11020
7.88988e-18	259.379	11030
7.99383e-18	263.187	11040
8.00433e-18	263.558	11050
8.0122e-18	263.893	11060
7.97541e-18	262.512	11070
8.067e-18	265.785	11080
8.02497e-18	264.472	11090
7.9494e-18	261.574	11100
7.94161e-18	261.208	11110
8.02714e-18	264.421	11120
7.91134e-18	260.19	11130
7.99908e-18	263.354	11140
8.03906e-18	264.814	11150
8.04471e-18	265.023	11160
8.12004e-18	267.731	11170
8.09851e-18	266.96	11180
8.07404e-18	266.124	11190
8.05336e-18	265.315	11200
8.13751e-18	268.342	11210
8.16936e-18	269.576	11220
8.09395e-18	266.776	11230
8.1e-18	267.047	11240
8.02164e-18	264.089	11250
8.17233e-18	269.584	11260
8.20354e-18	270.695	11270
8.28602e-18	273.793	11280
8.20913e-18	270.942	11290
8.218e-18	271.283	11300
8.2249e-18	271.545	11310
8.27851e-18	273.372	11320
8.3405e-18	275.765	11330
8.2658e-18	272.913	11340
8.50564e-18	281.662	11350
8.38868e-18	277.442	11360
8.33476e-18	275.536	11370
8.42e-18	278.543	11380
8.45919e-18	279.933	11390
8.42601e-18	278.828	11400
8.48148e-18	280.784	11410
8.36135e-18	276.503	11420
8.40342e-18	277.939	11430
8.49609e-18	281.252	11440
8.36836e-18	276.825	11450
8.32944e-18	275.22	11460
8.35728e-18	276.349	11470
8.35292e-18	276.103	11480
8.36832e-18	276.695	11490
8.4369e-18	279.198	11500
8.29752e-18	274.215	11510
8.31795e-18	274.942	11520
8.2579e-18	272.602	11530
8.33227e-18	275.446	11540
8.17135e-18	269.676	11550
8.21104e-18	270.973	11560
8.20819e-18	270.911	11570
8.1863e-18	270.219	11580
8.16409e-18	269.221	11590
8.14688e-18	268.799	11600
8.08658e-18	266.448	11610
8.26055e-18	272.767	11620
8.18881e-18	270.292	11630
8.08377e-18	266.429	11640
8.12047e-18	267.714	11650
8.08928e-18	266.653	11660
8.08733e-18	266.495	11670
8.29661e-18	274.037	11680
8.24397e-18	272.263	11690
8.19328e-18	270.408	11700
8.24938e-18	272.408	11710
8.17775e-18	269.962	11720
8.05568e-18	265.399	11730
8.15851e-18	269.073	11740
8.12536e-18	268.005	11750
8.11886e-18	267.75	11760
8.17616e-18	269.672	11770
8.19325e-18	270.364	11780
8.15739e-18	269.129	11790
8.11943e-18	267.776	11800
8.03189e-18	264.479	11810
8.07343e-18	265.97	11820
8.18906e-18	270.279	11830
8.05734e-18	265.528	11840
8.06693e-18	265.825	11850
8.01488e-18	263.978	11860
8.09302e-18	266.685	11870
8.13087e-18	268.224	11880
8.01058e-18	263.793	11890
8.03102e-18	264.485	11900
8.01974e-18	264.275	11910
7.92289e-18	260.576	11920
8.03333e-18	264.647	11930
7.98823e-18	263.008	11940
8.03282e-18	264.718	11950
7.97755e-18	262.618	11960
7.9779e-18	262.613	11970
7.90209e-18	259.916	11980
7.90549e-18	260.029	11990
7.96031e-18	262.038	12000
7.96266e-18	262.072	12010
7.95816e-18	261.916	12020
7.92576e-18	260.833	12030
7.97958e-18	262.582	12040
7.97862e-18	262.755	12050
7.9252e-18	260.699	12060
7.99265e-18	263.128	12070
8.00377e-18	263.542	12080
8.02107e-18	264.351	12090
7.92024e-18	260.446	12100
7.93141e-18	261.042	12110
7.91758e-18	260.401	12120
8.00469e-18	263.59	12130
7.90166e-18	260.041	12140
7.86325e-18	258.381	12150
8.02611e-18	264.377	12160
7.94344e-18	261.427	12170
7.91413e-18	260.322	12180
7.89141e-18	259.62	12190
7.82192e-18	257.102	12200
7.8532e-18	258.006	12210
7.95968e-18	262	12220
7.96252e-18	262.108	12230
7.84482e-18	257.941	12240
7.74465e-18	254.255	12250
7.69222e-18	252.361	12260
7.73274e-18	253.794	12270
7.86297e-18	258.454	12280
7.89912e-18	259.842	12290
7.8402e-18	257.752	12300
7.78753e-18	255.778	12310
7.80852e-18	256.572	12320
7.75238e-18	254.544	12330
7.86978e-18	258.733	12340
7.8506e-18	258.137	12350
7.84859e-18	258.004	12360
7.84551e-18	257.868	12370
7.80098e-18	256.385	12380
7.71974e-18	253.359	12390
7.81062e-18	256.589	12400
7.86925e-18	258.753	12410
7.8015e-18	256.33	12420
7.8156e-18	256.909	12430
7.71977e-18	253.327	12440
7.77781e-18	255.477	12450
7.77837e-18	255.441	12460
7.79304e-18	256.111	12470
7.73721e-18	253.924	12480
7.83809e-18	257.66	12490
7.70607e-18	252.967	12500
7.77132e-18	255.237	12510
7.69335e-18	252.406	12520
7.66184e-18	251.215	12530
7.7267e-18	253.553	12540
7.84366e-18	257.778	12550
7.68994e-18	252.473	12560
7.69691e-18	252.42	12570
7.78378e-18	255.717	12580
7.64685e-18	250.755	12590
7.71139e-18	253.087	12600
7.63116e-18	250.152	12610
7.69215e-18	252.363	12620
7.70454e-18	252.795	12630
7.64453e-18	250.714	12640
7.6236e-18	249.853	12650
7.62386e-18	249.976	12660
7.56905e-18	247.992	12670
7.51689e-18	246.058	12680
7.66897e-18	251.439	12690
7.67062e-18	251.622	12700
7.59243e-18	248.797	12710
7.7411e-18	254.056	12720
7.68521e-18	252.243	12730
7.70642e-18	252.795	12740
7.78951e-18	255.947	12750
7.67837e-18	251.902	12760
7.73429e-18	253.919	12770
7.731e-18	253.715	12780
7.77396e-18	255.394	12790
7.63257e-18	250.309	12800
7.65191e-18	250.784	12810
7.85598e-18	258.272	12820
7.82418e-18	257.167	12830
7.87725e-18	259.042	12840
7.78545e-18	255.815	12850
7.76407e-18	254.973	12860
7.74054e-18	254.138	12870
7.87169e-18	258.788	12880
7.8743e-18	258.987	12890
7.8776e-18	259.069	12900
7.88845e-18	259.419	12910
7.88953e-18	259.599	12920
7.86644e-18	258.535	12930
7.99278e-18	263.28	12940
7.94026e-18	261.227	12950
8.0035e-18	263.662	12960
7.93674e-18	261.16	12970
8.04649e-18	265.104	12980
8.10819e-18	267.41	12990
7.90511e-18	260.182	13000
8.04002e-18	264.75	13010
8.14545e-18	268.748	13020
8.11895e-18	267.709	13030
8.23329e-18	271.919	13040
8.22089e-18	271.431	13050
8.23644e-18	272.068	13060
8.12526e-18	268.073	13070
8.08792e-18	266.563	13080
8.10132e-18	267.206	13090
8.11631e-18	267.59	13100
8.15075e-18	268.926	13110
8.12733e-18	268.092	13120
8.19886e-18	270.552	13130
8.19952e-18	270.768	13140
8.18213e-18	270.071	13150
8.14996e-18	268.869	13160
7.97561e-18	262.756	13170
7.9687e-18	262.281	13180
7.98324e-18	262.825	13190
7.98143e-18	262.881	13200
7.87671e-18	258.999	13210
7.93716e-18	261.212	13220
7.95899e-18	262.017	13230
7.90142e-18	259.956	13240
7.89363e-18	259.516	13250
7.90092e-18	259.957	13260
7.86991e-18	258.72	13270
7.86893e-18	258.796	13280
7.84719e-18	257.951	13290
7.82862e-18	257.274	13300
7.78505e-18	255.784	13310
7.86275e-18	258.419	13320
7.86046e-18	258.494	13330
7.81023e-18	256.561	13340
7.90499e-18	260.083	13350
7.88705e-18	259.352	13360
7.89722e-18	259.777	13370
7.86264e-18	258.614	13380
7.71929e-18	253.358	13390
7.86906e-18	258.622	13400
7.89213e-18	259.649	13410
7.93502e-18	261.094	13420
7.81384e-18	256.756	13430
7.91734e-18	260.512	13440
7.88435e-18	259.281	13450
7.91238e-18	260.292	13460
7.87486e-18	258.945	13470
7.87113e-18	258.841	13480
7.83781e-18	257.596	13490
7.84525e-18	257.898	13500
7.80247e-18	256.299	13510
7.8167e-18	256.902	13520
7.88818e-18	259.389	13530
7.89224e-18	259.614	13540
7.91681e-18	260.425	13550
7.90748e-18	260.187	13560
7.91233e-18	260.244	13570
7.90815e-18	260.238	13580
7.73621e-18	254.007	13590
7.81583e-18	256.709	13600
7.96484e-18	262.222	13610
7.89335e-18	259.587	13620
7.93176e-18	261.027	13630
7.99077e-18	263.098	13640
7.95803e-18	261.935	13650
7.92086e-18	260.701	13660
7.77026e-18	255.143	13670
7.84868e-18	257.937	13680
7.89781e-18	259.772	13690
7.95025e-18	261.611	13700
8.00238e-18	263.517	13710
7.95232e-18	261.857	13720
7.91423e-18	260.212	13730
7.99557e-18	263.444	13740
7.8708e-18	258.765	13750
7.94368e-18	261.41	13760
7.95782e-18	261.879	13770
7.96836e-18	262.299	13780
8.01052e-18	263.786	13790
8.092e-18	266.8	13800
8.0637e-18	265.746	13810
8.04637e-18	265.124	13820
8.11397e-18	267.532	13830
8.1612e-18	269.356	13840
8.00099e-18	263.546	13850
7.96788e-18	262.3	13860
7.97237e-18	262.497	13870
7.89279e-18	259.543	13880
7.993e-18	263.153	13890
8.09667e-18	266.905	13900
7.95562e-18	261.93	13910
7.89141e-18	259.597	13920
7.89641e-18	259.646	13930
8.06826e-18	265.846	13940
8.03565e-18	264.857	13950
7.92812e-18	260.868	13960
7.94004e-18	261.222	13970
8.00278e-18	263.576	13980
8.09465e-18	266.77	13990
8.16562e-18	269.499	14000
7.96683e-18	262.221	14010
8.01597e-18	263.966	14020
8.05497e-18	265.462	14030
8.05299e-18	265.319	14040
8.16656e-18	269.372	14050
8.20029e-18	270.679	14060
8.20359e-18	270.789	14070
8.05631e-18	265.538	14080
8.13174e-18	268.145	14090
8.13497e-18	268.34	14100
8.09229e-18	266.784	14110
8.17239e-18	269.607	14120
8.24286e-18	272.214	14130
8.10841e-18	267.478	14140
7.9866e-18	263.016	14150
8.05115e-18	265.15	14160
8.1188e-18	267.77	14170
8.10686e-18	267.234	14180
8.12822e-18	268.091	14190
8.00699e-18	263.736	14200
8.07848e-18	266.225	14210
8.12783e-18	268.034	14220
8.15794e-18	269.082	14230
8.22715e-18	271.654	14240
8.14466e-18	268.704	14250
8.10138e-18	267.129	14260
8.10952e-18	267.378	14270
8.16317e-18	269.25	14280
8.27862e-18	273.488	14290
8.29545e-18	274.111	14300
8.25422e-18	272.628	14310
8.21329e-18	271.121	14320
8.27661e-18	273.483	14330
8.17821e-18	269.776	14340
8.29947e-18	274.304	14350
8.14282e-18	268.598	14360
8.23354e-18	271.796	14370
8.27543e-18	273.354	14380
8.26373e-18	272.996	14390
8.15943e-18	269.184	14400
8.21065e-18	271.107	14410
8.17567e-18	269.752	14420
8.12298e-18	267.896	14430
8.18719e-18	270.105	14440
8.1007e-18	267.158	14450
8.28883e-18	273.749	14460
8.16034e-18	269.305	14470
8.15372e-18	268.903	14480
8.21548e-18	271.271	14490
8.20227e-18	270.767	14500
8.22159e-18	271.413	14510
8.21198e-18	271.094	14520
8.25834e-18	272.773	14530
8.27657e-18	273.399	14540
8.31384e-18	274.803	14550
8.22703e-18	271.646	14560
8.20301e-18	270.724	14570
8.22235e-18	271.537	14580
8.15599e-18	269.153	14590
8.14497e-18	268.564	14600
8.25137e-18	272.581	14610
8.05503e-18	265.467	14620
8.15387e-18	268.933	14630
8.19596e-18	270.558	14640
8.09831e-18	267.034	14650
8.16224e-18	269.207	14660
8.26622e-18	273.071	14670
8.22501e-18	271.562	14680
8.18184e-18	269.914	14690
8.18828e-18	270.227	14700
8.12111e-18	267.86	14710
8.16593e-18	269.356	14720
8.25966e-18	272.746	14730
8.27395e-18	273.45	14740
8.20798e-18	270.94	14750
8.13627e-18	268.381	14760
8.2145e-18	271.073	14770
8.18361e-18	270.176	14780
8.21914e-18	271.284	14790
8.18873e-18	270.292	14800
8.22597e-18	271.554	14810
8.22628e-18	271.625	14820
8.22191e-18	271.487	14830
8.216e-18	271.113	14840
8.30399e-18	274.487	14850
8.19914e-18	270.654	14860
8.15961e-18	269.224	14870
8.2359e-18	271.888	14880
8.21498e-18	271.367	14890
8.02116e-18	264.192	14900
8.15299e-18	268.85	14910
8.35728e-18	276.313	14920
8.12865e-18	268.288	14930
8.16291e-18	269.228	14940
8.27168e-18	273.328	14950
8.16917e-18	269.504	14960
8.2219e-18	271.451	14970
8.14596e-18	268.779	14980
8.21896e-18	271.221	14990
8.36198e-18	276.505	15000
8.29997e-18	274.285	15010
8.24389e-18	272.303	15020
8.23662e-18	271.952	15030
8.30809e-18	274.478	15040
8.31159e-18	274.831	15050
8.16878e-18	269.472	15060
8.42389e-18	278.662	15070
8.3451e-18	275.994	15080
8.32268e-18	275.021	15090
8.41996e-18	278.56	15100
8.38984e-18	277.636	15110
8.29737e-18	274.195	15120
8.2665e-18	272.967	15130
8.37484e-18	277.008	15140
8.26603e-18	273.062	15150
8.34651e-18	275.889	15160
8.35427e-18	276.219	15170
8.35387e-18	276.222	15180
8.26674e-18	273.03	15190
8.24868e-18	272.435	15200
8.29921e-18	274.243	15210
8.31982e-18	274.928	15220
8.31134e-18	274.767	15230
8.14242e-18	268.55	15240
8.20125e-18	270.692	15250
8.27635e-18	273.37	15260
8.31988e-18	275.003	15270
8.16316e-18	269.504	15280
8.11571e-18	267.5	15290
8.17353e-18	269.717	15300
8.19547e-18	270.513	15310
8.14072e-18	268.55	15320
8.05243e-18	265.34	15330
8.04009e-18	264.839	15340
8.11519e-18	267.551	15350
8.19724e-18	270.525	15360
8.09631e-18	267.023	15370
8.03638e-18	264.801	15380
8.0587e-18	265.521	15390
8.10948e-18	267.363	15400
8.09883e-18	267.123	15410
8.08602e-18	266.517	15420
8.04165e-18	264.96	15430
7.99384e-18	263.213	15440
8.06233e-18	265.649	15450
8.05932e-18	265.684	15460
8.0272e-18	264.372	15470
8.12762e-18	267.988	15480
8.0443e-18	265.177	15490
7.90912e-18	260.177	15500
7.915e-18	260.408	15510
7.88686e-18	259.434	15520
7.91601e-18	260.286	15530
8.0722e-18	266.034	15540
7.95455e-18	261.92	15550
7.80724e-18	256.422	15560
7.96435e-18	262.104	15570
7.95629e-18	261.892	15580
7.98932e-18	262.992	15590
8.03422e-18	264.679	15600
7.98675e-18	262.95	15610
8.05902e-18	265.572	15620
8.04203e-18	264.941	15630
8.06252e-18	265.689	15640
7.99937e-18	263.477	15650
7.94711e-18	261.497	15660
8.091e-18	266.715	15670
8.07613e-18	266.171	15680
8.1282e-18	268.054	15690
8.08204e-18	266.392	15700
8.04735e-18	265.175	15710
8.09057e-18	266.619	15720
8.1482e-18	268.82	15730
8.07059e-18	266.082	15740
8.0607e-18	265.63	15750
8.11555e-18	267.544	15760
8.04157e-18	264.986	15770
7.98253e-18	262.841	15780
8.05394e-18	265.291	15790
8.10151e-18	267.15	15800
8.0029e-18	263.567	15810
7.99159e-18	263.175	15820
8.02136e-18	264.137	15830
8.05599e-18	265.5	15840
8.06768e-18	265.824	15850
8.05746e-18	265.521	15860
8.20506e-18	270.809	15870
8.20201e-18	270.653	15880
8.26188e-18	272.89	15890
8.08337e-18	266.643	15900
8.05533e-18	265.344	15910
8.14696e-18	268.634	15920
8.1988e-18	270.714	15930
8.14969e-18	268.761	15940
8.24617e-18	272.311	15950
8.15845e-18	269.233	15960
8.18569e-18	270.114	15970
8.19389e-18	270.454	15980
8.12081e-18	267.808	15990
8.17985e-18	269.822	16000
8.25167e-18	272.584	16010
8.23207e-18	271.778	16020
8.22065e-18	271.383	16030
8.14542e-18	268.731	16040
8.11669e-18	267.599	16050
8.28649e-18	273.78	16060
8.20233e-18	270.82	16070
8.09731e-18	266.973	16080
8.15946e-18	269.088	16090
8.22206e-18	271.497	16100
8.21609e-18	271.146	16110
8.2667e-18	273.134	16120
8.17115e-18	269.613	16130
8.15819e-18	269.132	16140
8.23624e-18	271.877	16150
8.38746e-18	277.339	16160
8.35421e-18	276.29	16170
8.27294e-18	273.377	16180
8.20076e-18	270.605	16190
8.36222e-18	276.404	16200
8.37407e-18	277.028	16210
8.21892e-18	271.323	16220
8.37254e-18	276.815	16230
8.28473e-18	273.815	16240
8.22572e-18	271.541	16250
8.29466e-18	274.023	16260
8.38354e-18	277.258	16270
8.39579e-18	277.715	16280
8.36946e-18	276.81	16290
8.23139e-18	271.784	16300
8.2684e-18	273.154	16310
8.24275e-18	272.177	16320
8.35242e-18	276.075	16330
8.34725e-18	276.016	16340
8.28125e-18	273.605	16350
8.32806e-18	275.251	16360
8.29488e-18	274.074	16370
8.33073e-18	275.359	16380
8.28121e-18	273.66	16390
8.22547e-18	271.489	16400
8.46114e-18	280.048	16410
8.39896e-18	277.789	16420
8.36437e-18	276.689	16430
8.35254e-18	276.068	16440
8.38643e-18	277.416	16450
8.34278e-18	275.832	16460
8.34469e-18	275.806	16470
8.31343e-18	274.775	16480
8.28826e-18	273.907	16490
8.30923e-18	274.623	16500
8.30496e-18	274.428	16510
8.35542e-18	276.218	16520
8.28417e-18	273.692	16530
8.30266e-18	274.396	16540
8.24396e-18	272.174	16550
8.39213e-18	277.482	16560
8.44601e-18	279.576	16570
8.34119e-18	275.818	16580
8.32517e-18	275.155	16590
8.29494e-18	274.075	16600
8.37846e-18	276.982	16610
8.49005e-18	281.079	16620
8.44248e-18	279.571	16630
8.26951e-18	273.004	16640
8.44565e-18	279.519	16650
8.37073e-18	276.86	16660
8.40891e-18	278.147	16670
8.27281e-18	273.31	16680
8.38025e-18	277.091	16690
8.39053e-18	277.539	16700
8.44187e-18	279.335	16710
8.36157e-18	276.534	16720
8.32163e-18	274.962	16730
8.29744e-18	274.185	16740
8.35491e-18	276.263	16750
8.3812e-18	277.144	16760
8.25676e-18	272.744	16770
8.29841e-18	274.18	16780
8.38788e-18	277.408	16790
8.41925e-18	278.613	16800
8.24428e-18	272.347	16810
8.2399e-18	272.01	16820
8.27236e-18	273.245	16830
8.43849e-18	279.222	16840
8.36095e-18	276.478	16850
8.29795e-18	274.18	16860
8.32252e-18	275.092	16870
8.29589e-18	274.089	16880
8.32377e-18	275.098	16890
8.38028e-18	277.078	16900
8.35047e-18	276.1	16910
8.32295e-18	275.061	16920
8.23304e-18	271.863	16930
8.31059e-18	274.611	16940
8.38811e-18	277.484	16950
8.2671e-18	273.123	16960
8.25439e-18	272.618	16970
8.23428e-18	271.904	16980
8.26818e-18	273.138	16990
8.25216e-18	272.6	17000
8.24224e-18	272.144	17010
8.29775e-18	274.208	17020
8.34436e-18	275.782	17030
8.34506e-18	275.952	17040
8.27997e-18	273.609	17050
8.21975e-18	271.407	17060
8.27216e-18	273.189	17070
8.34365e-18	275.934	17080
8.26207e-18	272.886	17090
8.31998e-18	275.065	17100
8.20676e-18	270.933	17110
8.22554e-18	271.546	17120
8.27991e-18	273.607	17130
8.17916e-18	269.9	17140
8.2774e-18	273.564	17150
8.10079e-18	267.141	17160
8.12594e-18	268.047	17170
7.98206e-18	262.911	17180
7.96568e-18	262.114	17190
8.08444e-18	266.539	17200
8.06725e-18	265.899	17210
8.10819e-18	267.338	17220
8.1135e-18	267.731	17230
7.99524e-18	263.288	17240
8.0716e-18	266.051	17250
8.00207e-18	263.636	17260
7.99888e-18	263.394	17270
7.98531e-18	263.007	17280
8.02998e-18	264.58	17290
7.92925e-18	260.995	17300
8.05135e-18	265.304	17310
8.011e-18	263.955	17320
7.94991e-18	261.698	17330
7.9526e-18	261.752	17340
7.98366e-18	262.95	17350
7.94392e-18	261.509	17360
7.84682e-18	258.044	17370
7.73389e-18	253.946	17380
7.79692e-18	256.14	17390
7.77322e-18	255.36	17400
7.80076e-18	256.222	17410
7.79738e-18	256.284	17420
7.66951e-18	251.594	17430
7.75034e-18	254.456	17440
7.74245e-18	254.216	17450
7.75253e-18	254.541	17460
7.72788e-18	253.721	17470
7.71927e-18	253.326	17480
7.72833e-18	253.701	17490
7.64416e-18	250.673	17500
7.61505e-18	249.587	17510
7.76098e-18	254.784	17520
7.85004e-18	258.057	17530
7.77893e-18	255.62	17540
7.76199e-18	254.875	17550
7.74705e-18	254.343	17560
7.89334e-18	259.479	17570
8.03739e-18	264.893	17580
7.92085e-18	260.693	17590
7.85943e-18	258.481	17600
7.84884e-18	257.959	17610
8.02085e-18	264.156	17620
8.05909e-18	265.703	17630
8.0235e-18	264.361	17640
7.99958e-18	263.566	17650
7.99012e-18	263.117	17660
8.02037e-18	264.253	17670
7.9453e-18	261.477	17680
7.96694e-18	262.333	17690
7.89008e-18	259.54	17700
7.94029e-18	261.369	17710
7.87278e-18	258.802	17720
7.97158e-18	262.515	17730
7.89001e-18	259.47	17740
7.87019e-18	258.877	17750
7.86753e-18	258.642	17760
7.95358e-18	261.744	17770
7.9587e-18	262.093	17780
7.82705e-18	257.195	17790
7.96422e-18	262.07	17800
8.08173e-18	266.475	17810
8.00126e-18	263.562	17820
7.94808e-18	261.644	17830
7.93593e-18	261.095	17840
8.03079e-18	264.571	17850
7.94207e-18	261.45	17860
7.99607e-18	263.297	17870
7.99222e-18	263.167	17880
8.03385e-18	264.726	17890
8.02488e-18	264.386	17900
8.01042e-18	263.812	17910
8.12583e-18	267.944	17920
8.1343e-18	268.418	17930
8.0731e-18	266.171	17940
8.0453e-18	265.046	17950
8.19515e-18	270.466	17960
8.05972e-18	265.652	17970
8.11748e-18	267.693	17980
8.19774e-18	270.598	17990
8.16631e-18	269.434	18000
8.15478e-18	269.234	18010
8.02392e-18	264.236	18020
8.17929e-18	269.868	18030
8.1846e-18	270.189	18040
8.10461e-18	267.2	18050
8.19352e-18	270.484	18060
8.0286e-18	264.511	18070
8.14819e-18	268.768	18080
8.18252e-18	270.058	18090
8.03272e-18	264.677	18100
7.99026e-18	263.088	18110
8.11126e-18	267.395	18120
8.10928e-18	267.421	18130
8.05317e-18	265.428	18140
8.03131e-18	264.577	18150
8.03173e-18	264.585	18160
8.04818e-18	265.116	18170
8.12448e-18	267.974	18180
8.05446e-18	265.487	18190
8.04616e-18	265.102	18200
8.08879e-18	266.644	18210
8.08977e-18	266.697	18220
8.04016e-18	264.887	18230
8.14581e-18	268.639	18240
8.20986e-18	270.971	18250
8.20308e-18	270.842	18260
8.23416e-18	271.856	18270
8.20844e-18	271.014	18280
8.19105e-18	270.347	18290
8.17704e-18	269.896	18300
8.09255e-18	266.791	18310
8.14487e-18	268.548	18320
8.24101e-18	272.116	18330
8.22752e-18	271.737	18340
8.22569e-18	271.565	18350
8.22241e-18	271.538	18360
8.2004e-18	270.692	18370
8.17431e-18	269.797	18380
8.22023e-18	271.423	18390
8.18693e-18	270.165	18400
8.22921e-18	271.743	18410
8.33266e-18	275.412	18420
8.3356e-18	275.622	18430
8.29531e-18	274.091	18440
8.30339e-18	274.365	18450
8.40256e-18	278.025	18460
8.32866e-18	275.378	18470
8.26523e-18	273.074	18480
8.22947e-18	271.668	18490
8.26009e-18	272.869	18500
8.31567e-18	274.85	18510
8.33408e-18	275.481	18520
8.35595e-18	276.375	18530
8.2513e-18	272.573	18540
8.19609e-18	270.577	18550
8.22025e-18	271.359	18560
8.27351e-18	273.361	18570
8.25285e-18	272.627	18580
8.16178e-18	269.363	18590
8.23753e-18	271.926	18600
8.29222e-18	274.067	18610
8.26443e-18	273.001	18620
8.15557e-18	269.155	18630
8.12147e-18	267.908	18640
8.26427e-18	272.916	18650
8.32072e-18	275.085	18660
8.19573e-18	270.604	18670
8.20148e-18	270.691	18680
8.2272e-18	271.743	18690
8.20757e-18	270.886	18700
8.18849e-18	270.397	18710
8.18753e-18	270.09	18720
8.37482e-18	277.027	18730
8.31261e-18	274.731	18740
8.34187e-18	275.849	18750
8.2819e-18	273.643	18760
8.28171e-18	273.559	18770
8.35136e-18	276.217	18780
8.30818e-18	274.573	18790
8.29525e-18	274.152	18800
8.29546e-18	274.13	18810
8.25779e-18	272.71	18820
8.28432e-18	273.819	18830
8.22396e-18	271.536	18840
8.28664e-18	273.805	18850
8.26301e-18	273.032	18860
8.20754e-18	270.935	18870
8.28807e-18	273.843	18880
8.25644e-18	272.727	18890
8.31466e-18	274.803	18900
8.33145e-18	275.462	18910
8.27812e-18	273.523	18920
8.29099e-18	274.032	18930
8.26518e-18	273	18940
8.2246e-18	271.683	18950
8.18593e-18	270.126	18960
8.23406e-18	271.858	18970
8.30208e-18	274.448	18980
8.25134e-18	272.533	18990
8.2473e-18	272.356	19000
8.36058e-18	276.448	19010
8.26361e-18	273.036	19020
8.14536e-18	268.767	19030
8.22765e-18	271.656	19040
8.22351e-18	271.531	19050
8.2918e-18	274.002	19060
8.23788e-18	272.082	19070
8.24629e-18	272.41	19080
8.24303e-18	272.137	19090
8.32399e-18	275.188	19100
8.26998e-18	273.161	19110
8.3346e-18	275.555	19120
8.35145e-18	276.115	19130
8.27587e-18	273.436	19140
8.39591e-18	277.762	19150
8.30572e-18	274.526	19160
8.41907e-18	278.503	19170
8.41883e-18	278.609	19180
8.45258e-18	279.755	19190
8.3661e-18	276.755	19200
8.38989e-18	277.459	19210
8.43059e-18	278.992	19220
8.4046e-18	278.031	19230
8.3848e-18	277.324	19240
8.39598e-18	277.869	19250
8.24554e-18	272.335	19260
8.25806e-18	272.691	19270
8.38172e-18	277.233	19280
8.42689e-18	278.906	19290
8.21559e-18	271.403	19300
8.08848e-18	266.729	19310
8.08828e-18	266.527	19320
8.2848e-18	273.742	19330
8.1967e-18	270.626	19340
8.19957e-18	270.621	19350
8.1954e-18	270.477	19360
8.12992e-18	268.221	19370
8.15793e-18	269.179	19380
8.10085e-18	267.093	19390
8.21984e-18	271.34	19400
8.19516e-18	270.556	19410
8.0924e-18	266.856	19420
8.10787e-18	267.271	19430
8.15574e-18	269.131	19440
8.23358e-18	271.761	19450
8.19423e-18	270.601	19460
8.16463e-18	269.493	19470
8.14013e-18	268.548	19480
8.01289e-18	263.988	19490
8.07264e-18	266.025	19500
8.10634e-18	267.294	19510
8.0865e-18	266.667	19520
8.05993e-18	265.563	19530
8.1036e-18	267.241	19540
8.0871e-18	266.683	19550
8.02757e-18	264.488	19560
8.03519e-18	264.788	19570
8.03215e-18	264.628	19580
7.96552e-18	262.292	19590
7.9349e-18	261.172	19600
8.00005e-18	263.431	19610
7.95497e-18	261.998	19620
8.01707e-18	264.108	19630
8.02542e-18	264.381	19640
8.01136e-18	263.894	19650
7.97033e-18	262.504	19660
7.88134e-18	259.259	19670
7.93146e-18	260.997	19680
7.94399e-18	261.537	19690
7.87634e-18	258.972	19700
7.91611e-18	260.528	19710
7.88788e-18	259.476	19720
7.69823e-18	252.623	19730
7.84659e-18	257.882	19740
7.89532e-18	259.775	19750
7.74045e-18	254.118	19760
7.80283e-18	256.337	19770
7.84045e-18	257.77	19780
7.78104e-18	255.67	19790
7.72962e-18	253.749	19800
7.73302e-18	253.841	19810
7.72226e-18	253.487	19820
7.74678e-18	254.285	19830
7.93785e-18	261.188	19840
7.90846e-18	260.312	19850
7.7707e-18	255.248	19860
7.8297e-18	257.309	19870
7.86019e-18	258.494	19880
7.79616e-18	256.182	19890
7.81084e-18	256.719	19900
7.70868e-18	253	19910
7.73261e-18	253.795	19920
7.80808e-18	256.591	19930
7.77467e-18	255.392	19940
7.75925e-18	254.846	19950
7.71784e-18	253.298	19960
7.83659e-18	257.523	19970
7.8721e-18	258.945	19980
7.74637e-18	254.375	19990
7.81201e-18	256.696	20000
