6.92838e-19	0.000254323	0
6.9373e-19	0.0308157	10
6.96078e-19	0.112729	20
6.99914e-19	0.247148	30
7.05293e-19	0.436007	40
7.12295e-19	0.682113	50
7.21025e-19	0.989278	60
7.31626e-19	1.36252	70
7.44285e-19	1.8086	80
7.59243e-19	2.33627	90
7.7691e-19	2.96198	100
7.9763e-19	3.69687	110
8.21889e-19	4.55786	120
8.50436e-19	5.57336	130
8.84366e-19	6.78587	140
9.24666e-19	8.22683	150
9.7294e-19	9.95372	160
1.03141e-18	12.0461	170
1.10317e-18	14.6156	180
1.19268e-18	17.8213	190
1.30638e-18	21.8948	200
1.45385e-18	27.179	210
1.64935e-18	34.1861	220
1.91386e-18	43.668	230
2.27476e-18	56.6114	240
2.74853e-18	73.6338	250
3.23098e-18	91.1278	260
3.06715e-18	85.9553	270
1.43984e-18	27.4319	280
1.80477e-18	38.57	290
3.27334e-18	92.3918	300
3.25091e-18	92.1653	310
2.78534e-18	75.3683	320
2.37808e-18	60.5641	330
2.09031e-18	50.0808	340
1.89958e-18	43.1231	350
1.77948e-18	38.7275	360
1.71148e-18	36.2195	370
1.68404e-18	35.1777	380
1.69092e-18	35.3731	390
1.72992e-18	36.724	400
1.80254e-18	39.2816	410
1.9143e-18	43.244	420
2.07542e-18	48.9754	430
2.30183e-18	57.0451	440
2.61406e-18	68.2054	450
3.01625e-18	82.6304	460
3.39483e-18	96.3492	470
3.20579e-18	90.0714	480
2.02225e-18	47.345	490
2.24113e-18	53.886	500
3.39945e-18	96	510
3.66913e-18	106.208	520
3.49655e-18	100.021	530
3.35674e-18	94.8626	540
3.37895e-18	95.5196	550
3.58342e-18	102.758	560
3.91981e-18	114.834	570
4.05393e-18	119.964	580
3.3107e-18	93.5758	590
2.55593e-18	65.6549	600
3.36121e-18	93.7249	610
4.44173e-18	133.393	620
4.46547e-18	134.53	630
4.37142e-18	131.024	640
4.36646e-18	130.749	650
4.38339e-18	131.292	660
4.47451e-18	134.386	670
4.71146e-18	142.875	680
4.88881e-18	149.039	690
5.49408e-18	170.768	700
5.64529e-18	176.515	710
5.64439e-18	176.034	720
5.8769e-18	184.482	730
6.45334e-18	205.316	740
6.32698e-18	201	750
6.49296e-18	206.54	760
6.27222e-18	199.074	770
5.89389e-18	185.161	780
6.09122e-18	191.618	790
6.99698e-18	224.564	800
7.06507e-18	227.62	810
6.74947e-18	215.452	820
7.24956e-18	233.949	830
7.28471e-18	235.24	840
7.11516e-18	229.34	850
6.58212e-18	209.908	860
6.77754e-18	216.952	870
6.66612e-18	212.718	880
6.4598e-18	205.837	890
6.62792e-18	210.541	900
7.80003e-18	253.616	910
7.28671e-18	235.319	920
6.3999e-18	203.789	930
5.87791e-18	183.657	940
6.74394e-18	214.62	950
7.31021e-18	235.729	960
7.03323e-18	225.938	970
6.58185e-18	209.293	980
6.82952e-18	218.204	990
6.65535e-18	212	1000
6.54365e-18	207.779	1010
6.93211e-18	221.519	1020
6.91966e-18	221.757	1030
6.15124e-18	193.457	1040
6.94216e-18	221.476	1050
7.30969e-18	235.959	1060
6.92307e-18	221.037	1070
6.20338e-18	195.663	1080
7.07128e-18	226.325	1090
7.17601e-18	230.481	1100
7.80329e-18	252.768	1110
7.12103e-18	228.6	1120
7.74438e-18	250.263	1130
7.63677e-18	247.997	1140
7.71103e-18	248.516	1150
8.67843e-18	284.5	1160
6.9001e-18	221.558	1170
8.00567e-18	259.456	1180
7.57585e-18	245.194	1190
6.87772e-18	219.575	1200
6.40384e-18	202.96	1210
6.01174e-18	187.331	1220
6.64586e-18	211.125	1230
7.11181e-18	226.894	1240
7.96318e-18	258.342	1250
7.72231e-18	249.978	1260
7.46878e-18	240.89	1270
7.07222e-18	225.819	1280
7.61119e-18	245.508	1290
8.16261e-18	265.551	1300
7.64213e-18	247.265	1310
7.72685e-18	249.528	1320
8.17446e-18	266.458	1330
7.70299e-18	248.408	1340
9.12654e-18	299.989	1350
8.74924e-18	287.534	1360
7.77256e-18	251.796	1370
7.23119e-18	231.986	1380
8.38239e-18	273.301	1390
8.45091e-18	276.923	1400
7.92664e-18	256.529	1410
9.14205e-18	301.163	1420
8.377e-18	274.096	1430
8.34515e-18	272.337	1440
7.85523e-18	254.531	1450
8.74785e-18	287.285	1460
7.93346e-18	258.477	1470
8.45106e-18	276.082	1480
8.46444e-18	277.531	1490
8.0587e-18	262.502	1500
8.22997e-18	268.972	1510
8.06924e-18	262.539	1520
8.3752e-18	274.299	1530
7.17538e-18	231.343	1540
7.43986e-18	239.81	1550
7.16649e-18	230.664	1560
7.78619e-18	252.623	1570
7.60861e-18	247.007	1580
7.24127e-18	233.384	1590
7.07399e-18	227.567	1600
7.55744e-18	244.278	1610
7.55387e-18	245.285	1620
7.04262e-18	226.112	1630
7.35525e-18	237.852	1640
6.77983e-18	217.247	1650
6.99081e-18	224.284	1660
7.03676e-18	226.504	1670
7.04276e-18	226.404	1680
6.67523e-18	213.757	1690
6.64827e-18	211.525	1700
7.37147e-18	238.661	1710
6.68371e-18	213.569	1720
7.57005e-18	245.166	1730
7.5291e-18	244.609	1740
8.02429e-18	261.289	1750
8.33824e-18	273.679	1760
7.85281e-18	255.907	1770
7.5311e-18	244.39	1780
7.87558e-18	256.553	1790
7.66176e-18	249.094	1800
7.75016e-18	251.16	1810
8.40403e-18	275.924	1820
8.23306e-18	270.089	1830
7.12151e-18	229.64	1840
6.92296e-18	223.011	1850
7.25481e-18	234.15	1860
7.35218e-18	238.309	1870
7.10553e-18	228.851	1880
7.30355e-18	236.384	1890
7.24757e-18	234.427	1900
6.95529e-18	223.834	1910
7.26588e-18	235.028	1920
7.3024e-18	236.272	1930
6.89573e-18	222.663	1940
6.18741e-18	195.761	1950
6.45713e-18	205.57	1960
7.07743e-18	228.294	1970
7.24457e-18	234.46	1980
6.90825e-18	222.742	1990
6.92866e-18	222.569	2000
7.19495e-18	232.862	2010
6.82613e-18	219.702	2020
6.70361e-18	214.927	2030
6.93481e-18	223.154	2040
7.2559e-18	234.635	2050
7.53094e-18	244.9	2060
7.39347e-18	239.917	2070
7.25415e-18	235.385	2080
7.32645e-18	237.022	2090
7.84085e-18	256.44	2100
7.46547e-18	242.223	2110
7.95324e-18	260.129	2120
7.80789e-18	255.04	2130
7.72257e-18	252.09	2140
7.65369e-18	249.074	2150
7.71081e-18	251.625	2160
7.83269e-18	255.818	2170
7.96092e-18	260.714	2180
7.824e-18	255.662	2190
7.7464e-18	252.883	2200
7.74814e-18	253.027	2210
7.6454e-18	249.549	2220
7.45249e-18	242.399	2230
7.5533e-18	245.903	2240
7.67118e-18	250.429	2250
7.36338e-18	239.413	2260
7.42277e-18	241.202	2270
7.51769e-18	244.952	2280
7.47442e-18	243.433	2290
7.47484e-18	243.356	2300
7.33934e-18	238.693	2310
7.09928e-18	229.951	2320
7.16334e-18	232.124	2330
7.11092e-18	230.556	2340
6.95542e-18	224.72	2350
7.1332e-18	231.043	2360
7.22431e-18	234.546	2370
7.07972e-18	229.37	2380
6.89276e-18	222.632	2390
6.85412e-18	221.21	2400
6.94229e-18	224.239	2410
7.0867e-18	229.511	2420
7.02043e-18	227.308	2430
6.92986e-18	223.774	2440
6.91092e-18	223.286	2450
6.93231e-18	223.987	2460
7.01702e-18	227.025	2470
7.10965e-18	230.383	2480
7.11778e-18	230.703	2490
7.10885e-18	230.375	2500
7.07491e-18	229.104	2510
7.09994e-18	230.121	2520
7.10341e-18	230.159	2530
7.22568e-18	234.542	2540
7.33117e-18	238.402	2550
7.33863e-18	238.696	2560
7.26682e-18	236.201	2570
7.31328e-18	237.703	2580
7.29851e-18	237.289	2590
7.32352e-18	238.086	2600
7.37796e-18	240.085	2610
7.2987e-18	237.364	2620
7.24043e-18	235.024	2630
7.29454e-18	237.1	2640
7.3208e-18	238.029	2650
7.24794e-18	235.473	2660
7.18158e-18	232.948	2670
7.24811e-18	235.413	2680
7.1787e-18	232.888	2690
7.146e-18	231.629	2700
7.28735e-18	236.75	2710
7.22493e-18	234.588	2720
7.14626e-18	231.716	2730
7.16688e-18	232.329	2740
7.22642e-18	234.564	2750
7.2395e-18	235.006	2760
7.23785e-18	234.866	2770
7.34864e-18	238.951	2780
7.25251e-18	235.45	2790
7.27531e-18	236.27	2800
7.34117e-18	238.594	2810
7.31421e-18	237.687	2820
7.27074e-18	236.07	2830
7.27638e-18	236.205	2840
7.29375e-18	236.903	2850
7.28623e-18	236.647	2860
7.27211e-18	236.133	2870
7.28231e-18	236.381	2880
7.43143e-18	241.79	2890
7.47517e-18	243.466	2900
7.32218e-18	238.037	2910
7.28622e-18	236.587	2920
7.26058e-18	235.697	2930
7.22281e-18	234.36	2940
7.27029e-18	236.004	2950
7.28691e-18	236.632	2960
7.22584e-18	234.41	2970
7.27954e-18	236.27	2980
7.26568e-18	235.972	2990
7.17239e-18	232.369	3000
7.20146e-18	233.534	3010
7.21722e-18	233.971	3020
7.27395e-18	236.092	3030
7.33672e-18	238.26	3040
7.47844e-18	243.437	3050
7.42586e-18	241.601	3060
7.4143e-18	241.129	3070
7.45615e-18	242.597	3080
7.54542e-18	245.858	3090
7.49354e-18	243.984	3100
7.54935e-18	245.864	3110
7.62875e-18	248.91	3120
7.50107e-18	244.281	3130
7.59066e-18	247.433	3140
7.48421e-18	243.711	3150
7.37025e-18	239.487	3160
7.38771e-18	240.169	3170
7.41012e-18	240.954	3180
7.41044e-18	240.984	3190
7.35194e-18	238.915	3200
7.41971e-18	241.214	3210
7.40966e-18	241.074	3220
7.27801e-18	236.143	3230
7.36944e-18	239.563	3240
7.29851e-18	236.947	3250
7.27814e-18	236.287	3260
7.2114e-18	233.885	3270
7.22854e-18	234.384	3280
7.29717e-18	236.873	3290
7.31052e-18	237.459	3300
7.27327e-18	236.028	3310
7.29232e-18	236.76	3320
7.40182e-18	240.664	3330
7.33565e-18	238.38	3340
7.30696e-18	237.334	3350
7.2873e-18	236.576	3360
7.28419e-18	236.606	3370
7.16733e-18	232.239	3380
7.25018e-18	235.202	3390
7.28122e-18	236.447	3400
7.26085e-18	235.647	3410
7.24526e-18	235.084	3420
7.29964e-18	237.006	3430
7.23382e-18	234.756	3440
7.24069e-18	234.887	3450
7.29431e-18	236.854	3460
7.27293e-18	236.049	3470
7.2217e-18	234.381	3480
7.13639e-18	231.095	3490
7.30414e-18	237.194	3500
7.24213e-18	235.041	3510
7.20323e-18	233.625	3520
7.25042e-18	235.262	3530
7.18775e-18	233.085	3540
7.15113e-18	231.708	3550
7.20594e-18	233.695	3560
7.1594e-18	232.005	3570
7.19368e-18	233.285	3580
7.09801e-18	229.782	3590
7.05822e-18	228.399	3600
7.15548e-18	231.845	3610
7.22864e-18	234.524	3620
7.13852e-18	231.355	3630
7.0438e-18	227.842	3640
7.09423e-18	229.734	3650
7.02248e-18	227.005	3660
7.14489e-18	231.549	3670
7.06506e-18	228.617	3680
7.13704e-18	231.212	3690
7.1853e-18	232.96	3700
7.07681e-18	229.137	3710
7.04238e-18	227.832	3720
7.03435e-18	227.459	3730
7.16457e-18	232.196	3740
7.10469e-18	230.087	3750
7.15655e-18	231.912	3760
7.12074e-18	230.686	3770
7.04223e-18	227.792	3780
7.06017e-18	228.487	3790
7.08961e-18	229.474	3800
7.14846e-18	231.643	3810
7.15987e-18	232.057	3820
7.08982e-18	229.524	3830
7.11301e-18	230.333	3840
7.17297e-18	232.413	3850
7.28864e-18	236.663	3860
7.2332e-18	234.722	3870
7.30824e-18	237.319	3880
7.27531e-18	236.287	3890
7.21959e-18	234.16	3900
7.3083e-18	237.353	3910
7.27685e-18	236.302	3920
7.33001e-18	238.124	3930
7.32135e-18	237.908	3940
7.33693e-18	238.415	3950
7.31028e-18	237.534	3960
7.23374e-18	234.712	3970
7.2823e-18	236.435	3980
7.28141e-18	236.434	3990
7.30826e-18	237.413	4000
7.16664e-18	232.384	4010
7.18422e-18	232.877	4020
7.2035e-18	233.682	4030
7.12291e-18	230.708	4040
7.07927e-18	229.187	4050
7.04613e-18	227.964	4060
7.07869e-18	229.07	4070
7.05922e-18	228.363	4080
7.09966e-18	229.848	4090
7.15096e-18	231.658	4100
7.07343e-18	228.999	4110
6.95654e-18	224.636	4120
7.04308e-18	227.76	4130
7.08232e-18	229.16	4140
7.19293e-18	233.174	4150
7.17026e-18	232.403	4160
7.0688e-18	228.696	4170
7.12591e-18	230.778	4180
7.1645e-18	232.035	4190
7.28841e-18	236.54	4200
7.30778e-18	237.38	4210
7.21175e-18	233.808	4220
7.27735e-18	236.21	4230
7.20585e-18	233.631	4240
7.16333e-18	232.077	4250
7.18725e-18	232.932	4260
7.18149e-18	232.738	4270
7.07596e-18	228.877	4280
7.12758e-18	230.779	4290
7.13931e-18	231.16	4300
7.15755e-18	231.794	4310
7.15352e-18	231.701	4320
7.09421e-18	229.578	4330
7.04821e-18	227.909	4340
7.06427e-18	228.404	4350
7.1411e-18	231.207	4360
7.10477e-18	229.965	4370
7.07927e-18	228.89	4380
7.19947e-18	233.348	4390
7.18662e-18	232.813	4400
7.15449e-18	231.788	4410
7.06214e-18	228.318	4420
7.10223e-18	229.797	4430
7.13187e-18	230.869	4440
7.14431e-18	231.207	4450
7.20168e-18	233.366	4460
7.20266e-18	233.372	4470
7.23959e-18	234.751	4480
7.14427e-18	231.302	4490
7.18349e-18	232.678	4500
7.16679e-18	232.026	4510
7.24921e-18	235.036	4520
7.22339e-18	234.143	4530
7.1925e-18	233.034	4540
7.21182e-18	233.646	4550
7.16347e-18	231.941	4560
7.19706e-18	233.145	4570
7.17385e-18	232.348	4580
7.12363e-18	230.476	4590
7.18365e-18	232.593	4600
7.21863e-18	233.863	4610
7.24524e-18	234.903	4620
7.18236e-18	232.627	4630
7.23144e-18	234.4	4640
7.25814e-18	235.369	4650
7.16538e-18	232.075	4660
7.03133e-18	227.214	4670
7.06005e-18	228.161	4680
7.15968e-18	231.802	4690
7.11226e-18	230.123	4700
7.06958e-18	228.554	4710
7.06116e-18	228.297	4720
7.07159e-18	228.569	4730
7.03622e-18	227.371	4740
7.06644e-18	228.308	4750
7.07982e-18	229.033	4760
6.96031e-18	224.563	4770
6.99069e-18	225.633	4780
7.02776e-18	227.082	4790
7.02768e-18	226.942	4800
7.0596e-18	228.179	4810
7.02378e-18	226.914	4820
6.97469e-18	225.07	4830
7.06834e-18	228.477	4840
7.03996e-18	227.426	4850
7.07815e-18	228.831	4860
7.12734e-18	230.553	4870
7.12382e-18	230.516	4880
7.0719e-18	228.644	4890
6.9534e-18	224.292	4900
7.02777e-18	226.901	4910
7.09235e-18	229.311	4920
7.01331e-18	226.428	4930
7.10289e-18	229.544	4940
7.15173e-18	231.441	4950
7.08149e-18	228.859	4960
7.06875e-18	228.371	4970
7.07211e-18	228.408	4980
7.16653e-18	231.887	4990
7.18086e-18	232.277	5000
7.23526e-18	234.388	5010
7.17342e-18	232.069	5020
7.17988e-18	232.336	5030
7.13574e-18	230.713	5040
7.10318e-18	229.569	5050
7.20891e-18	233.24	5060
7.17145e-18	232.012	5070
7.20246e-18	233.027	5080
7.21882e-18	233.652	5090
7.16403e-18	231.728	5100
7.12467e-18	230.242	5110
7.19623e-18	232.712	5120
7.28622e-18	236.089	5130
7.26188e-18	235.068	5140
7.35741e-18	238.637	5150
7.1889e-18	232.568	5160
7.30264e-18	236.57	5170
7.2913e-18	236.247	5180
7.29426e-18	236.306	5190
7.30511e-18	236.743	5200
7.25858e-18	235.038	5210
7.24647e-18	234.566	5220
7.29314e-18	236.291	5230
7.29874e-18	236.46	5240
7.29268e-18	236.318	5250
7.12019e-18	230.018	5260
7.29048e-18	236.117	5270
7.35601e-18	238.581	5280
7.33378e-18	237.708	5290
7.39101e-18	239.846	5300
7.38153e-18	239.462	5310
7.34686e-18	238.256	5320
7.30892e-18	236.812	5330
7.32836e-18	237.535	5340
7.35157e-18	238.435	5350
7.2798e-18	235.766	5360
7.36403e-18	238.828	5370
7.33982e-18	238.041	5380
7.21854e-18	233.589	5390
7.28058e-18	235.812	5400
7.20844e-18	233.322	5410
7.1938e-18	232.672	5420
7.27584e-18	235.667	5430
7.23789e-18	234.352	5440
7.24746e-18	234.598	5450
7.27119e-18	235.42	5460
7.27441e-18	235.655	5470
7.195e-18	232.727	5480
7.1631e-18	231.611	5490
7.18735e-18	232.419	5500
7.21547e-18	233.39	5510
7.27488e-18	235.539	5520
7.34114e-18	237.959	5530
7.28402e-18	235.963	5540
7.25869e-18	235.001	5550
7.35167e-18	238.293	5560
7.28766e-18	236.058	5570
7.25688e-18	234.904	5580
7.25231e-18	234.662	5590
7.30897e-18	236.76	5600
7.24165e-18	234.352	5610
7.2992e-18	236.324	5620
7.28956e-18	236.071	5630
7.27499e-18	235.445	5640
7.33197e-18	237.603	5650
7.235e-18	233.933	5660
7.39568e-18	239.817	5670
7.41015e-18	240.315	5680
7.42234e-18	240.825	5690
7.35851e-18	238.523	5700
7.27857e-18	235.624	5710
7.2594e-18	234.887	5720
7.34146e-18	237.832	5730
7.28004e-18	235.775	5740
7.26613e-18	235.074	5750
7.26838e-18	235.276	5760
7.22918e-18	233.819	5770
7.23882e-18	234.161	5780
7.20699e-18	232.993	5790
7.24943e-18	234.487	5800
7.2962e-18	236.277	5810
7.22417e-18	233.581	5820
7.2464e-18	234.452	5830
7.19832e-18	232.695	5840
7.18126e-18	232.003	5850
7.30955e-18	236.641	5860
7.29974e-18	236.295	5870
7.30415e-18	236.565	5880
7.18779e-18	232.205	5890
7.29637e-18	236.136	5900
7.33611e-18	237.676	5910
7.23445e-18	233.945	5920
7.29609e-18	236.12	5930
7.39665e-18	239.8	5940
7.24752e-18	234.511	5950
7.29394e-18	236.047	5960
7.25727e-18	234.84	5970
7.15776e-18	231.203	5980
7.2138e-18	233.143	5990
7.19216e-18	232.466	6000
7.08123e-18	228.448	6010
7.08963e-18	228.633	6020
7.22145e-18	233.452	6030
7.12195e-18	229.893	6040
7.12879e-18	230.095	6050
7.11038e-18	229.435	6060
7.09408e-18	228.856	6070
7.19244e-18	232.307	6080
7.17752e-18	231.907	6090
7.18056e-18	231.946	6100
7.10188e-18	229.113	6110
7.14104e-18	230.485	6120
7.08965e-18	228.729	6130
7.11937e-18	229.594	6140
7.22989e-18	233.685	6150
7.20635e-18	232.821	6160
7.25942e-18	234.805	6170
7.16783e-18	231.323	6180
7.34039e-18	237.65	6190
7.29651e-18	236.093	6200
7.35245e-18	238.002	6210
7.41922e-18	240.535	6220
7.38856e-18	239.341	6230
7.36923e-18	238.643	6240
7.33625e-18	237.479	6250
7.33716e-18	237.446	6260
7.38223e-18	239.068	6270
7.41795e-18	240.393	6280
7.40187e-18	239.788	6290
7.37689e-18	238.886	6300
7.26743e-18	234.961	6310
7.35538e-18	238.091	6320
7.36916e-18	238.55	6330
7.36777e-18	238.48	6340
7.42891e-18	240.761	6350
7.36641e-18	238.431	6360
7.3352e-18	237.334	6370
7.3745e-18	238.639	6380
7.31554e-18	236.598	6390
7.35228e-18	237.851	6400
7.40746e-18	239.834	6410
7.46234e-18	241.81	6420
7.40808e-18	239.88	6430
7.46828e-18	242.043	6440
7.50775e-18	243.367	6450
7.59705e-18	246.678	6460
7.49631e-18	243.092	6470
7.43109e-18	240.603	6480
7.52814e-18	244.101	6490
7.59968e-18	246.675	6500
7.61872e-18	247.419	6510
7.57789e-18	245.956	6520
7.58005e-18	245.933	6530
7.66425e-18	249.068	6540
7.63828e-18	248.134	6550
7.54569e-18	244.771	6560
7.52329e-18	244.004	6570
7.55614e-18	245.098	6580
7.52023e-18	243.866	6590
7.55758e-18	245.153	6600
7.61195e-18	247.136	6610
7.59117e-18	246.413	6620
7.49104e-18	242.773	6630
7.47459e-18	242.216	6640
7.43427e-18	240.758	6650
7.42473e-18	240.312	6660
7.47596e-18	242.166	6670
7.49159e-18	242.756	6680
7.39178e-18	239.221	6690
7.36099e-18	238.041	6700
7.41458e-18	239.913	6710
7.38531e-18	238.949	6720
7.35332e-18	237.758	6730
7.24541e-18	233.849	6740
7.32305e-18	236.58	6750
7.37273e-18	238.338	6760
7.37042e-18	238.344	6770
7.37042e-18	238.267	6780
7.47859e-18	242.19	6790
7.42232e-18	240.188	6800
7.44555e-18	240.999	6810
7.44275e-18	240.927	6820
7.41133e-18	239.716	6830
7.49612e-18	242.778	6840
7.48834e-18	242.57	6850
7.496e-18	242.741	6860
7.57613e-18	245.628	6870
7.61057e-18	246.942	6880
7.59887e-18	246.504	6890
7.61567e-18	247.014	6900
7.67102e-18	249.094	6910
7.61035e-18	246.909	6920
7.68282e-18	249.431	6930
7.69262e-18	249.88	6940
7.64662e-18	248.204	6950
7.66637e-18	248.824	6960
7.66443e-18	248.841	6970
7.56801e-18	245.329	6980
7.59826e-18	246.406	6990
7.63294e-18	247.664	7000
7.6214e-18	247.239	7010
7.64726e-18	248.131	7020
7.64854e-18	248.24	7030
7.64253e-18	248.021	7040
7.6053e-18	246.568	7050
7.63748e-18	247.876	7060
7.5462e-18	244.531	7070
7.51325e-18	243.299	7080
7.55196e-18	244.684	7090
7.58769e-18	246.039	7100
7.58345e-18	245.853	7110
7.69934e-18	250.004	7120
7.70597e-18	250.299	7130
7.61519e-18	247.05	7140
7.65425e-18	248.324	7150
7.66899e-18	248.959	7160
7.61455e-18	247.016	7170
7.62714e-18	247.406	7180
7.63681e-18	247.785	7190
7.6198e-18	247.165	7200
7.60943e-18	246.787	7210
7.61706e-18	247.137	7220
7.42858e-18	240.258	7230
7.51874e-18	243.417	7240
7.46028e-18	241.494	7250
7.39485e-18	238.951	7260
7.46886e-18	241.68	7270
7.56423e-18	245.102	7280
7.54546e-18	244.398	7290
7.49812e-18	242.804	7300
7.51069e-18	243.217	7310
7.49293e-18	242.589	7320
7.50797e-18	243.144	7330
7.42335e-18	240.046	7340
7.47126e-18	241.724	7350
7.49613e-18	242.743	7360
7.46318e-18	241.501	7370
7.49817e-18	242.762	7380
7.51407e-18	243.261	7390
7.58335e-18	245.829	7400
7.50948e-18	243.284	7410
7.37865e-18	238.434	7420
7.48358e-18	242.179	7430
7.53755e-18	244.2	7440
7.46468e-18	241.523	7450
7.51955e-18	243.505	7460
7.57976e-18	245.725	7470
7.55308e-18	244.764	7480
7.45826e-18	241.321	7490
7.44605e-18	240.865	7500
7.47955e-18	242.051	7510
7.54316e-18	244.334	7520
7.48727e-18	242.424	7530
7.46155e-18	241.353	7540
7.51876e-18	243.359	7550
7.58841e-18	246.052	7560
7.45692e-18	241.166	7570
7.56315e-18	244.962	7580
7.55269e-18	244.664	7590
7.60553e-18	246.5	7600
7.56271e-18	245.018	7610
7.54034e-18	244.168	7620
7.53761e-18	244.032	7630
7.63938e-18	247.637	7640
7.67631e-18	249.029	7650
7.63149e-18	247.42	7660
7.59739e-18	246.158	7670
7.64786e-18	247.942	7680
7.66666e-18	248.61	7690
7.75696e-18	251.832	7700
7.73857e-18	251.273	7710
7.63409e-18	247.401	7720
7.75543e-18	251.742	7730
7.76101e-18	251.956	7740
7.70975e-18	250.209	7750
7.57143e-18	245.138	7760
7.69708e-18	249.556	7770
7.74925e-18	251.486	7780
7.67476e-18	248.881	7790
7.70235e-18	249.637	7800
7.70384e-18	249.832	7810
7.76026e-18	251.831	7820
7.67206e-18	248.691	7830
7.73814e-18	250.906	7840
7.82284e-18	254.062	7850
7.84581e-18	254.851	7860
7.83655e-18	254.56	7870
7.90112e-18	256.849	7880
7.85618e-18	255.299	7890
7.82028e-18	253.883	7900
7.95055e-18	258.561	7910
7.94539e-18	258.344	7920
8.13823e-18	265.343	7930
8.0814e-18	263.381	7940
8.02016e-18	261.114	7950
8.05405e-18	262.22	7960
8.0449e-18	261.953	7970
7.99051e-18	260.063	7980
7.93786e-18	258.078	7990
7.84013e-18	254.601	8000
7.99645e-18	260.063	8010
8.00759e-18	260.641	8020
7.91347e-18	257.199	8030
7.91829e-18	257.309	8040
7.95399e-18	258.723	8050
7.84203e-18	254.589	8060
7.80836e-18	253.398	8070
7.86452e-18	255.223	8080
7.9636e-18	258.987	8090
7.76048e-18	251.727	8100
7.82999e-18	254.056	8110
7.89151e-18	256.277	8120
7.89069e-18	256.398	8130
7.89342e-18	256.351	8140
7.92166e-18	257.489	8150
7.88607e-18	256.151	8160
7.9624e-18	258.839	8170
7.89986e-18	256.732	8180
7.93097e-18	257.673	8190
8.00547e-18	260.394	8200
7.97921e-18	259.517	8210
8.02589e-18	261.132	8220
8.04693e-18	261.825	8230
8.13258e-18	265.05	8240
7.98511e-18	259.699	8250
8.13009e-18	264.821	8260
8.14665e-18	265.501	8270
8.06673e-18	262.645	8280
8.02906e-18	261.19	8290
8.16502e-18	266.096	8300
8.1649e-18	266.136	8310
8.0501e-18	262.112	8320
7.96617e-18	259.006	8330
7.9507e-18	258.348	8340
7.99848e-18	260.132	8350
8.02962e-18	261.264	8360
8.00582e-18	260.388	8370
7.86293e-18	255.357	8380
7.87715e-18	255.664	8390
7.94177e-18	258.069	8400
7.84004e-18	254.466	8410
7.9432e-18	258.063	8420
7.83234e-18	254.276	8430
7.89309e-18	256.281	8440
7.94898e-18	258.337	8450
7.7901e-18	252.674	8460
7.76672e-18	251.75	8470
7.79192e-18	252.691	8480
7.74612e-18	251.043	8490
7.79113e-18	252.629	8500
7.77759e-18	252.22	8510
7.82049e-18	253.64	8520
7.91208e-18	257.012	8530
7.80101e-18	253.066	8540
7.78773e-18	252.512	8550
7.87786e-18	255.707	8560
7.82191e-18	253.832	8570
7.8435e-18	254.53	8580
7.92157e-18	257.313	8590
7.94895e-18	258.439	8600
7.87658e-18	255.73	8610
7.81279e-18	253.463	8620
7.76525e-18	251.777	8630
7.81013e-18	253.274	8640
7.84904e-18	254.782	8650
7.88729e-18	256.125	8660
7.81841e-18	253.724	8670
7.9479e-18	258.285	8680
7.94576e-18	258.295	8690
7.98088e-18	259.575	8700
7.81593e-18	253.623	8710
7.94223e-18	258.152	8720
7.80678e-18	253.284	8730
7.98001e-18	259.513	8740
7.75954e-18	251.738	8750
7.74755e-18	251.154	8760
7.83672e-18	254.373	8770
7.84862e-18	254.926	8780
7.76263e-18	251.752	8790
7.83986e-18	254.511	8800
7.78694e-18	252.689	8810
7.64593e-18	247.602	8820
7.66189e-18	248.162	8830
7.69438e-18	249.3	8840
7.66859e-18	248.336	8850
7.65628e-18	248.053	8860
7.58295e-18	245.338	8870
7.65603e-18	247.961	8880
7.69797e-18	249.47	8890
7.66085e-18	248.188	8900
7.63691e-18	247.336	8910
7.66049e-18	248.117	8920
7.70834e-18	249.979	8930
7.56955e-18	244.926	8940
7.52498e-18	243.312	8950
7.63348e-18	247.155	8960
7.60084e-18	246.02	8970
7.61552e-18	246.584	8980
7.60689e-18	246.236	8990
7.66677e-18	248.441	9000
7.64795e-18	247.72	9010
7.61672e-18	246.654	9020
7.60893e-18	246.328	9030
7.59849e-18	245.946	9040
7.73487e-18	250.757	9050
7.78593e-18	252.77	9060
7.63374e-18	247.281	9070
7.63414e-18	247.135	9080
7.69489e-18	249.438	9090
7.77698e-18	252.363	9100
7.79474e-18	252.934	9110
7.77747e-18	252.46	9120
7.79254e-18	252.866	9130
7.79225e-18	252.954	9140
7.7231e-18	250.406	9150
7.77467e-18	252.191	9160
7.87076e-18	255.779	9170
7.77821e-18	252.418	9180
7.86115e-18	255.328	9190
7.85126e-18	255.004	9200
7.82885e-18	254.242	9210
7.75813e-18	251.654	9220
7.69885e-18	249.432	9230
7.86159e-18	255.231	9240
7.89691e-18	256.646	9250
7.85092e-18	254.998	9260
7.82391e-18	253.945	9270
7.91284e-18	257.254	9280
7.90319e-18	256.79	9290
7.91669e-18	257.366	9300
7.86655e-18	255.567	9310
7.83787e-18	254.456	9320
7.86235e-18	255.314	9330
7.93367e-18	257.962	9340
7.91761e-18	257.288	9350
7.86449e-18	255.554	9360
7.88705e-18	256.183	9370
7.83882e-18	254.599	9380
7.77071e-18	252.026	9390
7.78804e-18	252.658	9400
7.80498e-18	253.292	9410
7.86876e-18	255.58	9420
7.79199e-18	252.943	9430
7.68546e-18	248.979	9440
7.77888e-18	252.303	9450
7.84957e-18	254.811	9460
7.87609e-18	255.924	9470
7.81064e-18	253.435	9480
7.85929e-18	255.294	9490
7.83593e-18	254.42	9500
7.83688e-18	254.365	9510
7.87534e-18	255.789	9520
7.87695e-18	255.862	9530
7.79115e-18	252.761	9540
7.86092e-18	255.209	9550
7.79147e-18	252.826	9560
7.84661e-18	254.675	9570
7.87299e-18	255.733	9580
7.79432e-18	252.858	9590
7.79059e-18	252.703	9600
7.76397e-18	251.666	9610
7.95008e-18	258.314	9620
7.91197e-18	257.153	9630
7.76853e-18	251.924	9640
7.91803e-18	257.182	9650
8.03044e-18	261.276	9660
8.0167e-18	260.794	9670
7.95454e-18	258.674	9680
7.99224e-18	259.889	9690
7.93966e-18	258.107	9700
7.8976e-18	256.527	9710
7.95e-18	258.33	9720
8.04914e-18	261.973	9730
8.09216e-18	263.433	9740
8.02749e-18	261.251	9750
7.99267e-18	259.909	9760
7.9388e-18	257.974	9770
7.93346e-18	257.749	9780
7.96656e-18	258.938	9790
7.94684e-18	258.293	9800
8.01042e-18	260.539	9810
7.93096e-18	257.706	9820
7.92054e-18	257.406	9830
7.76524e-18	251.717	9840
7.84767e-18	254.57	9850
7.95541e-18	258.583	9860
7.95459e-18	258.591	9870
7.90458e-18	256.842	9880
7.76266e-18	251.65	9890
7.8186e-18	253.635	9900
7.88173e-18	255.935	9910
7.71098e-18	249.786	9920
7.77447e-18	251.926	9930
7.87229e-18	255.643	9940
7.82437e-18	253.799	9950
7.84527e-18	254.631	9960
7.82003e-18	253.68	9970
7.82236e-18	253.761	9980
7.85045e-18	254.773	9990
7.84203e-18	254.435	10000
7.9428e-18	258.076	10010
8.04448e-18	261.703	10020
8.01005e-18	260.602	10030
7.94295e-18	258.211	10040
7.90184e-18	256.58	10050
8.01356e-18	260.644	10060
7.96753e-18	259.068	10070
7.93863e-18	258.008	10080
7.94032e-18	257.993	10090
8.01575e-18	260.732	10100
7.9773e-18	259.378	10110
7.93854e-18	258.046	10120
7.97461e-18	259.247	10130
7.98247e-18	259.587	10140
7.93834e-18	258.005	10150
7.99774e-18	260.134	10160
7.88502e-18	256.15	10170
7.88965e-18	256.189	10180
7.96692e-18	259.037	10190
7.94124e-18	258.091	10200
7.9047e-18	256.808	10210
7.9499e-18	258.342	10220
7.8635e-18	255.408	10230
7.79581e-18	252.827	10240
7.82423e-18	253.848	10250
7.91509e-18	257.176	10260
7.90748e-18	256.876	10270
7.89173e-18	256.268	10280
7.83687e-18	254.434	10290
7.92574e-18	257.41	10300
7.92601e-18	257.681	10310
7.91389e-18	257.075	10320
7.89262e-18	256.396	10330
7.83933e-18	254.475	10340
7.81328e-18	253.467	10350
7.8584e-18	255.035	10360
7.9364e-18	257.866	10370
7.9231e-18	257.444	10380
7.95475e-18	258.564	10390
7.91533e-18	257.168	10400
7.99034e-18	259.734	10410
7.96672e-18	259.093	10420
7.85265e-18	254.875	10430
7.94103e-18	258.034	10440
7.89764e-18	256.441	10450
8.04872e-18	261.942	10460
7.94829e-18	258.299	10470
8.0048e-18	260.359	10480
7.86551e-18	255.35	10490
7.92675e-18	257.451	10500
7.92092e-18	257.309	10510
8.02073e-18	260.874	10520
8.01514e-18	260.725	10530
8.00514e-18	260.35	10540
8.0827e-18	263.061	10550
8.08133e-18	263.128	10560
8.00198e-18	260.189	10570
8.06599e-18	262.52	10580
8.17407e-18	266.379	10590
8.16891e-18	266.233	10600
8.1421e-18	265.238	10610
8.14306e-18	265.302	10620
8.10133e-18	263.886	10630
8.12315e-18	264.498	10640
8.17397e-18	266.364	10650
8.13607e-18	265.075	10660
8.01392e-18	260.739	10670
7.93344e-18	257.683	10680
8.01341e-18	260.507	10690
8.14379e-18	265.265	10700
8.06968e-18	262.623	10710
7.98552e-18	259.75	10720
7.88762e-18	255.974	10730
8.04963e-18	261.865	10740
8.00527e-18	260.305	10750
7.9637e-18	258.786	10760
7.89979e-18	256.536	10770
7.96552e-18	258.657	10780
8.10798e-18	263.999	10790
8.02364e-18	261.021	10800
8.02458e-18	260.855	10810
8.08762e-18	263.303	10820
8.05323e-18	261.916	10830
8.07329e-18	262.741	10840
8.04579e-18	261.703	10850
8.06531e-18	262.386	10860
8.1318e-18	264.887	10870
8.0344e-18	261.341	10880
8.12635e-18	264.582	10890
8.06316e-18	262.353	10900
8.17555e-18	266.338	10910
8.17002e-18	266.231	10920
8.16619e-18	266.105	10930
8.08088e-18	263.003	10940
8.1141e-18	264.288	10950
8.04514e-18	261.581	10960
8.22418e-18	268.167	10970
8.19546e-18	267.258	10980
8.08315e-18	263.059	10990
8.12004e-18	264.406	11000
8.11449e-18	264.311	11010
7.96088e-18	258.692	11020
8.00433e-18	260.3	11030
8.01223e-18	260.532	11040
8.01977e-18	260.836	11050
7.89753e-18	256.403	11060
8.00792e-18	260.341	11070
8.06452e-18	262.444	11080
7.95594e-18	258.648	11090
7.94131e-18	257.918	11100
8.02405e-18	261.053	11110
8.01724e-18	260.637	11120
8.06737e-18	262.603	11130
7.98477e-18	259.65	11140
8.02187e-18	260.873	11150
8.04316e-18	261.708	11160
7.98804e-18	259.814	11170
7.90864e-18	256.9	11180
7.83364e-18	254.121	11190
8.00749e-18	260.366	11200
8.05985e-18	262.301	11210
7.93293e-18	257.828	11220
7.86405e-18	255.183	11230
7.97381e-18	259.197	11240
7.99125e-18	259.812	11250
7.97923e-18	259.435	11260
7.9194e-18	257.237	11270
7.9598e-18	258.712	11280
8.02098e-18	260.958	11290
7.99462e-18	259.967	11300
7.94428e-18	258.233	11310
7.93489e-18	257.748	11320
7.98806e-18	259.808	11330
7.91075e-18	256.986	11340
7.97765e-18	259.362	11350
8.03065e-18	261.26	11360
8.05304e-18	262.057	11370
8.00007e-18	260.233	11380
8.0508e-18	261.976	11390
8.0268e-18	261.193	11400
8.09272e-18	263.525	11410
8.09746e-18	263.727	11420
8.08111e-18	263.192	11430
7.98634e-18	259.729	11440
8.03685e-18	261.523	11450
8.11847e-18	264.397	11460
8.20505e-18	267.648	11470
8.10301e-18	264.055	11480
8.03391e-18	261.496	11490
7.99139e-18	259.865	11500
8.03327e-18	261.527	11510
7.9928e-18	259.97	11520
8.0685e-18	262.694	11530
8.06865e-18	262.743	11540
8.14422e-18	265.511	11550
8.02675e-18	261.295	11560
7.92172e-18	257.543	11570
7.95558e-18	258.601	11580
8.1333e-18	265.09	11590
8.13507e-18	265.212	11600
8.03873e-18	261.825	11610
7.96857e-18	259.178	11620
7.97367e-18	259.425	11630
8.01068e-18	260.739	11640
7.92167e-18	257.562	11650
7.91724e-18	257.41	11660
7.85485e-18	255.212	11670
7.86426e-18	255.446	11680
7.90432e-18	256.969	11690
7.81821e-18	253.923	11700
7.78399e-18	252.661	11710
7.6572e-18	248.115	11720
7.73802e-18	250.912	11730
7.8042e-18	253.401	11740
7.73569e-18	251.003	11750
7.71758e-18	250.166	11760
7.74992e-18	251.478	11770
7.69357e-18	249.391	11780
7.74325e-18	251.111	11790
7.77716e-18	252.493	11800
7.70738e-18	249.853	11810
7.72208e-18	250.439	11820
7.6845e-18	249.044	11830
7.70364e-18	249.696	11840
7.78609e-18	252.698	11850
7.7536e-18	251.618	11860
7.70982e-18	250.013	11870
7.60211e-18	246.092	11880
7.65017e-18	247.788	11890
7.79346e-18	252.884	11900
7.75004e-18	251.447	11910
7.73688e-18	250.945	11920
7.71717e-18	250.112	11930
7.77889e-18	252.475	11940
7.68904e-18	249.177	11950
7.77446e-18	252.182	11960
7.6892e-18	249.269	11970
7.65379e-18	247.865	11980
7.78306e-18	252.506	11990
7.83342e-18	254.387	12000
7.79617e-18	252.999	12010
7.80122e-18	253.206	12020
7.8088e-18	253.431	12030
7.87629e-18	255.85	12040
7.83647e-18	254.529	12050
7.80585e-18	253.303	12060
7.85999e-18	255.265	12070
7.86582e-18	255.529	12080
7.94541e-18	258.398	12090
7.92118e-18	257.544	12100
7.85704e-18	255.276	12110
7.76563e-18	251.884	12120
7.82722e-18	254.01	12130
7.89694e-18	256.652	12140
7.95342e-18	258.615	12150
7.93051e-18	257.944	12160
7.88806e-18	256.301	12170
7.89328e-18	256.616	12180
7.83444e-18	254.34	12190
7.88826e-18	256.32	12200
7.93026e-18	257.886	12210
7.78537e-18	252.764	12220
7.73796e-18	250.924	12230
7.76049e-18	251.717	12240
7.83735e-18	254.539	12250
7.83188e-18	254.325	12260
7.81554e-18	253.808	12270
7.72895e-18	250.659	12280
7.70372e-18	249.8	12290
7.68564e-18	249.066	12300
7.73594e-18	250.921	12310
7.6334e-18	247.337	12320
7.49535e-18	242.279	12330
7.62637e-18	246.936	12340
7.69446e-18	249.413	12350
7.63835e-18	247.501	12360
7.6579e-18	248.135	12370
7.64044e-18	247.579	12380
7.63054e-18	247.086	12390
7.66661e-18	248.573	12400
7.59197e-18	245.858	12410
7.48503e-18	241.9	12420
7.58209e-18	245.418	12430
7.59506e-18	245.838	12440
7.60858e-18	246.485	12450
7.53386e-18	243.663	12460
7.65286e-18	247.982	12470
7.58022e-18	245.378	12480
7.64523e-18	247.735	12490
7.59689e-18	245.985	12500
7.56363e-18	244.786	12510
7.61507e-18	246.594	12520
7.61786e-18	246.787	12530
7.66296e-18	248.302	12540
7.72916e-18	250.724	12550
7.76499e-18	252.106	12560
7.64207e-18	247.667	12570
7.54962e-18	244.379	12580
7.52401e-18	243.228	12590
7.65295e-18	247.933	12600
7.70945e-18	250.082	12610
7.62906e-18	247.145	12620
7.59263e-18	245.753	12630
7.76795e-18	252.101	12640
7.76728e-18	252.127	12650
7.69009e-18	249.321	12660
7.74384e-18	251.179	12670
7.70812e-18	249.969	12680
7.71112e-18	250.013	12690
7.79388e-18	253.05	12700
7.76149e-18	251.893	12710
7.8069e-18	253.41	12720
7.90584e-18	257.033	12730
7.83258e-18	254.484	12740
7.77651e-18	252.352	12750
7.77141e-18	252.219	12760
7.80065e-18	253.21	12770
7.83495e-18	254.396	12780
7.81608e-18	253.857	12790
7.77382e-18	252.261	12800
7.79752e-18	253.195	12810
7.67651e-18	248.652	12820
7.85579e-18	255.233	12830
7.86909e-18	255.717	12840
7.89159e-18	256.469	12850
7.89599e-18	256.72	12860
7.8818e-18	256.098	12870
7.99415e-18	260.237	12880
7.82412e-18	254.181	12890
7.75054e-18	251.306	12900
7.85024e-18	255	12910
7.84037e-18	254.583	12920
7.84314e-18	254.744	12930
7.85678e-18	255.246	12940
7.80066e-18	253.116	12950
7.82506e-18	254.048	12960
7.73988e-18	251.032	12970
7.83214e-18	254.319	12980
7.79193e-18	252.841	12990
7.89106e-18	256.376	13000
7.97165e-18	259.335	13010
7.95477e-18	258.83	13020
7.84148e-18	254.66	13030
7.92116e-18	257.499	13040
7.90048e-18	256.766	13050
7.92587e-18	257.744	13060
7.83928e-18	254.525	13070
8.01661e-18	260.815	13080
8.01837e-18	261.11	13090
7.83632e-18	254.476	13100
7.94533e-18	258.274	13110
8.01322e-18	260.845	13120
8.04108e-18	261.757	13130
7.9408e-18	258.28	13140
7.97272e-18	259.333	13150
8.03231e-18	261.348	13160
8.07196e-18	262.979	13170
7.96284e-18	259.028	13180
8.00336e-18	260.441	13190
7.9504e-18	258.492	13200
7.96218e-18	259.062	13210
7.9015e-18	256.664	13220
7.9925e-18	260.023	13230
7.89694e-18	256.698	13240
7.86665e-18	255.444	13250
7.96854e-18	259.124	13260
7.98617e-18	259.844	13270
7.89021e-18	256.333	13280
7.90716e-18	256.971	13290
7.92036e-18	257.429	13300
7.8806e-18	256.078	13310
7.83073e-18	254.135	13320
7.91175e-18	257.129	13330
7.91332e-18	257.163	13340
7.89091e-18	256.428	13350
7.80869e-18	253.418	13360
7.86241e-18	255.31	13370
7.81287e-18	253.577	13380
7.88384e-18	256.086	13390
7.87322e-18	255.777	13400
7.8507e-18	254.904	13410
7.86854e-18	255.647	13420
7.71319e-18	250.025	13430
7.79179e-18	252.732	13440
7.79579e-18	252.888	13450
7.79505e-18	253.071	13460
7.73261e-18	250.634	13470
7.87663e-18	255.809	13480
7.88382e-18	256.204	13490
7.89013e-18	256.354	13500
7.79541e-18	252.982	13510
7.77409e-18	252.146	13520
7.82165e-18	253.844	13530
7.78858e-18	252.758	13540
7.86461e-18	255.314	13550
7.82188e-18	253.996	13560
7.64285e-18	247.445	13570
7.74845e-18	251.065	13580
7.84929e-18	254.852	13590
7.71916e-18	250.107	13600
7.90636e-18	256.783	13610
7.87244e-18	255.71	13620
7.79634e-18	252.88	13630
7.74309e-18	250.953	13640
7.83154e-18	254.071	13650
7.86165e-18	255.218	13660
7.9181e-18	257.22	13670
7.91243e-18	257.073	13680
7.96562e-18	258.889	13690
7.97563e-18	259.344	13700
7.96332e-18	258.894	13710
8.0009e-18	260.139	13720
7.90099e-18	256.687	13730
7.88689e-18	256.054	13740
7.86623e-18	255.317	13750
7.90769e-18	256.804	13760
7.80044e-18	253.001	13770
7.82319e-18	253.704	13780
7.98764e-18	259.696	13790
7.82512e-18	253.956	13800
7.75925e-18	251.372	13810
7.94375e-18	258.036	13820
7.97209e-18	259.122	13830
7.88212e-18	255.932	13840
7.94348e-18	258.027	13850
8.02449e-18	260.979	13860
7.99294e-18	259.952	13870
7.78271e-18	252.31	13880
7.88193e-18	255.802	13890
7.99889e-18	260.05	13900
7.94413e-18	258.173	13910
7.85239e-18	254.775	13920
7.93315e-18	257.593	13930
7.90415e-18	256.767	13940
7.90888e-18	256.808	13950
7.95725e-18	258.619	13960
7.92297e-18	257.353	13970
7.86389e-18	255.221	13980
7.86005e-18	255.129	13990
7.9641e-18	258.834	14000
7.83962e-18	254.3	14010
7.97788e-18	259.312	14020
7.86307e-18	255.218	14030
7.83948e-18	254.325	14040
7.85398e-18	254.905	14050
7.73466e-18	250.595	14060
7.83662e-18	254.114	14070
7.9104e-18	256.996	14080
7.84521e-18	254.556	14090
7.90455e-18	256.707	14100
7.8196e-18	253.708	14110
7.76505e-18	251.649	14120
7.77976e-18	252.256	14130
7.79459e-18	252.728	14140
7.76731e-18	251.852	14150
7.76958e-18	251.843	14160
7.70559e-18	249.539	14170
7.73675e-18	250.723	14180
7.74372e-18	250.892	14190
7.80569e-18	253.166	14200
7.76045e-18	251.649	14210
7.68414e-18	248.775	14220
7.67942e-18	248.649	14230
7.76306e-18	251.548	14240
7.80298e-18	253.127	14250
7.70837e-18	249.687	14260
7.78274e-18	252.373	14270
7.6822e-18	248.702	14280
7.72259e-18	250.123	14290
7.7732e-18	252.034	14300
7.85149e-18	254.784	14310
7.84169e-18	254.487	14320
7.82075e-18	253.663	14330
7.88086e-18	255.907	14340
7.8468e-18	254.689	14350
7.73663e-18	250.709	14360
7.76656e-18	251.695	14370
7.86518e-18	255.291	14380
7.90348e-18	256.746	14390
7.82874e-18	253.994	14400
7.85354e-18	254.878	14410
7.91286e-18	256.953	14420
7.96729e-18	259.038	14430
7.86784e-18	255.425	14440
7.89442e-18	256.432	14450
7.75032e-18	251.249	14460
7.78229e-18	252.284	14470
7.80072e-18	253.033	14480
7.76335e-18	251.735	14490
7.73394e-18	250.564	14500
7.81317e-18	253.452	14510
7.75016e-18	251.287	14520
7.78253e-18	252.27	14530
7.86752e-18	255.417	14540
7.79479e-18	252.869	14550
7.76823e-18	251.847	14560
7.90211e-18	256.648	14570
7.92413e-18	257.551	14580
7.80792e-18	253.328	14590
7.70151e-18	249.587	14600
7.79348e-18	252.697	14610
7.89535e-18	256.489	14620
7.82831e-18	254.096	14630
7.77773e-18	252.296	14640
7.76324e-18	251.747	14650
7.74292e-18	251.004	14660
7.75321e-18	251.379	14670
7.748e-18	251.117	14680
7.77294e-18	252.145	14690
7.69336e-18	249.193	14700
7.66366e-18	248.218	14710
7.58612e-18	245.303	14720
7.74438e-18	250.912	14730
7.78761e-18	252.714	14740
7.65764e-18	247.89	14750
7.71371e-18	249.93	14760
7.69207e-18	249.179	14770
7.63426e-18	247.139	14780
7.60515e-18	246.01	14790
7.63914e-18	247.184	14800
7.74492e-18	251	14810
7.77605e-18	252.263	14820
7.57422e-18	244.966	14830
7.62937e-18	246.87	14840
7.64826e-18	247.592	14850
7.77685e-18	252.171	14860
7.73751e-18	250.813	14870
7.78267e-18	252.39	14880
7.77399e-18	252.09	14890
7.83301e-18	254.195	14900
7.78589e-18	252.651	14910
7.74918e-18	251.164	14920
7.73508e-18	250.748	14930
7.67429e-18	248.449	14940
7.79014e-18	252.661	14950
7.70041e-18	249.441	14960
7.82257e-18	253.886	14970
7.68255e-18	248.86	14980
7.63097e-18	246.926	14990
7.70461e-18	249.472	15000
7.91349e-18	257.121	15010
7.78825e-18	252.695	15020
7.68428e-18	248.849	15030
7.65522e-18	247.804	15040
7.70724e-18	249.632	15050
7.78608e-18	252.52	15060
7.75256e-18	251.366	15070
7.7685e-18	251.875	15080
7.74955e-18	251.202	15090
7.70514e-18	249.578	15100
7.68947e-18	249.052	15110
7.70561e-18	249.525	15120
7.81953e-18	253.73	15130
7.82907e-18	254.107	15140
7.82875e-18	254.119	15150
7.7424e-18	251.067	15160
7.71826e-18	249.974	15170
7.74499e-18	251.055	15180
7.77361e-18	252.11	15190
7.78901e-18	252.725	15200
7.6744e-18	248.55	15210
7.59439e-18	245.689	15220
7.62772e-18	246.872	15230
7.62774e-18	246.868	15240
7.73866e-18	250.88	15250
7.68278e-18	248.898	15260
7.66257e-18	248.24	15270
7.64807e-18	247.647	15280
7.55844e-18	244.553	15290
7.59069e-18	245.515	15300
7.71405e-18	250.118	15310
7.58023e-18	245.288	15320
7.56967e-18	244.937	15330
7.53e-18	243.406	15340
7.53136e-18	243.56	15350
7.56375e-18	244.637	15360
7.59059e-18	245.691	15370
7.60943e-18	246.325	15380
7.60135e-18	246.137	15390
7.52863e-18	243.445	15400
7.56178e-18	244.557	15410
7.60265e-18	246.13	15420
7.60943e-18	246.404	15430
7.50246e-18	242.613	15440
7.38486e-18	238.243	15450
7.49263e-18	242.046	15460
7.56978e-18	244.931	15470
7.60595e-18	246.247	15480
7.62718e-18	247.029	15490
7.50559e-18	242.683	15500
7.52234e-18	243.146	15510
7.54652e-18	244.119	15520
7.59456e-18	245.765	15530
7.62926e-18	247.078	15540
7.62872e-18	247.023	15550
7.68486e-18	249.021	15560
7.69637e-18	249.526	15570
7.62357e-18	246.857	15580
7.63168e-18	247.132	15590
7.67853e-18	248.81	15600
7.56042e-18	244.587	15610
7.65353e-18	247.769	15620
7.81119e-18	253.559	15630
7.69376e-18	249.442	15640
7.63334e-18	247.099	15650
7.72795e-18	250.552	15660
7.79882e-18	253.04	15670
7.74423e-18	251.131	15680
7.83356e-18	254.292	15690
7.72331e-18	250.442	15700
7.7858e-18	252.457	15710
7.85959e-18	255.301	15720
7.85179e-18	255.017	15730
7.75951e-18	251.611	15740
7.85506e-18	255.036	15750
7.91801e-18	257.347	15760
7.90792e-18	256.943	15770
7.90663e-18	256.998	15780
7.83205e-18	254.206	15790
7.81476e-18	253.672	15800
7.76951e-18	251.962	15810
7.75455e-18	251.455	15820
7.70268e-18	249.567	15830
7.63582e-18	247.165	15840
7.71898e-18	250.115	15850
7.73617e-18	250.791	15860
7.66459e-18	248.158	15870
7.71031e-18	249.779	15880
7.68476e-18	248.941	15890
7.62081e-18	246.654	15900
7.67322e-18	248.452	15910
7.63361e-18	247.059	15920
7.7706e-18	251.987	15930
7.69467e-18	249.306	15940
7.62499e-18	246.717	15950
7.61457e-18	246.408	15960
7.61031e-18	246.175	15970
7.604e-18	245.948	15980
7.70494e-18	249.553	15990
7.72822e-18	250.499	16000
7.71733e-18	250.031	16010
7.74868e-18	251.184	16020
7.68348e-18	248.86	16030
7.70171e-18	249.437	16040
7.70602e-18	249.638	16050
7.68239e-18	248.852	16060
7.61282e-18	246.18	16070
7.74095e-18	250.879	16080
7.73845e-18	250.758	16090
7.84661e-18	254.609	16100
7.84929e-18	254.813	16110
7.79366e-18	252.768	16120
7.76081e-18	251.62	16130
7.73541e-18	250.657	16140
7.7258e-18	250.336	16150
7.66671e-18	248.214	16160
7.7168e-18	249.847	16170
7.83119e-18	254.137	16180
7.695e-18	249.229	16190
7.66536e-18	248.015	16200
7.84888e-18	254.646	16210
7.73525e-18	250.773	16220
7.66332e-18	247.889	16230
7.81111e-18	253.239	16240
7.81067e-18	253.342	16250
7.72846e-18	250.381	16260
7.75383e-18	251.141	16270
7.75585e-18	251.269	16280
7.86883e-18	255.289	16290
7.86887e-18	255.424	16300
7.81062e-18	253.215	16310
7.83606e-18	254.089	16320
7.92256e-18	257.251	16330
7.9487e-18	258.175	16340
7.94728e-18	258.159	16350
7.96283e-18	258.693	16360
7.88868e-18	256.012	16370
7.91023e-18	256.76	16380
7.87489e-18	255.339	16390
8.05891e-18	262.072	16400
7.93153e-18	257.654	16410
7.84715e-18	254.326	16420
7.98352e-18	259.316	16430
8.01342e-18	260.374	16440
7.9763e-18	259.237	16450
7.83734e-18	253.952	16460
7.95638e-18	258.417	16470
7.85119e-18	254.501	16480
7.85938e-18	254.85	16490
7.86215e-18	254.787	16500
8.0278e-18	260.878	16510
8.01535e-18	260.417	16520
8.04127e-18	261.332	16530
8.04538e-18	261.597	16540
8.02693e-18	260.821	16550
7.91071e-18	256.749	16560
7.91923e-18	256.918	16570
7.99948e-18	259.785	16580
7.98204e-18	259.323	16590
7.80885e-18	252.992	16600
8.01115e-18	260.138	16610
7.98234e-18	259.29	16620
7.89162e-18	255.972	16630
8.02422e-18	260.697	16640
8.07054e-18	262.374	16650
8.01185e-18	260.403	16660
7.92481e-18	257.162	16670
7.97034e-18	258.808	16680
8.04295e-18	261.42	16690
8.07554e-18	262.678	16700
7.96201e-18	258.575	16710
7.9344e-18	257.527	16720
7.9798e-18	259.167	16730
8.11371e-18	263.946	16740
8.03787e-18	261.415	16750
8.07289e-18	262.481	16760
8.079e-18	262.796	16770
8.02088e-18	260.77	16780
8.04227e-18	261.49	16790
7.95435e-18	258.331	16800
8.07779e-18	262.638	16810
8.07032e-18	262.631	16820
7.95216e-18	258.351	16830
7.87945e-18	255.504	16840
8.034e-18	261.147	16850
7.95505e-18	258.458	16860
7.85415e-18	254.697	16870
7.87563e-18	255.48	16880
7.87972e-18	255.705	16890
7.85408e-18	254.702	16900
7.96652e-18	258.791	16910
7.97452e-18	259.155	16920
7.85449e-18	254.887	16930
7.78475e-18	252.314	16940
7.79939e-18	252.734	16950
7.85653e-18	254.95	16960
7.78239e-18	252.187	16970
7.81275e-18	253.447	16980
7.6569e-18	247.663	16990
7.74648e-18	250.988	17000
7.6609e-18	247.89	17010
7.72825e-18	250.293	17020
7.6801e-18	248.684	17030
7.53984e-18	243.589	17040
7.59654e-18	245.569	17050
7.62661e-18	246.665	17060
7.61062e-18	246.089	17070
7.56595e-18	244.56	17080
7.57392e-18	244.766	17090
7.6336e-18	246.853	17100
7.69419e-18	249.135	17110
7.78061e-18	252.272	17120
7.70097e-18	249.327	17130
7.71649e-18	249.971	17140
7.64425e-18	247.442	17150
7.65924e-18	247.74	17160
7.77145e-18	251.974	17170
7.74796e-18	250.974	17180
7.76933e-18	251.948	17190
7.6811e-18	248.68	17200
7.77183e-18	251.964	17210
7.78519e-18	252.393	17220
7.76142e-18	251.678	17230
7.67595e-18	248.464	17240
7.77653e-18	252.035	17250
7.84133e-18	254.465	17260
7.82553e-18	253.876	17270
7.81375e-18	253.491	17280
7.80978e-18	253.322	17290
7.79327e-18	252.754	17300
7.80325e-18	252.963	17310
7.90146e-18	256.676	17320
7.83748e-18	254.329	17330
7.86675e-18	255.274	17340
7.93727e-18	257.988	17350
7.76764e-18	251.777	17360
7.84979e-18	254.711	17370
7.84852e-18	254.806	17380
7.81553e-18	253.412	17390
7.93224e-18	257.8	17400
7.77529e-18	252.054	17410
7.78847e-18	252.582	17420
7.75501e-18	251.39	17430
7.80525e-18	253.061	17440
7.8795e-18	255.793	17450
7.86133e-18	255.255	17460
7.74056e-18	250.882	17470
7.80944e-18	253.184	17480
7.86534e-18	255.398	17490
7.86991e-18	255.446	17500
7.91812e-18	257.272	17510
7.84567e-18	254.656	17520
7.82497e-18	253.898	17530
7.84368e-18	254.479	17540
7.99311e-18	259.944	17550
7.85212e-18	255.049	17560
7.76661e-18	251.7	17570
7.80499e-18	253.163	17580
7.80641e-18	253.274	17590
7.6768e-18	248.617	17600
7.58721e-18	245.307	17610
7.69394e-18	249.073	17620
7.72361e-18	250.303	17630
7.73247e-18	250.533	17640
7.69725e-18	249.363	17650
7.65693e-18	247.786	17660
7.85432e-18	254.924	17670
7.74676e-18	251.233	17680
7.72157e-18	250.209	17690
7.78063e-18	252.304	17700
7.75463e-18	251.404	17710
7.80886e-18	253.379	17720
7.73411e-18	250.71	17730
7.77874e-18	252.234	17740
7.69889e-18	249.523	17750
7.71507e-18	249.938	17760
7.76406e-18	251.793	17770
7.70248e-18	249.61	17780
7.68406e-18	248.885	17790
7.68261e-18	248.801	17800
7.76844e-18	251.945	17810
7.75428e-18	251.507	17820
7.66782e-18	248.285	17830
7.74376e-18	251.041	17840
7.78148e-18	252.413	17850
7.75178e-18	251.417	17860
7.76446e-18	251.802	17870
7.75081e-18	251.422	17880
7.61642e-18	246.458	17890
7.6739e-18	248.489	17900
7.87616e-18	255.792	17910
7.82449e-18	254.081	17920
7.78637e-18	252.66	17930
7.73784e-18	250.844	17940
7.80081e-18	253.238	17950
7.70603e-18	249.723	17960
7.82946e-18	254.2	17970
7.69787e-18	249.547	17980
7.66319e-18	248.198	17990
7.6158e-18	246.605	18000
7.44399e-18	240.358	18010
7.52217e-18	243.085	18020
7.62872e-18	247.018	18030
7.57002e-18	244.904	18040
7.68947e-18	249.186	18050
7.55419e-18	244.457	18060
7.53044e-18	243.513	18070
7.50673e-18	242.69	18080
7.5005e-18	242.419	18090
7.61099e-18	246.439	18100
7.45644e-18	240.933	18110
7.50897e-18	242.692	18120
7.58258e-18	245.368	18130
7.62364e-18	246.911	18140
7.52489e-18	243.441	18150
7.47444e-18	241.452	18160
7.58753e-18	245.568	18170
7.5932e-18	245.839	18180
7.46635e-18	241.334	18190
7.49786e-18	242.256	18200
7.58547e-18	245.6	18210
7.51777e-18	243.115	18220
7.55633e-18	244.464	18230
7.58718e-18	245.661	18240
7.5396e-18	243.897	18250
7.62583e-18	247.034	18260
7.65172e-18	247.917	18270
7.6e-18	246.126	18280
7.60581e-18	246.33	18290
7.56272e-18	244.708	18300
7.49281e-18	242.26	18310
7.46471e-18	241.135	18320
7.57827e-18	245.204	18330
7.61255e-18	246.528	18340
7.58633e-18	245.591	18350
7.48249e-18	241.86	18360
7.52467e-18	243.234	18370
7.71907e-18	250.314	18380
7.63209e-18	247.302	18390
7.51388e-18	242.956	18400
7.51267e-18	242.87	18410
7.45278e-18	240.758	18420
7.48396e-18	241.745	18430
7.5677e-18	244.86	18440
7.6128e-18	246.389	18450
7.59252e-18	245.806	18460
7.58281e-18	245.281	18470
7.60318e-18	246.076	18480
7.65238e-18	247.837	18490
7.65421e-18	247.974	18500
7.51464e-18	242.806	18510
7.60644e-18	246.12	18520
7.65867e-18	248.064	18530
7.58306e-18	245.254	18540
7.70437e-18	249.528	18550
7.82597e-18	254.065	18560
7.74573e-18	251.165	18570
7.71306e-18	249.957	18580
7.71609e-18	250	18590
7.74014e-18	250.948	18600
7.59658e-18	245.649	18610
7.75822e-18	251.442	18620
7.76201e-18	251.575	18630
7.75657e-18	251.487	18640
7.70935e-18	249.709	18650
7.72976e-18	250.387	18660
7.76561e-18	251.718	18670
7.75436e-18	251.31	18680
7.7462e-18	250.878	18690
7.85631e-18	254.931	18700
7.86919e-18	255.377	18710
7.85242e-18	254.816	18720
7.86508e-18	255.18	18730
7.79303e-18	252.681	18740
7.82004e-18	253.584	18750
7.77675e-18	252.01	18760
7.87669e-18	255.594	18770
7.9581e-18	258.562	18780
7.91328e-18	256.951	18790
7.88392e-18	255.808	18800
7.87439e-18	255.53	18810
7.94767e-18	258.101	18820
7.96074e-18	258.625	18830
7.94212e-18	257.931	18840
7.86264e-18	255.018	18850
8.01234e-18	260.411	18860
7.94582e-18	258.127	18870
8.00737e-18	260.13	18880
8.06709e-18	262.459	18890
8.04847e-18	261.657	18900
8.06887e-18	262.516	18910
7.94855e-18	258.065	18920
8.07049e-18	262.456	18930
8.06439e-18	262.251	18940
8.09848e-18	263.498	18950
8.06024e-18	262.162	18960
7.96188e-18	258.575	18970
7.96845e-18	258.771	18980
8.11717e-18	264.024	18990
8.0681e-18	262.498	19000
8.09402e-18	263.235	19010
8.07549e-18	262.695	19020
8.03143e-18	261.061	19030
8.08255e-18	262.868	19040
8.01295e-18	260.542	19050
7.97125e-18	258.812	19060
7.9515e-18	258.185	19070
8.04801e-18	261.692	19080
7.94171e-18	257.945	19090
7.99475e-18	259.724	19100
8.04176e-18	261.557	19110
8.01839e-18	260.657	19120
7.96539e-18	258.814	19130
7.7854e-18	252.322	19140
7.8519e-18	254.622	19150
7.83712e-18	254.188	19160
7.81763e-18	253.453	19170
7.82611e-18	253.874	19180
7.83151e-18	253.83	19190
7.95241e-18	258.361	19200
7.86984e-18	255.461	19210
7.80665e-18	253.095	19220
7.82559e-18	253.835	19230
7.80034e-18	252.853	19240
7.96244e-18	258.633	19250
7.97934e-18	259.502	19260
7.80893e-18	253.191	19270
7.79868e-18	252.821	19280
7.90337e-18	256.622	19290
7.96089e-18	258.62	19300
7.86694e-18	255.392	19310
7.85008e-18	254.67	19320
7.88948e-18	256.111	19330
7.91591e-18	257.101	19340
7.9819e-18	259.408	19350
7.94661e-18	258.251	19360
7.89287e-18	256.319	19370
7.83424e-18	254.107	19380
7.9418e-18	257.998	19390
7.81929e-18	253.712	19400
7.72023e-18	249.998	19410
7.94954e-18	258.183	19420
7.92443e-18	257.464	19430
7.80076e-18	252.996	19440
7.81291e-18	253.319	19450
7.84161e-18	254.378	19460
7.84501e-18	254.496	19470
7.90626e-18	256.694	19480
7.9414e-18	258.031	19490
7.88268e-18	255.888	19500
7.76704e-18	251.729	19510
7.88515e-18	255.834	19520
7.96023e-18	258.761	19530
7.83317e-18	254.076	19540
7.96475e-18	258.718	19550
7.91616e-18	257.103	19560
7.93723e-18	257.856	19570
7.84044e-18	254.301	19580
7.99309e-18	259.741	19590
8.01376e-18	260.594	19600
7.92418e-18	257.441	19610
7.94734e-18	258.15	19620
7.94376e-18	258.063	19630
8.04059e-18	261.54	19640
7.90626e-18	256.76	19650
7.94649e-18	258.211	19660
7.98393e-18	259.519	19670
7.93933e-18	257.94	19680
7.8964e-18	256.447	19690
7.89775e-18	256.422	19700
7.9353e-18	257.798	19710
7.86377e-18	255.243	19720
7.9056e-18	256.739	19730
7.97645e-18	259.319	19740
8.00467e-18	260.311	19750
7.91078e-18	257.006	19760
7.86617e-18	255.353	19770
7.94165e-18	258.022	19780
7.95345e-18	258.513	19790
7.9533e-18	258.55	19800
7.84428e-18	254.586	19810
7.82195e-18	253.838	19820
7.79537e-18	252.837	19830
7.79337e-18	252.802	19840
7.74479e-18	250.941	19850
7.7535e-18	251.366	19860
7.70897e-18	249.778	19870
7.66414e-18	248.172	19880
7.68668e-18	248.901	19890
7.72872e-18	250.424	19900
7.68847e-18	249.088	19910
7.68679e-18	248.938	19920
7.63457e-18	247.127	19930
7.65765e-18	247.811	19940
7.66713e-18	248.284	19950
7.60143e-18	245.801	19960
7.70656e-18	249.596	19970
7.76333e-18	251.764	19980
7.60061e-18	245.871	19990
7.66519e-18	248.08	20000
