5.72737e-18	0.0155162	0
5.77984e-18	1.86073	10
5.91216e-18	6.59765	20
6.10647e-18	13.5903	30
6.32543e-18	21.5027	40
6.52088e-18	28.5889	50
6.69025e-18	34.7047	60
6.91221e-18	42.6742	70
7.17626e-18	52.2376	80
7.33792e-18	58.1455	90
7.52169e-18	64.677	100
7.88329e-18	77.7173	110
8.07351e-18	84.7664	120
8.18735e-18	88.73	130
8.6453e-18	105.165	140
8.90551e-18	114.852	150
8.92299e-18	115.394	160
9.01938e-18	119.167	170
8.50351e-18	100.353	180
8.65481e-18	106.078	190
7.95313e-18	80.678	200
8.03433e-18	83.3802	210
7.37517e-18	60.1881	220
7.04199e-18	47.4266	230
6.96103e-18	44.7564	240
6.8908e-18	42.0823	250
6.93748e-18	43.6118	260
7.11002e-18	49.6153	270
8.00374e-18	81.9635	280
8.60946e-18	103.831	290
9.10942e-18	121.942	300
9.44257e-18	134.102	310
9.79673e-18	146.911	320
9.66456e-18	142.513	330
9.46103e-18	135.026	340
9.42894e-18	133.867	350
9.14285e-18	123.615	360
8.84636e-18	112.948	370
8.5771e-18	103.03	380
8.49896e-18	100.273	390
8.26688e-18	91.9488	400
8.03973e-18	83.6515	410
8.01392e-18	82.627	420
8.03611e-18	83.4549	430
7.93298e-18	79.8265	440
7.82601e-18	75.8377	450
7.96987e-18	80.9583	460
7.94613e-18	80.2955	470
7.94972e-18	80.305	480
7.68226e-18	70.9757	490
7.51936e-18	64.6139	500
7.79405e-18	74.6563	510
7.73246e-18	72.5189	520
8.09573e-18	85.1826	530
8.53345e-18	101.321	540
8.67319e-18	106.551	550
8.0281e-18	83.3697	560
8.59311e-18	103.418	570
8.42468e-18	97.5828	580
8.32968e-18	94.2387	590
8.06956e-18	84.8311	600
7.94482e-18	79.9685	610
8.26708e-18	91.898	620
7.86886e-18	77.5185	630
8.04967e-18	83.6826	640
8.56488e-18	102.367	650
8.04548e-18	84.3219	660
7.74803e-18	72.8945	670
8.22355e-18	90.1879	680
7.7459e-18	73.2016	690
7.83454e-18	76.077	700
7.76166e-18	73.7076	710
7.49399e-18	63.9122	720
7.82383e-18	75.4408	730
8.08931e-18	85.541	740
7.54869e-18	66.0582	750
7.76272e-18	73.457	760
7.86126e-18	77.0383	770
7.95462e-18	80.3853	780
8.35914e-18	94.9615	790
8.18149e-18	89.0308	800
8.16285e-18	87.7771	810
8.30207e-18	93.1036	820
8.31318e-18	93.5974	830
7.93847e-18	80.0321	840
7.93118e-18	79.7248	850
7.72837e-18	72.3953	860
8.25596e-18	90.8933	870
8.73358e-18	108.782	880
8.43053e-18	97.5649	890
8.45e-18	98.5968	900
8.41637e-18	97.1181	910
8.26113e-18	91.7917	920
8.26655e-18	91.8133	930
8.2248e-18	89.9325	940
8.50002e-18	100.209	950
8.18312e-18	89.2154	960
7.9309e-18	79.4158	970
8.07237e-18	84.8311	980
8.53791e-18	100.968	990
8.90137e-18	114.943	1000
8.76027e-18	109.466	1010
8.98102e-18	117.512	1020
9.00173e-18	118.691	1030
8.51004e-18	100.519	1040
8.69745e-18	107.421	1050
8.97981e-18	117.293	1060
9.09244e-18	121.82	1070
8.73289e-18	108.851	1080
8.92523e-18	115.284	1090
8.97634e-18	117.764	1100
8.80695e-18	111.276	1110
9.01099e-18	118.399	1120
9.40837e-18	133.067	1130
9.20429e-18	125.714	1140
9.56017e-18	138.371	1150
8.96676e-18	117.78	1160
8.46798e-18	99.1217	1170
8.48203e-18	99.778	1180
8.17796e-18	88.4778	1190
8.02983e-18	83.312	1200
8.27652e-18	91.9356	1210
8.06297e-18	84.3968	1220
8.36152e-18	95.3306	1230
8.34805e-18	94.5094	1240
8.90032e-18	114.538	1250
8.9018e-18	114.743	1260
8.54387e-18	102.171	1270
8.88544e-18	113.825	1280
9.25104e-18	127.168	1290
9.19951e-18	125.681	1300
9.21371e-18	125.73	1310
9.35497e-18	131.722	1320
8.90287e-18	114.725	1330
9.65306e-18	141.766	1340
9.48947e-18	136.163	1350
9.04768e-18	120.109	1360
8.97128e-18	117.488	1370
9.15045e-18	123.067	1380
9.7833e-18	146.804	1390
9.17776e-18	124.981	1400
8.78471e-18	110.766	1410
9.44063e-18	134.231	1420
9.15801e-18	123.972	1430
8.8253e-18	112.033	1440
9.35069e-18	130.445	1450
9.80233e-18	147.426	1460
9.19896e-18	125.886	1470
8.82396e-18	111.919	1480
9.08858e-18	121.476	1490
9.51999e-18	136.718	1500
9.70569e-18	143.864	1510
9.34274e-18	130.779	1520
9.60948e-18	140.165	1530
9.7599e-18	145.669	1540
9.91195e-18	151.281	1550
9.75399e-18	145.675	1560
9.52974e-18	137.516	1570
9.49277e-18	136.167	1580
9.30892e-18	129.557	1590
9.40963e-18	132.974	1600
9.55961e-18	138.455	1610
9.58392e-18	139.431	1620
9.45081e-18	134.604	1630
9.56238e-18	138.549	1640
9.61832e-18	140.59	1650
9.68594e-18	143.054	1660
9.76771e-18	145.916	1670
9.86584e-18	149.59	1680
9.88998e-18	150.412	1690
9.92588e-18	151.765	1700
9.93856e-18	152.079	1710
9.97651e-18	153.657	1720
9.93789e-18	152.162	1730
1.018e-17	160.753	1740
1.01772e-17	160.971	1750
1.01289e-17	159.027	1760
1.02628e-17	163.805	1770
1.0384e-17	168.275	1780
1.03294e-17	166.357	1790
1.02761e-17	164.516	1800
1.02813e-17	164.504	1810
1.02643e-17	163.987	1820
1.03121e-17	165.695	1830
1.03787e-17	167.995	1840
1.03936e-17	168.726	1850
1.04148e-17	169.397	1860
1.04265e-17	169.737	1870
1.05934e-17	175.892	1880
1.04303e-17	170.058	1890
1.04644e-17	171.152	1900
1.04402e-17	170.429	1910
1.02675e-17	164.105	1920
1.04094e-17	169.144	1930
1.04141e-17	169.457	1940
1.02527e-17	163.656	1950
1.02857e-17	164.688	1960
1.02549e-17	163.658	1970
1.01698e-17	160.664	1980
1.00817e-17	157.379	1990
1.01434e-17	159.569	2000
1.01923e-17	161.404	2010
1.02139e-17	162.207	2020
9.94825e-18	152.737	2030
9.84804e-18	148.851	2040
9.99681e-18	154.262	2050
1.00407e-17	155.912	2060
1.00487e-17	156.175	2070
9.94781e-18	152.681	2080
9.88167e-18	150.094	2090
9.93889e-18	152.253	2100
9.84905e-18	148.961	2110
1.00391e-17	155.699	2120
1.00409e-17	156.002	2130
1.00815e-17	157.309	2140
1.0042e-17	156.004	2150
1.00328e-17	155.596	2160
1.00231e-17	155.257	2170
1.01553e-17	159.905	2180
1.01806e-17	161.019	2190
1.01122e-17	158.49	2200
1.016e-17	160.162	2210
1.01362e-17	159.397	2220
1.02137e-17	162.059	2230
1.02795e-17	164.478	2240
1.0272e-17	164.334	2250
1.02809e-17	164.462	2260
1.04103e-17	169.36	2270
1.03398e-17	166.647	2280
1.03429e-17	166.88	2290
1.04216e-17	169.577	2300
1.04706e-17	171.561	2310
1.0299e-17	165.186	2320
1.04305e-17	169.856	2330
1.04659e-17	171.358	2340
1.04278e-17	169.784	2350
1.04102e-17	169.438	2360
1.02578e-17	163.751	2370
1.03202e-17	165.926	2380
1.03725e-17	167.946	2390
1.0212e-17	162.235	2400
1.02268e-17	162.451	2410
1.0389e-17	168.514	2420
1.02768e-17	164.461	2430
1.03787e-17	168.075	2440
1.0279e-17	164.604	2450
1.01832e-17	161.101	2460
1.01832e-17	160.992	2470
1.02128e-17	162.123	2480
1.02076e-17	161.936	2490
1.02349e-17	162.918	2500
1.02088e-17	161.976	2510
1.03036e-17	165.338	2520
1.02498e-17	163.493	2530
1.01969e-17	161.56	2540
1.01761e-17	160.814	2550
1.00944e-17	157.883	2560
1.00515e-17	156.325	2570
1.00922e-17	157.635	2580
1.02181e-17	162.292	2590
1.01758e-17	160.849	2600
1.01076e-17	158.289	2610
1.0193e-17	161.344	2620
1.03115e-17	165.597	2630
1.0236e-17	163.129	2640
1.00858e-17	157.447	2650
1.02859e-17	164.623	2660
1.03283e-17	166.376	2670
1.0138e-17	159.463	2680
1.01899e-17	161.187	2690
1.03168e-17	165.888	2700
1.02437e-17	163.284	2710
1.02235e-17	162.441	2720
1.02768e-17	164.419	2730
1.02781e-17	164.488	2740
1.02662e-17	163.994	2750
1.04002e-17	168.855	2760
1.03666e-17	167.677	2770
1.03477e-17	167.008	2780
1.02898e-17	164.91	2790
1.03467e-17	166.922	2800
1.02815e-17	164.642	2810
1.02663e-17	164.046	2820
1.02206e-17	162.429	2830
1.01976e-17	161.537	2840
1.02682e-17	164.07	2850
1.04007e-17	168.839	2860
1.03371e-17	166.667	2870
1.03459e-17	166.865	2880
1.03603e-17	167.439	2890
1.02967e-17	165.203	2900
1.02987e-17	165.181	2910
1.03684e-17	167.647	2920
1.03617e-17	167.558	2930
1.02318e-17	162.885	2940
1.01968e-17	161.497	2950
1.03424e-17	166.689	2960
1.02737e-17	164.416	2970
1.0234e-17	162.87	2980
1.03891e-17	168.345	2990
1.03374e-17	166.834	3000
1.02324e-17	162.717	3010
1.03586e-17	167.384	3020
1.02988e-17	165.208	3030
1.02184e-17	162.34	3040
1.03934e-17	168.551	3050
1.03568e-17	167.397	3060
1.02391e-17	163.099	3070
1.02185e-17	162.297	3080
1.02693e-17	164.075	3090
1.03497e-17	167.132	3100
1.02112e-17	162.007	3110
1.02862e-17	164.74	3120
1.02549e-17	163.655	3130
1.02368e-17	162.937	3140
1.02808e-17	164.535	3150
1.02921e-17	164.966	3160
1.02353e-17	162.947	3170
1.02046e-17	161.763	3180
1.02479e-17	163.406	3190
1.02548e-17	163.584	3200
1.02427e-17	163.243	3210
1.024e-17	163.062	3220
1.0298e-17	165.188	3230
1.02222e-17	162.483	3240
1.0249e-17	163.421	3250
1.02159e-17	162.285	3260
1.01076e-17	158.336	3270
1.02066e-17	161.782	3280
1.02841e-17	164.684	3290
1.02693e-17	164.201	3300
1.02572e-17	163.642	3310
1.02775e-17	164.421	3320
1.02729e-17	164.316	3330
1.03195e-17	165.868	3340
1.03265e-17	166.272	3350
1.01775e-17	160.828	3360
1.02627e-17	163.865	3370
1.02403e-17	163.104	3380
1.01673e-17	160.478	3390
1.03087e-17	165.516	3400
1.02567e-17	163.751	3410
1.01406e-17	159.518	3420
1.00643e-17	156.765	3430
9.99766e-18	154.369	3440
1.00421e-17	155.828	3450
1.00648e-17	156.828	3460
1.01026e-17	158.029	3470
1.01457e-17	159.666	3480
1.02012e-17	161.657	3490
1.01365e-17	159.373	3500
1.00465e-17	156.158	3510
1.00158e-17	154.886	3520
1.02246e-17	162.479	3530
1.01772e-17	160.82	3540
1.01612e-17	160.26	3550
1.00297e-17	155.517	3560
1.00804e-17	157.308	3570
1.00482e-17	156.205	3580
1.00132e-17	154.798	3590
1.0114e-17	158.509	3600
1.02063e-17	161.822	3610
1.01668e-17	160.478	3620
1.01854e-17	161.036	3630
1.02331e-17	162.874	3640
1.01626e-17	160.256	3650
1.02787e-17	164.4	3660
1.02286e-17	162.748	3670
1.01315e-17	159.189	3680
1.01447e-17	159.529	3690
1.02482e-17	163.364	3700
1.02354e-17	162.906	3710
1.02135e-17	162.207	3720
1.01742e-17	160.559	3730
1.0319e-17	165.996	3740
1.02105e-17	161.97	3750
1.03316e-17	166.357	3760
1.03007e-17	165.362	3770
1.0167e-17	160.425	3780
1.01494e-17	159.908	3790
1.02389e-17	162.832	3800
1.03004e-17	165.304	3810
1.03016e-17	165.358	3820
1.01543e-17	160.015	3830
1.01504e-17	159.852	3840
1.01505e-17	159.807	3850
1.03003e-17	165.19	3860
1.03101e-17	165.646	3870
1.02268e-17	162.598	3880
1.03434e-17	166.752	3890
1.0383e-17	168.261	3900
1.0352e-17	167.16	3910
1.03094e-17	165.593	3920
1.01319e-17	159.297	3930
1.01049e-17	158.164	3940
1.01948e-17	161.461	3950
1.02096e-17	161.893	3960
1.02281e-17	162.713	3970
1.01042e-17	158.191	3980
1.01124e-17	158.424	3990
1.01203e-17	158.772	4000
1.00909e-17	157.715	4010
1.00643e-17	156.752	4020
1.00817e-17	157.316	4030
1.01299e-17	159.095	4040
1.00874e-17	157.61	4050
1.02319e-17	162.608	4060
1.02511e-17	163.594	4070
1.01192e-17	158.626	4080
1.02665e-17	164.032	4090
1.01774e-17	160.841	4100
1.02163e-17	162.212	4110
1.02962e-17	164.973	4120
1.02886e-17	164.866	4130
1.02478e-17	163.353	4140
1.03515e-17	167.03	4150
1.04059e-17	169.069	4160
1.03142e-17	165.814	4170
1.02406e-17	163.11	4180
1.02587e-17	163.738	4190
1.02157e-17	162.274	4200
1.01993e-17	161.613	4210
1.02599e-17	163.691	4220
1.03075e-17	165.546	4230
1.03012e-17	165.304	4240
1.02541e-17	163.633	4250
1.02778e-17	164.416	4260
1.03912e-17	168.466	4270
1.03946e-17	168.745	4280
1.03186e-17	165.834	4290
1.04478e-17	170.614	4300
1.04419e-17	170.316	4310
1.03649e-17	167.79	4320
1.01918e-17	161.328	4330
1.03342e-17	166.389	4340
1.03689e-17	167.852	4350
1.02229e-17	162.446	4360
1.01752e-17	160.81	4370
1.01765e-17	160.695	4380
1.0224e-17	162.535	4390
1.02009e-17	161.651	4400
1.02461e-17	163.224	4410
1.01918e-17	161.454	4420
1.00437e-17	156.005	4430
1.00454e-17	155.991	4440
1.01344e-17	159.188	4450
1.02251e-17	162.562	4460
1.01978e-17	161.572	4470
1.00973e-17	157.913	4480
1.0211e-17	161.975	4490
1.02466e-17	163.322	4500
1.02744e-17	164.299	4510
1.03116e-17	165.696	4520
1.02925e-17	164.919	4530
1.02255e-17	162.662	4540
1.02044e-17	161.791	4550
1.01088e-17	158.346	4560
1.02373e-17	162.915	4570
1.01962e-17	161.488	4580
1.02612e-17	163.816	4590
1.01282e-17	159.2	4600
9.98769e-18	153.916	4610
1.02267e-17	162.485	4620
1.02324e-17	162.845	4630
1.00915e-17	157.788	4640
1.00772e-17	157.12	4650
1.01734e-17	160.666	4660
1.01255e-17	158.97	4670
1.01007e-17	157.987	4680
1.02595e-17	163.688	4690
1.03329e-17	166.435	4700
1.02946e-17	165.097	4710
1.02294e-17	162.676	4720
1.03479e-17	166.917	4730
1.04015e-17	168.842	4740
1.03844e-17	168.426	4750
1.03168e-17	165.797	4760
1.03661e-17	167.629	4770
1.04211e-17	169.573	4780
1.03559e-17	167.323	4790
1.03478e-17	166.933	4800
1.03021e-17	165.395	4810
1.01934e-17	161.301	4820
1.03024e-17	165.361	4830
1.02113e-17	161.997	4840
1.026e-17	163.823	4850
1.01951e-17	161.46	4860
1.02472e-17	163.311	4870
1.01892e-17	161.278	4880
1.01761e-17	160.764	4890
1.0175e-17	160.703	4900
1.02111e-17	161.94	4910
1.02675e-17	164.159	4920
1.00973e-17	157.929	4930
1.01066e-17	158.23	4940
1.01691e-17	160.489	4950
1.01908e-17	161.258	4960
1.02213e-17	162.388	4970
1.01908e-17	161.315	4980
1.01828e-17	161.041	4990
1.01278e-17	158.982	5000
1.0168e-17	160.459	5010
1.00752e-17	157.173	5020
1.0115e-17	158.522	5030
1.00518e-17	156.333	5040
1.00521e-17	156.226	5050
1.01066e-17	158.255	5060
1.0158e-17	160.043	5070
1.00794e-17	157.314	5080
1.00785e-17	157.22	5090
1.01328e-17	159.109	5100
1.02513e-17	163.424	5110
1.02518e-17	163.478	5120
1.02266e-17	162.645	5130
1.01657e-17	160.36	5140
1.02107e-17	161.983	5150
1.0173e-17	160.64	5160
1.02122e-17	162.013	5170
1.0254e-17	163.511	5180
1.02207e-17	162.415	5190
1.01899e-17	161.255	5200
1.0128e-17	158.98	5210
1.02086e-17	161.949	5220
1.00933e-17	157.759	5230
1.01252e-17	158.846	5240
1.02499e-17	163.357	5250
1.01532e-17	160.009	5260
1.01935e-17	161.224	5270
1.02223e-17	162.497	5280
1.02008e-17	161.588	5290
1.02366e-17	162.895	5300
1.0316e-17	165.799	5310
1.03789e-17	168.053	5320
1.02912e-17	164.921	5330
1.02146e-17	162.126	5340
1.02094e-17	161.987	5350
1.02593e-17	163.663	5360
1.02173e-17	162.247	5370
1.02254e-17	162.463	5380
1.0231e-17	162.774	5390
1.01014e-17	158.022	5400
1.03036e-17	165.274	5410
1.02007e-17	161.768	5420
1.00691e-17	156.82	5430
1.01758e-17	160.712	5440
1.01896e-17	161.152	5450
1.03281e-17	166.195	5460
1.03452e-17	166.828	5470
1.03206e-17	165.985	5480
1.03178e-17	165.848	5490
1.032e-17	165.945	5500
1.02226e-17	162.421	5510
1.03893e-17	168.351	5520
1.04504e-17	170.656	5530
1.03348e-17	166.552	5540
1.03759e-17	167.874	5550
1.03636e-17	167.491	5560
1.03705e-17	167.818	5570
1.02954e-17	164.99	5580
1.03065e-17	165.5	5590
1.03144e-17	165.694	5600
1.03091e-17	165.545	5610
1.03267e-17	166.155	5620
1.02139e-17	162.151	5630
1.03706e-17	167.679	5640
1.03616e-17	167.466	5650
1.02997e-17	165.194	5660
1.04038e-17	168.938	5670
1.02624e-17	163.933	5680
1.03481e-17	166.764	5690
1.04843e-17	171.956	5700
1.02453e-17	163.311	5710
1.02862e-17	164.626	5720
1.03671e-17	167.593	5730
1.04668e-17	171.233	5740
1.0361e-17	167.448	5750
1.0262e-17	163.855	5760
1.03582e-17	167.228	5770
1.04633e-17	171.087	5780
1.04114e-17	169.227	5790
1.04054e-17	169.038	5800
1.0323e-17	166.053	5810
1.02938e-17	165	5820
1.02288e-17	162.703	5830
1.02249e-17	162.432	5840
1.0258e-17	163.681	5850
1.02957e-17	165.01	5860
1.03143e-17	165.8	5870
1.02859e-17	164.584	5880
1.03052e-17	165.508	5890
1.03227e-17	165.918	5900
1.03233e-17	166.102	5910
1.03299e-17	166.247	5920
1.03579e-17	167.318	5930
1.0295e-17	165.039	5940
1.02685e-17	164.133	5950
1.01914e-17	161.267	5960
1.01979e-17	161.47	5970
1.02482e-17	163.323	5980
1.02244e-17	162.444	5990
1.03844e-17	168.145	6000
1.04417e-17	170.355	6010
1.02699e-17	164.213	6020
1.0096e-17	157.914	6030
1.00713e-17	156.883	6040
1.02465e-17	163.172	6050
1.03297e-17	166.25	6060
1.02819e-17	164.662	6070
1.01232e-17	158.78	6080
1.02455e-17	163.213	6090
1.01708e-17	160.633	6100
1.00426e-17	155.943	6110
1.00672e-17	156.715	6120
1.01673e-17	160.426	6130
1.014e-17	159.482	6140
1.0046e-17	156.01	6150
1.01827e-17	160.888	6160
1.0204e-17	161.75	6170
1.02272e-17	162.611	6180
1.01764e-17	160.7	6190
1.02384e-17	163.019	6200
1.01883e-17	161.101	6210
1.03171e-17	165.767	6220
1.03242e-17	166.14	6230
1.01304e-17	159.127	6240
1.03404e-17	166.47	6250
1.03872e-17	168.42	6260
1.03932e-17	168.528	6270
1.03491e-17	167.041	6280
1.02824e-17	164.535	6290
1.03608e-17	167.424	6300
1.03029e-17	165.302	6310
1.02203e-17	162.333	6320
1.02577e-17	163.615	6330
1.03413e-17	166.689	6340
1.03618e-17	167.36	6350
1.036e-17	167.476	6360
1.03309e-17	166.216	6370
1.0297e-17	165.205	6380
1.02923e-17	164.908	6390
1.01576e-17	160.117	6400
1.0365e-17	167.319	6410
1.04612e-17	171.161	6420
1.02576e-17	163.69	6430
1.03097e-17	165.531	6440
1.03205e-17	165.905	6450
1.02482e-17	163.471	6460
1.02063e-17	161.654	6470
1.03435e-17	166.803	6480
1.0223e-17	162.376	6490
1.03236e-17	166.093	6500
1.02273e-17	162.537	6510
1.03663e-17	167.555	6520
1.0274e-17	164.358	6530
1.02497e-17	163.281	6540
1.03497e-17	167.05	6550
1.02293e-17	162.706	6560
1.02522e-17	163.449	6570
1.02211e-17	162.42	6580
1.01138e-17	158.43	6590
1.0187e-17	161.193	6600
9.98747e-18	154.052	6610
1.00349e-17	155.513	6620
1.01405e-17	159.427	6630
1.00961e-17	157.872	6640
1.00495e-17	156.14	6650
1.01105e-17	158.347	6660
1.00664e-17	156.809	6670
1.00996e-17	157.894	6680
1.01124e-17	158.453	6690
9.99461e-18	154.232	6700
1.00716e-17	156.879	6710
1.01345e-17	159.197	6720
1.01982e-17	161.493	6730
1.01711e-17	160.597	6740
1.00966e-17	157.877	6750
1.01023e-17	158.049	6760
1.01206e-17	158.714	6770
1.01949e-17	161.38	6780
1.01717e-17	160.589	6790
1.01201e-17	158.662	6800
1.02783e-17	164.343	6810
1.02531e-17	163.598	6820
1.01935e-17	161.303	6830
1.0294e-17	164.95	6840
1.031e-17	165.635	6850
1.01558e-17	159.982	6860
1.02392e-17	162.95	6870
1.02673e-17	164.044	6880
1.02537e-17	163.531	6890
1.02674e-17	164.057	6900
1.01297e-17	159.132	6910
1.01076e-17	158.185	6920
1.01616e-17	160.314	6930
1.00706e-17	156.836	6940
1.01913e-17	161.216	6950
1.02223e-17	162.452	6960
1.02017e-17	161.632	6970
1.02405e-17	163.103	6980
1.01418e-17	159.486	6990
1.00875e-17	157.533	7000
1.0105e-17	158.125	7010
1.01259e-17	158.981	7020
1.00704e-17	156.877	7030
1.01215e-17	158.725	7040
1.01088e-17	158.336	7050
1.02194e-17	162.207	7060
1.02209e-17	162.35	7070
1.02681e-17	164.044	7080
1.03079e-17	165.466	7090
1.02298e-17	162.734	7100
1.02363e-17	162.876	7110
1.01669e-17	160.47	7120
1.01204e-17	158.652	7130
1.03026e-17	165.21	7140
1.02617e-17	163.851	7150
1.01533e-17	159.953	7160
1.00533e-17	156.319	7170
1.01287e-17	158.904	7180
1.0208e-17	161.888	7190
1.02153e-17	162.149	7200
1.0162e-17	160.226	7210
1.01564e-17	160.066	7220
1.00225e-17	155.262	7230
1.00032e-17	154.289	7240
1.02731e-17	164.202	7250
1.02096e-17	161.963	7260
1.01169e-17	158.683	7270
1.00057e-17	154.524	7280
1.01263e-17	158.83	7290
1.01701e-17	160.551	7300
1.00708e-17	156.957	7310
1.01522e-17	159.803	7320
1.01221e-17	158.803	7330
1.00899e-17	157.61	7340
1.01878e-17	161.054	7350
1.034e-17	166.605	7360
1.03318e-17	166.406	7370
1.02822e-17	164.511	7380
1.03489e-17	166.946	7390
1.03177e-17	165.81	7400
1.03284e-17	166.249	7410
1.0234e-17	162.873	7420
1.02296e-17	162.625	7430
1.0255e-17	163.552	7440
1.02298e-17	162.579	7450
1.02102e-17	162.128	7460
1.01359e-17	159.149	7470
1.01047e-17	158.176	7480
1.02023e-17	161.679	7490
1.02021e-17	161.485	7500
1.04037e-17	168.945	7510
1.02965e-17	165.145	7520
1.02136e-17	162.085	7530
1.02925e-17	164.786	7540
1.03542e-17	167.22	7550
1.02229e-17	162.424	7560
1.02595e-17	163.663	7570
1.03038e-17	165.36	7580
1.01462e-17	159.683	7590
1.01988e-17	161.502	7600
1.01296e-17	159.14	7610
1.00381e-17	155.624	7620
1.0127e-17	158.985	7630
1.01482e-17	159.61	7640
1.02142e-17	162.157	7650
1.00853e-17	157.392	7660
1.01485e-17	159.623	7670
1.01825e-17	160.971	7680
1.00949e-17	157.818	7690
1.01915e-17	161.195	7700
1.01579e-17	160.046	7710
1.01755e-17	160.718	7720
1.01438e-17	159.518	7730
1.0259e-17	163.65	7740
1.01839e-17	161.048	7750
1.02014e-17	161.532	7760
1.02832e-17	164.595	7770
1.02098e-17	161.998	7780
1.02488e-17	163.219	7790
1.03197e-17	165.99	7800
1.02217e-17	162.286	7810
1.02925e-17	164.937	7820
1.03223e-17	165.942	7830
1.03368e-17	166.542	7840
1.02933e-17	165.01	7850
1.0306e-17	165.324	7860
1.04146e-17	169.244	7870
1.04292e-17	169.951	7880
1.03657e-17	167.577	7890
1.03832e-17	168.187	7900
1.03453e-17	166.815	7910
1.02928e-17	164.99	7920
1.03128e-17	165.606	7930
1.03087e-17	165.534	7940
1.03835e-17	168.149	7950
1.036e-17	167.441	7960
1.02402e-17	163.018	7970
1.03241e-17	165.996	7980
1.02522e-17	163.592	7990
1.01514e-17	159.825	8000
1.01844e-17	160.951	8010
1.01542e-17	160.037	8020
1.01355e-17	159.159	8030
1.01139e-17	158.485	8040
1.01236e-17	158.83	8050
1.01393e-17	159.303	8060
1.0168e-17	160.479	8070
1.02453e-17	163.154	8080
1.01942e-17	161.416	8090
1.01458e-17	159.605	8100
1.02308e-17	162.624	8110
1.02965e-17	165.062	8120
1.02112e-17	162.038	8130
1.02182e-17	162.256	8140
1.01428e-17	159.554	8150
1.01523e-17	159.776	8160
1.02969e-17	165.028	8170
1.03697e-17	167.675	8180
1.02936e-17	165.052	8190
1.02437e-17	163.153	8200
1.01512e-17	159.878	8210
1.02445e-17	163.109	8220
1.02098e-17	161.974	8230
1.02823e-17	164.473	8240
1.03872e-17	168.304	8250
1.02777e-17	164.426	8260
1.0305e-17	165.369	8270
1.0303e-17	165.362	8280
1.02475e-17	163.3	8290
1.01937e-17	161.346	8300
1.0267e-17	164.025	8310
1.0379e-17	167.861	8320
1.04296e-17	169.996	8330
1.04288e-17	169.711	8340
1.05025e-17	172.604	8350
1.03458e-17	166.85	8360
1.04242e-17	169.664	8370
1.03405e-17	166.655	8380
1.04078e-17	168.988	8390
1.04552e-17	170.888	8400
1.02571e-17	163.693	8410
1.02126e-17	162.07	8420
1.02661e-17	163.892	8430
1.03257e-17	166.18	8440
1.01646e-17	160.302	8450
1.02522e-17	163.419	8460
1.02427e-17	163.152	8470
1.01875e-17	161.153	8480
1.02242e-17	162.431	8490
1.02055e-17	161.785	8500
1.02002e-17	161.6	8510
1.0019e-17	155.207	8520
9.99952e-18	154.123	8530
1.02753e-17	164.229	8540
1.02271e-17	162.669	8550
1.0072e-17	156.986	8560
1.01495e-17	159.674	8570
1.01267e-17	158.931	8580
1.01908e-17	161.248	8590
1.01501e-17	159.782	8600
1.01748e-17	160.656	8610
1.00994e-17	158.004	8620
1.00158e-17	154.902	8630
1.00487e-17	156.157	8640
9.9875e-18	153.846	8650
1.00508e-17	156.187	8660
1.00008e-17	154.386	8670
9.99928e-18	154.319	8680
9.94729e-18	152.457	8690
9.92911e-18	151.776	8700
9.95306e-18	152.59	8710
1.00767e-17	157.131	8720
9.99388e-18	154.037	8730
1.02018e-17	161.485	8740
1.02224e-17	162.466	8750
1.00565e-17	156.499	8760
1.00475e-17	155.942	8770
1.0174e-17	160.655	8780
1.02756e-17	164.155	8790
1.02862e-17	164.784	8800
1.02802e-17	164.411	8810
1.03952e-17	168.537	8820
1.04086e-17	169.166	8830
1.04037e-17	168.892	8840
1.04009e-17	168.866	8850
1.03842e-17	168.249	8860
1.03143e-17	165.765	8870
1.02513e-17	163.381	8880
1.02897e-17	164.9	8890
1.02285e-17	162.532	8900
1.03409e-17	166.65	8910
1.02972e-17	165.097	8920
1.03817e-17	168.11	8930
1.03517e-17	167.044	8940
1.0385e-17	168.334	8950
1.02356e-17	162.911	8960
1.03144e-17	165.679	8970
1.02554e-17	163.605	8980
1.02314e-17	162.714	8990
1.02385e-17	162.935	9000
1.03209e-17	165.953	9010
1.02949e-17	164.94	9020
1.03747e-17	167.925	9030
1.03928e-17	168.429	9040
1.0387e-17	168.5	9050
1.0317e-17	165.769	9060
1.03519e-17	167.11	9070
1.0209e-17	162.027	9080
1.01886e-17	161.11	9090
1.02985e-17	165.148	9100
1.02608e-17	163.824	9110
1.01606e-17	160.258	9120
1.0096e-17	157.782	9130
1.01571e-17	160.086	9140
1.00812e-17	157.252	9150
1.01809e-17	160.889	9160
1.00845e-17	157.444	9170
1.01671e-17	160.342	9180
1.01928e-17	161.294	9190
1.01778e-17	160.875	9200
1.01484e-17	159.698	9210
1.00664e-17	156.846	9220
9.96962e-18	153.254	9230
1.01133e-17	158.414	9240
1.00835e-17	157.37	9250
1.0126e-17	158.946	9260
1.00309e-17	155.489	9270
1.00849e-17	157.369	9280
1.0171e-17	160.539	9290
1.00977e-17	157.964	9300
1.0084e-17	157.403	9310
1.00939e-17	157.716	9320
1.01312e-17	159.067	9330
1.02829e-17	164.565	9340
1.02872e-17	164.731	9350
1.03255e-17	166.137	9360
1.02789e-17	164.509	9370
1.02213e-17	162.337	9380
1.02481e-17	163.375	9390
1.01596e-17	160.095	9400
1.02929e-17	164.955	9410
1.0234e-17	162.805	9420
1.02845e-17	164.653	9430
1.03052e-17	165.367	9440
1.02224e-17	162.541	9450
1.01501e-17	159.707	9460
1.03357e-17	166.416	9470
1.03675e-17	167.667	9480
1.03598e-17	167.352	9490
1.0454e-17	170.782	9500
1.03447e-17	166.77	9510
1.04699e-17	171.361	9520
1.0507e-17	172.701	9530
1.0381e-17	168.218	9540
1.04957e-17	172.1	9550
1.04892e-17	172.212	9560
1.03118e-17	165.71	9570
1.02577e-17	163.654	9580
1.03038e-17	165.326	9590
1.04212e-17	169.479	9600
1.04775e-17	171.694	9610
1.03271e-17	166.249	9620
1.02109e-17	162.017	9630
1.03137e-17	165.707	9640
1.01889e-17	161.215	9650
1.02402e-17	162.94	9660
1.03644e-17	167.506	9670
1.03174e-17	165.903	9680
1.01759e-17	160.754	9690
1.01821e-17	160.871	9700
1.03239e-17	166.061	9710
1.02128e-17	162.043	9720
1.02472e-17	163.317	9730
1.03263e-17	166.167	9740
1.02371e-17	162.917	9750
1.02029e-17	161.675	9760
1.0212e-17	162.02	9770
1.01756e-17	160.737	9780
1.01331e-17	159.207	9790
1.01445e-17	159.526	9800
1.01177e-17	158.657	9810
1.0114e-17	158.426	9820
1.01596e-17	160.176	9830
1.01233e-17	158.779	9840
1.01035e-17	158.139	9850
1.01132e-17	158.427	9860
1.01084e-17	158.24	9870
1.02497e-17	163.355	9880
1.01553e-17	160.042	9890
1.00312e-17	155.522	9900
1.01597e-17	160.026	9910
1.02041e-17	161.811	9920
1.0201e-17	161.535	9930
1.02355e-17	162.891	9940
1.02761e-17	164.329	9950
1.02519e-17	163.456	9960
1.02547e-17	163.589	9970
1.02491e-17	163.365	9980
1.02946e-17	164.985	9990
1.0177e-17	160.823	10000
1.02946e-17	164.924	10010
1.03217e-17	166.018	10020
1.02856e-17	164.693	10030
1.02801e-17	164.532	10040
1.01567e-17	160.045	10050
1.02091e-17	161.875	10060
1.02825e-17	164.553	10070
1.03207e-17	165.937	10080
1.03109e-17	165.635	10090
1.02042e-17	161.813	10100
1.01869e-17	161.037	10110
1.02953e-17	164.967	10120
1.03589e-17	167.356	10130
1.02791e-17	164.519	10140
1.02613e-17	163.722	10150
1.03149e-17	165.776	10160
1.03199e-17	165.828	10170
1.05247e-17	173.363	10180
1.01996e-17	161.727	10190
1.01746e-17	160.622	10200
1.01727e-17	160.625	10210
1.02858e-17	164.632	10220
1.02727e-17	164.192	10230
1.0328e-17	166.288	10240
1.01991e-17	161.534	10250
1.02974e-17	165.111	10260
1.03224e-17	165.927	10270
1.03605e-17	167.461	10280
1.01572e-17	160.076	10290
1.02609e-17	163.797	10300
1.02316e-17	162.721	10310
1.01716e-17	160.605	10320
1.01299e-17	159.032	10330
1.01983e-17	161.503	10340
1.01317e-17	159.214	10350
1.00615e-17	156.522	10360
1.02629e-17	163.729	10370
1.03351e-17	166.5	10380
1.02277e-17	162.648	10390
1.01591e-17	160.153	10400
1.02002e-17	161.496	10410
1.03067e-17	165.441	10420
1.03057e-17	165.357	10430
1.03673e-17	167.625	10440
1.03436e-17	166.819	10450
1.0258e-17	163.769	10460
1.01957e-17	161.383	10470
1.03438e-17	166.741	10480
1.02539e-17	163.585	10490
1.02009e-17	161.64	10500
1.03355e-17	166.392	10510
1.04112e-17	169.24	10520
1.03131e-17	165.749	10530
1.02437e-17	163.116	10540
1.03072e-17	165.466	10550
1.02857e-17	164.649	10560
1.03016e-17	165.256	10570
1.02491e-17	163.474	10580
1.02434e-17	163.052	10590
1.02942e-17	165.035	10600
1.02778e-17	164.413	10610
1.02364e-17	162.883	10620
1.02786e-17	164.42	10630
1.03195e-17	165.884	10640
1.03393e-17	166.651	10650
1.02881e-17	164.772	10660
1.02606e-17	163.821	10670
1.0147e-17	159.722	10680
1.01812e-17	160.856	10690
1.03427e-17	166.665	10700
1.02809e-17	164.686	10710
1.0149e-17	159.706	10720
1.01522e-17	159.856	10730
1.01782e-17	160.794	10740
1.01309e-17	159.157	10750
1.01473e-17	159.587	10760
1.02321e-17	162.746	10770
1.02555e-17	163.631	10780
1.01895e-17	161.239	10790
1.02221e-17	162.328	10800
1.02764e-17	164.414	10810
1.00774e-17	157.202	10820
1.01902e-17	161.164	10830
1.04119e-17	169.109	10840
1.02796e-17	164.609	10850
1.02567e-17	163.645	10860
1.01427e-17	159.58	10870
1.01318e-17	159.043	10880
1.02811e-17	164.517	10890
1.0274e-17	164.24	10900
1.03836e-17	168.161	10910
1.03099e-17	165.608	10920
1.03255e-17	166.06	10930
1.03101e-17	165.639	10940
1.03198e-17	165.87	10950
1.02834e-17	164.716	10960
1.0213e-17	161.952	10970
1.04092e-17	169.14	10980
1.03332e-17	166.43	10990
1.03146e-17	165.786	11000
1.0285e-17	164.596	11010
1.04156e-17	169.412	11020
1.02152e-17	162.241	11030
1.02497e-17	163.359	11040
1.02376e-17	162.861	11050
1.03004e-17	165.329	11060
1.03017e-17	165.169	11070
1.02993e-17	165.271	11080
1.01939e-17	161.438	11090
1.01562e-17	159.961	11100
1.01896e-17	161.238	11110
1.02421e-17	163.051	11120
1.027e-17	164.164	11130
1.01856e-17	161.104	11140
1.01234e-17	158.833	11150
1.01645e-17	160.341	11160
1.01069e-17	158.253	11170
1.0181e-17	160.854	11180
1.02357e-17	162.871	11190
1.01601e-17	160.234	11200
1.01136e-17	158.414	11210
1.02402e-17	163.025	11220
1.0157e-17	160.088	11230
1.01764e-17	160.698	11240
1.02239e-17	162.481	11250
1.02909e-17	164.799	11260
1.03661e-17	167.609	11270
1.02063e-17	161.853	11280
1.02908e-17	164.926	11290
1.01807e-17	160.846	11300
1.02715e-17	164.217	11310
1.01772e-17	160.835	11320
1.02952e-17	164.927	11330
1.02816e-17	164.598	11340
1.02415e-17	163.09	11350
1.02466e-17	163.264	11360
1.02015e-17	161.686	11370
1.02253e-17	162.497	11380
1.02654e-17	163.956	11390
1.02612e-17	163.822	11400
1.02755e-17	164.409	11410
1.00356e-17	155.761	11420
1.01224e-17	158.75	11430
1.01085e-17	158.233	11440
1.01241e-17	158.932	11450
1.01705e-17	160.376	11460
1.03082e-17	165.535	11470
1.0095e-17	157.948	11480
1.01922e-17	161.166	11490
1.02437e-17	163.168	11500
1.01497e-17	159.902	11510
1.01721e-17	160.469	11520
1.02881e-17	164.768	11530
1.02159e-17	162.215	11540
1.02147e-17	162.12	11550
1.01665e-17	160.385	11560
1.02016e-17	161.684	11570
1.01637e-17	160.272	11580
1.0141e-17	159.499	11590
1.02074e-17	161.762	11600
1.03126e-17	165.687	11610
1.02255e-17	162.523	11620
1.02746e-17	164.346	11630
1.02339e-17	162.817	11640
1.02115e-17	162.027	11650
1.02358e-17	162.921	11660
1.01805e-17	160.943	11670
1.01369e-17	159.324	11680
1.01554e-17	160.014	11690
1.02073e-17	161.749	11700
1.02861e-17	164.821	11710
1.01824e-17	160.863	11720
1.03039e-17	165.404	11730
1.01119e-17	158.442	11740
1.02898e-17	164.761	11750
1.01863e-17	161.191	11760
1.01858e-17	161.02	11770
1.03207e-17	165.897	11780
1.03826e-17	168.144	11790
1.03818e-17	168.24	11800
1.03686e-17	167.697	11810
1.02761e-17	164.444	11820
1.02798e-17	164.348	11830
1.03197e-17	166.078	11840
1.01452e-17	159.624	11850
1.02394e-17	163.002	11860
1.02432e-17	163.175	11870
1.02777e-17	164.387	11880
1.03462e-17	166.866	11890
1.02365e-17	163.024	11900
1.01556e-17	159.951	11910
1.02435e-17	163.175	11920
1.01101e-17	158.4	11930
1.02376e-17	162.874	11940
1.01413e-17	159.662	11950
1.00586e-17	156.392	11960
1.01093e-17	158.316	11970
1.01654e-17	160.354	11980
1.02076e-17	161.843	11990
1.02105e-17	161.984	12000
1.02287e-17	162.647	12010
1.03102e-17	165.589	12020
1.01976e-17	161.562	12030
1.0253e-17	163.45	12040
1.03109e-17	165.628	12050
1.01748e-17	160.79	12060
1.02196e-17	162.243	12070
1.02232e-17	162.469	12080
1.02607e-17	163.799	12090
1.01374e-17	159.387	12100
1.01849e-17	161.008	12110
1.02759e-17	164.323	12120
1.02008e-17	161.67	12130
1.0279e-17	164.484	12140
1.02391e-17	163.009	12150
1.02842e-17	164.577	12160
1.04399e-17	170.254	12170
1.03644e-17	167.679	12180
1.02358e-17	162.844	12190
1.02236e-17	162.583	12200
1.01162e-17	158.554	12210
1.02131e-17	162.025	12220
1.01996e-17	161.625	12230
1.02507e-17	163.421	12240
1.02535e-17	163.505	12250
1.02812e-17	164.545	12260
1.03012e-17	165.247	12270
1.03013e-17	165.275	12280
1.04612e-17	170.969	12290
1.03589e-17	167.43	12300
1.03341e-17	166.42	12310
1.03567e-17	167.309	12320
1.038e-17	168.049	12330
1.03901e-17	168.52	12340
1.02691e-17	164.18	12350
1.03497e-17	166.838	12360
1.05769e-17	175.222	12370
1.04211e-17	169.687	12380
1.03295e-17	166.34	12390
1.02757e-17	164.283	12400
1.0418e-17	169.487	12410
1.03365e-17	166.545	12420
1.03525e-17	167.101	12430
1.04073e-17	169.054	12440
1.0433e-17	170.014	12450
1.04356e-17	170.113	12460
1.03577e-17	167.481	12470
1.02058e-17	161.773	12480
1.02609e-17	163.83	12490
1.03194e-17	165.802	12500
1.03686e-17	167.794	12510
1.02787e-17	164.505	12520
1.00815e-17	157.412	12530
1.01418e-17	159.466	12540
1.0229e-17	162.597	12550
1.02851e-17	164.655	12560
1.02027e-17	161.838	12570
1.02858e-17	164.542	12580
1.03619e-17	167.491	12590
1.03305e-17	166.407	12600
1.03144e-17	165.733	12610
1.02329e-17	162.825	12620
1.02342e-17	162.855	12630
1.03121e-17	165.603	12640
1.02557e-17	163.725	12650
1.02368e-17	162.891	12660
1.02289e-17	162.724	12670
1.01531e-17	159.872	12680
1.03266e-17	166.112	12690
1.02839e-17	164.708	12700
1.02701e-17	164.147	12710
1.0392e-17	168.466	12720
1.03755e-17	167.999	12730
1.03538e-17	167.157	12740
1.02783e-17	164.463	12750
1.03598e-17	167.384	12760
1.02551e-17	163.667	12770
1.02909e-17	164.848	12780
1.02911e-17	164.919	12790
1.02477e-17	163.328	12800
1.03009e-17	165.255	12810
1.03048e-17	165.362	12820
1.03236e-17	166.147	12830
1.02641e-17	163.943	12840
1.02554e-17	163.687	12850
1.0198e-17	161.57	12860
1.01944e-17	161.435	12870
1.01956e-17	161.513	12880
1.01687e-17	160.399	12890
1.02462e-17	163.309	12900
1.02395e-17	163.023	12910
1.01746e-17	160.806	12920
1.01619e-17	160.185	12930
1.02161e-17	162.229	12940
1.01801e-17	160.871	12950
1.01988e-17	161.614	12960
1.02464e-17	163.189	12970
1.02863e-17	164.807	12980
1.0256e-17	163.596	12990
1.02878e-17	164.823	13000
1.01695e-17	160.567	13010
1.01861e-17	161.064	13020
1.03335e-17	166.388	13030
1.0263e-17	163.979	13040
1.02298e-17	162.701	13050
1.02164e-17	162.19	13060
1.02981e-17	165.134	13070
1.02195e-17	162.375	13080
1.02412e-17	163.091	13090
1.01682e-17	160.531	13100
1.01515e-17	159.904	13110
1.00806e-17	157.269	13120
1.01806e-17	160.856	13130
1.02338e-17	162.906	13140
1.00898e-17	157.56	13150
1.02323e-17	162.809	13160
1.02228e-17	162.404	13170
1.02153e-17	162.215	13180
1.01496e-17	159.76	13190
1.03031e-17	165.277	13200
1.03428e-17	166.814	13210
1.02305e-17	162.778	13220
1.02737e-17	164.185	13230
1.02878e-17	164.813	13240
1.0181e-17	161.028	13250
1.02006e-17	161.533	13260
1.02758e-17	164.401	13270
1.02397e-17	163.045	13280
1.01805e-17	160.921	13290
1.02593e-17	163.725	13300
1.02098e-17	162.011	13310
1.01935e-17	161.379	13320
1.02863e-17	164.708	13330
1.02445e-17	163.296	13340
1.02121e-17	161.97	13350
1.02491e-17	163.441	13360
1.02291e-17	162.621	13370
1.03109e-17	165.666	13380
1.0138e-17	159.447	13390
1.01775e-17	160.702	13400
1.03304e-17	166.321	13410
1.01735e-17	160.713	13420
1.02472e-17	163.229	13430
1.03281e-17	166.247	13440
1.02794e-17	164.559	13450
1.02107e-17	162.074	13460
1.02551e-17	163.536	13470
1.03191e-17	165.904	13480
1.02143e-17	162.211	13490
1.0176e-17	160.792	13500
1.00203e-17	155.116	13510
1.01597e-17	160.128	13520
1.03049e-17	165.349	13530
1.02379e-17	163.032	13540
1.02701e-17	164.158	13550
1.01727e-17	160.696	13560
1.01489e-17	159.751	13570
1.02673e-17	163.966	13580
1.03071e-17	165.541	13590
1.01338e-17	159.287	13600
1.01834e-17	161.019	13610
1.01367e-17	159.339	13620
1.01682e-17	160.46	13630
1.01479e-17	159.711	13640
1.02434e-17	163.152	13650
1.02792e-17	164.433	13660
1.01816e-17	161.08	13670
1.01767e-17	160.73	13680
1.01519e-17	159.946	13690
1.01387e-17	159.396	13700
1.00907e-17	157.68	13710
1.01895e-17	161.15	13720
1.02462e-17	163.31	13730
1.01787e-17	160.89	13740
1.0127e-17	158.967	13750
1.02761e-17	164.242	13760
1.03465e-17	166.927	13770
1.02453e-17	163.362	13780
1.01608e-17	160.154	13790
1.02021e-17	161.661	13800
1.02618e-17	163.835	13810
1.02864e-17	164.701	13820
1.02805e-17	164.611	13830
1.01171e-17	158.607	13840
1.02427e-17	163.121	13850
1.03073e-17	165.461	13860
1.02595e-17	163.837	13870
1.02223e-17	162.404	13880
1.02022e-17	161.744	13890
1.02288e-17	162.553	13900
1.03083e-17	165.612	13910
1.0126e-17	159.019	13920
1.01928e-17	161.295	13930
1.01988e-17	161.597	13940
1.01865e-17	161.063	13950
1.03258e-17	166.196	13960
1.00878e-17	157.671	13970
1.01461e-17	159.568	13980
1.02682e-17	164.077	13990
1.02616e-17	163.822	14000
1.02272e-17	162.671	14010
1.01731e-17	160.624	14020
1.01045e-17	158.272	14030
1.01102e-17	158.276	14040
1.01979e-17	161.63	14050
1.01263e-17	158.89	14060
1.01632e-17	160.302	14070
1.01561e-17	160.018	14080
1.01342e-17	159.276	14090
1.01294e-17	159.072	14100
1.00354e-17	155.714	14110
1.01163e-17	158.527	14120
1.0152e-17	159.925	14130
1.02223e-17	162.371	14140
1.02389e-17	163.039	14150
1.02119e-17	162.094	14160
1.01308e-17	159.121	14170
1.00982e-17	157.952	14180
1.00971e-17	157.857	14190
1.01204e-17	158.787	14200
1.0049e-17	156.196	14210
1.00854e-17	157.468	14220
1.01104e-17	158.367	14230
1.01359e-17	159.309	14240
1.00442e-17	156.005	14250
1.01424e-17	159.49	14260
1.01802e-17	160.922	14270
1.00888e-17	157.664	14280
1.00673e-17	156.73	14290
1.02179e-17	162.207	14300
1.03065e-17	165.491	14310
1.01608e-17	160.247	14320
1.02467e-17	163.205	14330
1.03126e-17	165.68	14340
1.03452e-17	166.881	14350
1.02307e-17	162.805	14360
1.023e-17	162.728	14370
1.01744e-17	160.686	14380
1.01399e-17	159.49	14390
1.02096e-17	161.907	14400
1.0113e-17	158.565	14410
1.01775e-17	160.721	14420
1.0316e-17	165.724	14430
1.03292e-17	166.309	14440
1.02311e-17	162.798	14450
1.02518e-17	163.493	14460
1.01936e-17	161.419	14470
1.0195e-17	161.423	14480
1.03492e-17	166.927	14490
1.03852e-17	168.389	14500
1.0227e-17	162.638	14510
1.02972e-17	165.013	14520
1.05508e-17	174.211	14530
1.0479e-17	171.781	14540
1.04947e-17	172.227	14550
1.03965e-17	168.824	14560
1.04504e-17	170.626	14570
1.04281e-17	169.926	14580
1.0354e-17	167.124	14590
1.03183e-17	166	14600
1.03677e-17	167.58	14610
1.04184e-17	169.541	14620
1.03311e-17	166.442	14630
1.03257e-17	166.08	14640
1.04132e-17	169.289	14650
1.04228e-17	169.696	14660
1.03522e-17	167.143	14670
1.04107e-17	169.256	14680
1.03041e-17	165.363	14690
1.03711e-17	167.794	14700
1.03427e-17	166.776	14710
1.04302e-17	169.85	14720
1.03805e-17	168.264	14730
1.01978e-17	161.568	14740
1.0147e-17	159.725	14750
1.03241e-17	166.012	14760
1.0273e-17	164.334	14770
1.01923e-17	161.385	14780
1.01996e-17	161.519	14790
1.02127e-17	162.095	14800
1.01982e-17	161.53	14810
1.02273e-17	162.513	14820
1.03868e-17	168.277	14830
1.04154e-17	169.471	14840
1.01153e-17	158.79	14850
1.0008e-17	154.574	14860
1.02665e-17	163.907	14870
1.02531e-17	163.6	14880
1.01981e-17	161.551	14890
1.01547e-17	159.989	14900
1.01569e-17	160.076	14910
1.01177e-17	158.623	14920
1.01985e-17	161.49	14930
1.02249e-17	162.546	14940
1.02848e-17	164.574	14950
1.02726e-17	164.352	14960
1.00492e-17	156.248	14970
1.00686e-17	156.806	14980
1.01291e-17	158.961	14990
1.02125e-17	162.055	15000
1.02395e-17	162.996	15010
1.02291e-17	162.637	15020
1.03597e-17	167.321	15030
1.02916e-17	165.017	15040
1.02328e-17	162.806	15050
1.01862e-17	161.131	15060
1.02042e-17	161.709	15070
1.01877e-17	161.23	15080
1.01798e-17	160.858	15090
1.01435e-17	159.596	15100
1.02493e-17	163.311	15110
1.01802e-17	160.906	15120
1.03356e-17	166.447	15130
1.02661e-17	164.102	15140
1.0233e-17	162.744	15150
1.03522e-17	167.076	15160
1.03109e-17	165.683	15170
1.0295e-17	164.91	15180
1.04531e-17	170.736	15190
1.04397e-17	170.325	15200
1.04025e-17	168.917	15210
1.03045e-17	165.435	15220
1.03143e-17	165.743	15230
1.03231e-17	166.002	15240
1.04124e-17	169.202	15250
1.04177e-17	169.524	15260
1.04051e-17	168.99	15270
1.03227e-17	166.123	15280
1.02661e-17	163.918	15290
1.03588e-17	167.294	15300
1.04192e-17	169.567	15310
1.03007e-17	165.28	15320
1.02421e-17	163.104	15330
1.03232e-17	165.911	15340
1.0405e-17	169.075	15350
1.03263e-17	166.126	15360
1.04005e-17	168.826	15370
1.02931e-17	165.028	15380
1.03123e-17	165.625	15390
1.02787e-17	164.409	15400
1.03567e-17	167.237	15410
1.03541e-17	167.149	15420
1.03172e-17	165.832	15430
1.02998e-17	165.239	15440
1.01607e-17	160.188	15450
1.0288e-17	164.719	15460
1.03117e-17	165.588	15470
1.04224e-17	169.563	15480
1.04142e-17	169.449	15490
1.0199e-17	161.612	15500
1.02308e-17	162.6	15510
1.03395e-17	166.676	15520
1.02535e-17	163.475	15530
1.02989e-17	165.242	15540
1.03159e-17	165.715	15550
1.03634e-17	167.498	15560
1.02408e-17	163.18	15570
1.02873e-17	164.645	15580
1.03275e-17	166.349	15590
1.02894e-17	164.649	15600
1.04019e-17	168.958	15610
1.03392e-17	166.616	15620
1.04602e-17	170.966	15630
1.0326e-17	166.271	15640
1.02703e-17	164.151	15650
1.01814e-17	161	15660
1.01558e-17	159.982	15670
1.02483e-17	163.255	15680
1.02918e-17	164.908	15690
1.02404e-17	163.076	15700
1.02902e-17	164.877	15710
1.02347e-17	162.872	15720
1.0258e-17	163.605	15730
1.03833e-17	168.252	15740
1.04008e-17	168.814	15750
1.03764e-17	168.01	15760
1.04245e-17	169.653	15770
1.04405e-17	170.365	15780
1.03082e-17	165.507	15790
1.03809e-17	168.171	15800
1.03417e-17	166.725	15810
1.03556e-17	167.142	15820
1.04481e-17	170.672	15830
1.02921e-17	164.943	15840
1.03301e-17	166.287	15850
1.03506e-17	167.072	15860
1.03005e-17	165.183	15870
1.03854e-17	168.277	15880
1.04161e-17	169.406	15890
1.03769e-17	168.018	15900
1.0317e-17	165.862	15910
1.02729e-17	164.279	15920
1.01929e-17	161.331	15930
1.03e-17	165.117	15940
1.03539e-17	167.237	15950
1.01984e-17	161.565	15960
1.02742e-17	164.288	15970
1.01952e-17	161.358	15980
1.03109e-17	165.557	15990
1.03054e-17	165.426	16000
1.0334e-17	166.414	16010
1.03915e-17	168.504	16020
1.035e-17	167.02	16030
1.03661e-17	167.591	16040
1.03049e-17	165.485	16050
1.02667e-17	163.878	16060
1.03459e-17	166.974	16070
1.02153e-17	162.149	16080
1.02401e-17	163.049	16090
1.02354e-17	162.891	16100
1.02818e-17	164.511	16110
1.02594e-17	163.75	16120
1.03028e-17	165.296	16130
1.02368e-17	162.984	16140
1.0367e-17	167.477	16150
1.03605e-17	167.553	16160
1.02926e-17	164.833	16170
1.02799e-17	164.51	16180
1.02528e-17	163.545	16190
1.03579e-17	167.163	16200
1.0361e-17	167.495	16210
1.02976e-17	165.063	16220
1.04447e-17	170.361	16230
1.0402e-17	168.968	16240
1.03608e-17	167.353	16250
1.04234e-17	169.664	16260
1.03546e-17	167.198	16270
1.02636e-17	163.914	16280
1.02618e-17	163.798	16290
1.04024e-17	168.799	16300
1.04436e-17	170.449	16310
1.02971e-17	165.165	16320
1.03022e-17	165.254	16330
1.02912e-17	164.952	16340
1.02409e-17	163.074	16350
1.01285e-17	159.105	16360
1.01034e-17	158.018	16370
1.0157e-17	160.003	16380
1.01967e-17	161.493	16390
1.00551e-17	156.433	16400
1.01143e-17	158.322	16410
1.02014e-17	161.653	16420
1.02298e-17	162.674	16430
1.01438e-17	159.63	16440
1.01647e-17	160.161	16450
1.03129e-17	165.666	16460
1.02513e-17	163.531	16470
1.02512e-17	163.358	16480
1.02738e-17	164.345	16490
1.02153e-17	162.111	16500
1.02525e-17	163.449	16510
1.03237e-17	166.069	16520
1.02051e-17	161.793	16530
1.02264e-17	162.6	16540
1.00527e-17	156.257	16550
1.01465e-17	159.645	16560
1.02033e-17	161.687	16570
1.02347e-17	162.788	16580
1.01632e-17	160.328	16590
1.01513e-17	159.798	16600
1.01151e-17	158.602	16610
1.01457e-17	159.545	16620
1.01469e-17	159.69	16630
1.02032e-17	161.611	16640
1.02277e-17	162.645	16650
1.01692e-17	160.518	16660
1.01682e-17	160.389	16670
1.01585e-17	160.085	16680
1.02253e-17	162.43	16690
1.02894e-17	164.844	16700
1.02383e-17	162.971	16710
1.03146e-17	165.715	16720
1.03095e-17	165.547	16730
1.03247e-17	166.136	16740
1.01793e-17	160.875	16750
1.02418e-17	163.074	16760
1.02417e-17	163.067	16770
1.04097e-17	169.069	16780
1.03409e-17	166.795	16790
1.01694e-17	160.564	16800
1.01663e-17	160.313	16810
1.03378e-17	166.433	16820
1.03431e-17	166.892	16830
1.02262e-17	162.587	16840
1.00722e-17	156.957	16850
1.02012e-17	161.619	16860
1.01873e-17	161.082	16870
1.04721e-17	171.299	16880
1.03696e-17	167.856	16890
1.02486e-17	163.32	16900
1.03406e-17	166.643	16910
1.03074e-17	165.452	16920
1.04185e-17	169.45	16930
1.0375e-17	167.96	16940
1.02901e-17	164.868	16950
1.0265e-17	163.967	16960
1.02679e-17	164.011	16970
1.02465e-17	163.352	16980
1.01527e-17	159.904	16990
1.01852e-17	160.982	17000
1.03172e-17	165.821	17010
1.02692e-17	164.122	17020
1.02463e-17	163.277	17030
1.01411e-17	159.531	17040
1.01326e-17	159.172	17050
1.01896e-17	161.178	17060
1.02058e-17	161.863	17070
1.01593e-17	160.152	17080
1.01634e-17	160.309	17090
1.00998e-17	157.923	17100
1.02841e-17	164.564	17110
1.02315e-17	162.842	17120
1.01908e-17	161.261	17130
1.01147e-17	158.559	17140
1.01168e-17	158.516	17150
1.02408e-17	163.024	17160
1.02028e-17	161.79	17170
1.01746e-17	160.546	17180
1.02379e-17	162.992	17190
1.02935e-17	164.915	17200
1.02615e-17	163.82	17210
1.03281e-17	166.192	17220
1.03066e-17	165.479	17230
1.02513e-17	163.37	17240
1.03833e-17	168.165	17250
1.03873e-17	168.428	17260
1.03039e-17	165.375	17270
1.0276e-17	164.444	17280
1.02708e-17	164.014	17290
1.0384e-17	168.278	17300
1.02666e-17	164.07	17310
1.03421e-17	166.644	17320
1.03255e-17	166.215	17330
1.01816e-17	160.931	17340
1.04507e-17	170.465	17350
1.05104e-17	172.874	17360
1.04673e-17	171.227	17370
1.03889e-17	168.489	17380
1.03106e-17	165.64	17390
1.03563e-17	167.137	17400
1.03955e-17	168.686	17410
1.04218e-17	169.607	17420
1.03369e-17	166.592	17430
1.03392e-17	166.678	17440
1.02712e-17	164.116	17450
1.04657e-17	171.076	17460
1.04336e-17	170.155	17470
1.03811e-17	168.191	17480
1.03015e-17	165.288	17490
1.02849e-17	164.641	17500
1.03691e-17	167.685	17510
1.03681e-17	167.683	17520
1.03586e-17	167.379	17530
1.02165e-17	162.229	17540
1.03325e-17	166.372	17550
1.02111e-17	162.086	17560
1.01457e-17	159.627	17570
1.02197e-17	162.244	17580
1.02003e-17	161.721	17590
1.0176e-17	160.603	17600
1.02389e-17	163.101	17610
1.01245e-17	158.903	17620
1.01697e-17	160.414	17630
1.01712e-17	160.649	17640
1.00443e-17	155.949	17650
1.00803e-17	157.274	17660
1.00924e-17	157.717	17670
1.01754e-17	160.555	17680
1.02864e-17	164.799	17690
1.00697e-17	156.956	17700
1.01628e-17	160.166	17710
1.01071e-17	158.323	17720
1.00565e-17	156.405	17730
1.00063e-17	154.632	17740
1.00364e-17	155.64	17750
1.013e-17	158.972	17760
1.01145e-17	158.64	17770
1.01412e-17	159.38	17780
1.01552e-17	160.029	17790
1.01194e-17	158.63	17800
1.02044e-17	161.763	17810
1.01643e-17	160.342	17820
1.0094e-17	157.805	17830
1.01118e-17	158.339	17840
1.02064e-17	161.831	17850
1.0178e-17	160.836	17860
1.02095e-17	161.84	17870
1.02525e-17	163.52	17880
1.02064e-17	161.845	17890
1.02336e-17	162.789	17900
1.02409e-17	163.047	17910
1.02182e-17	162.271	17920
1.02146e-17	162.159	17930
1.02575e-17	163.607	17940
1.01859e-17	161.162	17950
1.0213e-17	161.963	17960
1.03608e-17	167.426	17970
1.02518e-17	163.491	17980
1.03094e-17	165.523	17990
1.03308e-17	166.299	18000
1.04035e-17	168.89	18010
1.03813e-17	168.246	18020
1.02764e-17	164.385	18030
1.02441e-17	163.252	18040
1.0204e-17	161.733	18050
1.01854e-17	161.089	18060
1.02711e-17	164.109	18070
1.03094e-17	165.561	18080
1.02577e-17	163.728	18090
1.02826e-17	164.54	18100
1.03467e-17	166.907	18110
1.02249e-17	162.569	18120
1.02782e-17	164.337	18130
1.02405e-17	163.248	18140
1.01337e-17	159.138	18150
1.01198e-17	158.743	18160
1.01362e-17	159.326	18170
1.0097e-17	157.89	18180
1.01957e-17	161.328	18190
1.03107e-17	165.636	18200
1.01259e-17	158.968	18210
1.02301e-17	162.638	18220
1.02257e-17	162.592	18230
1.01494e-17	159.775	18240
1.01863e-17	161.08	18250
1.01591e-17	160.152	18260
1.00786e-17	157.252	18270
1.01109e-17	158.362	18280
1.02597e-17	163.719	18290
1.02342e-17	162.809	18300
1.03469e-17	166.914	18310
1.02387e-17	163.021	18320
1.02253e-17	162.561	18330
1.00489e-17	156.205	18340
1.00896e-17	157.614	18350
1.01742e-17	160.592	18360
1.02822e-17	164.534	18370
1.03325e-17	166.336	18380
1.03121e-17	165.674	18390
1.03612e-17	167.394	18400
1.03744e-17	167.931	18410
1.03078e-17	165.594	18420
1.03601e-17	167.326	18430
1.03209e-17	165.971	18440
1.03411e-17	166.758	18450
1.03749e-17	167.854	18460
1.04633e-17	171.205	18470
1.03699e-17	167.786	18480
1.02179e-17	162.323	18490
1.01811e-17	160.92	18500
1.02593e-17	163.673	18510
1.04405e-17	170.232	18520
1.03078e-17	165.641	18530
1.02986e-17	165.084	18540
1.03713e-17	167.814	18550
1.02739e-17	164.459	18560
1.00911e-17	157.664	18570
1.01412e-17	159.447	18580
1.02935e-17	164.966	18590
1.02662e-17	164.025	18600
1.01867e-17	161.208	18610
1.00565e-17	156.474	18620
1.00854e-17	157.387	18630
1.01308e-17	159.115	18640
1.0162e-17	160.233	18650
1.0117e-17	158.524	18660
1.01895e-17	161.266	18670
1.01868e-17	161.174	18680
1.0096e-17	157.833	18690
1.01545e-17	159.984	18700
1.01529e-17	159.903	18710
1.01974e-17	161.526	18720
1.02015e-17	161.57	18730
1.031e-17	165.608	18740
1.02001e-17	161.633	18750
1.02935e-17	164.975	18760
1.02118e-17	162.017	18770
1.03369e-17	166.593	18780
1.02618e-17	163.743	18790
1.03822e-17	168.22	18800
1.02297e-17	162.819	18810
1.01369e-17	159.271	18820
1.02314e-17	162.737	18830
1.0318e-17	165.763	18840
1.03403e-17	166.768	18850
1.01937e-17	161.443	18860
1.01343e-17	159.234	18870
1.01743e-17	160.651	18880
1.02107e-17	161.911	18890
1.02822e-17	164.655	18900
1.02012e-17	161.626	18910
1.02977e-17	165.043	18920
1.03599e-17	167.473	18930
1.02786e-17	164.38	18940
1.03302e-17	166.337	18950
1.03791e-17	168.03	18960
1.04067e-17	169.071	18970
1.03756e-17	167.994	18980
1.03254e-17	166.093	18990
1.03035e-17	165.399	19000
1.03398e-17	166.647	19010
1.03879e-17	168.328	19020
1.04498e-17	170.614	19030
1.03856e-17	168.422	19040
1.02846e-17	164.606	19050
1.03538e-17	167.223	19060
1.02782e-17	164.419	19070
1.02605e-17	163.812	19080
1.03015e-17	165.228	19090
1.0333e-17	166.401	19100
1.03287e-17	166.255	19110
1.02993e-17	165.207	19120
1.03246e-17	166.081	19130
1.02916e-17	164.876	19140
1.03249e-17	166.143	19150
1.03046e-17	165.354	19160
1.04247e-17	169.679	19170
1.03826e-17	168.214	19180
1.03877e-17	168.394	19190
1.03118e-17	165.719	19200
1.02497e-17	163.375	19210
1.02905e-17	164.855	19220
1.01821e-17	160.999	19230
1.0293e-17	164.894	19240
1.02047e-17	161.823	19250
1.01706e-17	160.513	19260
1.02259e-17	162.494	19270
1.02329e-17	162.762	19280
1.02875e-17	164.814	19290
1.0215e-17	162.11	19300
1.02949e-17	164.942	19310
1.03115e-17	165.623	19320
1.02856e-17	164.689	19330
1.02551e-17	163.611	19340
1.01892e-17	161.204	19350
1.02931e-17	164.787	19360
1.04031e-17	169.005	19370
1.02033e-17	161.79	19380
1.02576e-17	163.563	19390
1.02731e-17	164.372	19400
1.02346e-17	162.686	19410
1.02792e-17	164.574	19420
1.01509e-17	159.787	19430
1.01956e-17	161.386	19440
1.02412e-17	163.075	19450
1.02769e-17	164.292	19460
1.03073e-17	165.471	19470
1.02719e-17	164.221	19480
1.01797e-17	160.818	19490
1.0229e-17	162.619	19500
1.0275e-17	164.237	19510
1.02982e-17	165.183	19520
1.01571e-17	160.081	19530
1.01936e-17	161.305	19540
1.03061e-17	165.374	19550
1.03006e-17	165.253	19560
1.03589e-17	167.286	19570
1.02395e-17	163.048	19580
1.02954e-17	165.008	19590
1.02849e-17	164.687	19600
1.01652e-17	160.423	19610
1.01669e-17	160.255	19620
1.03744e-17	167.856	19630
1.02916e-17	164.926	19640
1.02502e-17	163.39	19650
1.02907e-17	164.792	19660
1.03434e-17	166.807	19670
1.01327e-17	159.196	19680
1.01511e-17	159.831	19690
1.00417e-17	155.807	19700
1.02249e-17	162.401	19710
1.01342e-17	159.342	19720
1.00898e-17	157.546	19730
1.01057e-17	158.118	19740
1.00778e-17	157.22	19750
1.00983e-17	157.842	19760
1.01836e-17	160.948	19770
1.01307e-17	159.223	19780
1.00982e-17	157.756	19790
1.02341e-17	162.818	19800
1.02624e-17	163.782	19810
1.02803e-17	164.531	19820
1.0164e-17	160.287	19830
1.02267e-17	162.497	19840
1.01465e-17	159.694	19850
1.01558e-17	159.881	19860
1.02226e-17	162.412	19870
1.02298e-17	162.592	19880
1.0288e-17	164.759	19890
1.02385e-17	163.023	19900
1.01618e-17	160.15	19910
1.02122e-17	162.048	19920
1.02177e-17	162.122	19930
1.02227e-17	162.443	19940
1.01516e-17	159.825	19950
1.02249e-17	162.438	19960
1.01798e-17	160.835	19970
1.01717e-17	160.587	19980
1.02126e-17	161.945	19990
1.02472e-17	163.237	20000
