3.31382e-20	2.53117e-07	0
3.31391e-20	3.06279e-05	10
3.31414e-20	0.000111635	20
3.3145e-20	0.000243295	30
3.31501e-20	0.000425642	40
3.31566e-20	0.000658722	50
3.31645e-20	0.000942595	60
3.31738e-20	0.00127733	70
3.31845e-20	0.00166303	80
3.31966e-20	0.00209977	90
3.32101e-20	0.00258767	100
3.32251e-20	0.00312687	110
3.32415e-20	0.00371749	120
3.32593e-20	0.0043597	130
3.32785e-20	0.00505366	140
3.32992e-20	0.00579954	150
3.33214e-20	0.00659755	160
3.33449e-20	0.0074479	170
3.337e-20	0.0083508	180
3.33965e-20	0.0093065	190
3.34244e-20	0.0103152	200
3.34539e-20	0.0113773	210
3.34848e-20	0.012493	220
3.35172e-20	0.0136625	230
3.35512e-20	0.0148863	240
3.35866e-20	0.0161646	250
3.36236e-20	0.0174978	260
3.3662e-20	0.0188863	270
3.37021e-20	0.0203304	280
3.37437e-20	0.0218306	290
3.37868e-20	0.0233872	300
3.38315e-20	0.0250007	310
3.38778e-20	0.0266715	320
3.39257e-20	0.0284001	330
3.39753e-20	0.0301871	340
3.40264e-20	0.0320328	350
3.40792e-20	0.0339379	360
3.41337e-20	0.035903	370
3.41898e-20	0.0379285	380
3.42476e-20	0.040015	390
3.43072e-20	0.0421633	400
3.43684e-20	0.0443739	410
3.44314e-20	0.0466475	420
3.44962e-20	0.0489848	430
3.45628e-20	0.0513865	440
3.46311e-20	0.0538533	450
3.47013e-20	0.0563861	460
3.47733e-20	0.0589856	470
3.48473e-20	0.0616527	480
3.49231e-20	0.0643881	490
3.50008e-20	0.0671929	500
3.50804e-20	0.0700678	510
3.51621e-20	0.0730139	520
3.52457e-20	0.0760322	530
3.53314e-20	0.0791236	540
3.54191e-20	0.0822892	550
3.55089e-20	0.0855301	560
3.56008e-20	0.0888475	570
3.56949e-20	0.0922425	580
3.57911e-20	0.0957163	590
3.58896e-20	0.0992701	600
3.59903e-20	0.102905	610
3.60934e-20	0.106623	620
3.61987e-20	0.110425	630
3.63064e-20	0.114313	640
3.64165e-20	0.118287	650
3.65291e-20	0.12235	660
3.66442e-20	0.126504	670
3.67618e-20	0.130749	680
3.6882e-20	0.135087	690
3.70049e-20	0.139521	700
3.71304e-20	0.144052	710
3.72587e-20	0.148683	720
3.73898e-20	0.153414	730
3.75237e-20	0.158248	740
3.76606e-20	0.163187	750
3.78004e-20	0.168234	760
3.79433e-20	0.173391	770
3.80892e-20	0.178659	780
3.82384e-20	0.184042	790
3.83907e-20	0.189542	800
3.85464e-20	0.195162	810
3.87055e-20	0.200905	820
3.88681e-20	0.206772	830
3.90342e-20	0.212768	840
3.9204e-20	0.218895	850
3.93774e-20	0.225157	860
3.95547e-20	0.231557	870
3.97359e-20	0.238098	880
3.99212e-20	0.244784	890
4.01105e-20	0.251618	900
4.03041e-20	0.258606	910
4.0502e-20	0.265749	920
4.07044e-20	0.273054	930
4.09113e-20	0.280524	940
4.11229e-20	0.288163	950
4.13394e-20	0.295978	960
4.15609e-20	0.303971	970
4.17874e-20	0.31215	980
4.20193e-20	0.320519	990
4.22565e-20	0.329083	1000
4.24993e-20	0.337849	1010
4.27479e-20	0.346823	1020
4.30025e-20	0.356011	1030
4.32631e-20	0.36542	1040
4.353e-20	0.375056	1050
4.38035e-20	0.384928	1060
4.40837e-20	0.395043	1070
4.43708e-20	0.405408	1080
4.46652e-20	0.416033	1090
4.49669e-20	0.426926	1100
4.52763e-20	0.438096	1110
4.55937e-20	0.449553	1120
4.59193e-20	0.461307	1130
4.62534e-20	0.473369	1140
4.65964e-20	0.48575	1150
4.69485e-20	0.498461	1160
4.73101e-20	0.511515	1170
4.76815e-20	0.524924	1180
4.80632e-20	0.538703	1190
4.84555e-20	0.552866	1200
4.88589e-20	0.567428	1210
4.92737e-20	0.582404	1220
4.97005e-20	0.597812	1230
5.01397e-20	0.613668	1240
5.05919e-20	0.629993	1250
5.10576e-20	0.646805	1260
5.15374e-20	0.664125	1270
5.20318e-20	0.681975	1280
5.25416e-20	0.700379	1290
5.30674e-20	0.719361	1300
5.36099e-20	0.738948	1310
5.417e-20	0.759166	1320
5.47483e-20	0.780046	1330
5.53459e-20	0.801618	1340
5.59635e-20	0.823915	1350
5.66022e-20	0.846974	1360
5.7263e-20	0.870831	1370
5.79471e-20	0.895525	1380
5.86555e-20	0.921101	1390
5.93896e-20	0.947602	1400
6.01506e-20	0.975078	1410
6.09402e-20	1.00358	1420
6.17596e-20	1.03316	1430
6.26107e-20	1.06389	1440
6.34952e-20	1.09582	1450
6.44149e-20	1.12902	1460
6.53719e-20	1.16357	1470
6.63685e-20	1.19955	1480
6.74069e-20	1.23703	1490
6.84896e-20	1.27612	1500
6.96195e-20	1.31691	1510
7.07996e-20	1.35951	1520
7.20329e-20	1.40403	1530
7.3323e-20	1.45061	1540
7.46737e-20	1.49937	1550
7.6089e-20	1.55046	1560
7.75735e-20	1.60404	1570
7.91319e-20	1.6603	1580
8.07697e-20	1.71942	1590
8.24927e-20	1.78162	1600
8.43072e-20	1.84712	1610
8.62202e-20	1.91617	1620
8.82395e-20	1.98906	1630
9.03735e-20	2.06609	1640
9.26318e-20	2.1476	1650
9.50245e-20	2.23396	1660
9.75635e-20	2.3256	1670
1.00261e-19	2.42298	1680
1.03133e-19	2.52661	1690
1.06193e-19	2.63707	1700
1.09461e-19	2.75502	1710
1.12957e-19	2.88118	1720
1.16704e-19	3.01638	1730
1.20727e-19	3.16156	1740
1.25055e-19	3.31777	1750
1.29724e-19	3.48623	1760
1.34771e-19	3.66834	1770
1.4024e-19	3.86567	1780
1.46182e-19	4.08008	1790
1.52658e-19	4.31372	1800
1.59736e-19	4.56908	1810
1.67498e-19	4.84908	1820
1.76039e-19	5.1572	1830
1.85474e-19	5.49754	1840
1.95939e-19	5.87499	1850
2.07598e-19	6.29548	1860
2.20649e-19	6.76616	1870
2.35337e-19	7.29581	1880
2.51963e-19	7.89527	1890
2.70901e-19	8.57804	1900
2.92626e-19	9.36117	1910
3.17741e-19	10.2664	1920
3.47031e-19	11.3219	1930
3.81521e-19	12.5647	1940
4.22583e-19	14.0439	1950
4.72079e-19	15.8266	1960
5.32584e-19	18.0052	1970
6.07738e-19	20.7106	1980
7.02787e-19	24.131	1990
8.25436e-19	28.543	2000
9.87089e-19	34.3561	2010
1.20424e-18	42.163	2020
1.49757e-18	52.7103	2030
1.87469e-18	66.2972	2040
2.23018e-18	79.2575	2050
2.03465e-18	72.7946	2060
1.06376e-18	37.554	2070
1.86034e-18	65.0977	2080
2.71353e-18	96.9234	2090
2.06068e-18	73.743	2100
1.83237e-18	64.849	2110
2.00687e-18	71.3925	2120
1.70388e-18	60.5531	2130
1.51245e-18	53.5575	2140
1.29776e-18	45.8358	2150
1.07788e-18	37.8681	2160
9.04024e-19	31.5577	2170
7.721e-19	26.7691	2180
6.71049e-19	23.1021	2190
5.92228e-19	20.2427	2200
5.29648e-19	17.9731	2210
4.79211e-19	16.1442	2220
4.3807e-19	14.6527	2230
4.04222e-19	13.4258	2240
3.76238e-19	12.4114	2250
3.53095e-19	11.5725	2260
3.34075e-19	10.8829	2270
3.18697e-19	10.3252	2280
3.06683e-19	9.88904	2290
2.97937e-19	9.57102	2300
2.92541e-19	9.37398	2310
2.90731e-19	9.30631	2320
2.92779e-19	9.37795	2330
2.98598e-19	9.58616	2340
3.06592e-19	9.87485	2350
3.11298e-19	10.0498	2360
3.02134e-19	9.73025	2370
2.75251e-19	8.76475	2380
2.57183e-19	8.09496	2390
2.69562e-19	8.52951	2400
2.84202e-19	9.06704	2410
2.80665e-19	8.94955	2420
2.65208e-19	8.39484	2430
2.47172e-19	7.74284	2440
2.30988e-19	7.15634	2450
2.17821e-19	6.67873	2460
2.07574e-19	6.30682	2470
1.99823e-19	6.02536	2480
1.94152e-19	5.81929	2490
1.90245e-19	5.67712	2500
1.87896e-19	5.59134	2510
1.87002e-19	5.55815	2520
1.87556e-19	5.57725	2530
1.89649e-19	5.65189	2540
1.93485e-19	5.78936	2550
1.99412e-19	6.00211	2560
2.07975e-19	6.30969	2570
2.20009e-19	6.74206	2580
2.36783e-19	7.34479	2590
2.6021e-19	8.18652	2600
2.93029e-19	9.36575	2610
3.38327e-19	10.9944	2620
3.94809e-19	13.0325	2630
4.30826e-19	14.3741	2640
3.12474e-19	10.2456	2650
1.13915e-19	2.89782	2660
3.32737e-19	10.6929	2670
4.26082e-19	14.2027	2680
3.82278e-19	12.6502	2690
3.24208e-19	10.5474	2700
2.7809e-19	8.87282	2710
2.44257e-19	7.64385	2720
2.1958e-19	6.74754	2730
2.01407e-19	6.08759	2740
1.87915e-19	5.59766	2750
1.77915e-19	5.23448	2760
1.70659e-19	4.97078	2770
1.6571e-19	4.79064	2780
1.62882e-19	4.68719	2790
1.62227e-19	4.6621	2800
1.64075e-19	4.72718	2810
1.6915e-19	4.90828	2820
1.78734e-19	5.25133	2830
1.94536e-19	5.81819	2840
2.15302e-19	6.56892	2850
2.12217e-19	6.49701	2860
1.22907e-19	3.28037	2870
1.80831e-19	5.27934	2880
2.15021e-19	6.57677	2890
1.93376e-19	5.80273	2900
1.71361e-19	5.00356	2910
1.55692e-19	4.43386	2920
1.44865e-19	4.04026	2930
1.37235e-19	3.76301	2940
1.31721e-19	3.56272	2950
1.27653e-19	3.41498	2960
1.2461e-19	3.30448	2970
1.22321e-19	3.22136	2980
1.20605e-19	3.15905	2990
1.19341e-19	3.1131	3000
1.18441e-19	3.08037	3010
1.17845e-19	3.05864	3020
1.17508e-19	3.04629	3030
1.17397e-19	3.04214	3040
1.17489e-19	3.04533	3050
1.17766e-19	3.05523	3060
1.18216e-19	3.07138	3070
1.18831e-19	3.09348	3080
1.19605e-19	3.12133	3090
1.20536e-19	3.15485	3100
1.21623e-19	3.19402	3110
1.22869e-19	3.23892	3120
1.24277e-19	3.28969	3130
1.25854e-19	3.34656	3140
1.27608e-19	3.4098	3150
1.29549e-19	3.47981	3160
1.31691e-19	3.55704	3170
1.34048e-19	3.64205	3180
1.36639e-19	3.73552	3190
1.39487e-19	3.83825	3200
1.42619e-19	3.9512	3210
1.46065e-19	4.07553	3220
1.49866e-19	4.2126	3230
1.54066e-19	4.36411	3240
1.58723e-19	4.53208	3250
1.63907e-19	4.71903	3260
1.69705e-19	4.9281	3270
1.76227e-19	5.16327	3280
1.83616e-19	5.42965	3290
1.92057e-19	5.73396	3300
2.01802e-19	6.08516	3310
2.1319e-19	6.49553	3320
2.26698e-19	6.98212	3330
2.42989e-19	7.56885	3340
2.62971e-19	8.28829	3350
2.87682e-19	9.17808	3360
3.173e-19	10.246	3370
3.46008e-19	11.2891	3380
3.46101e-19	11.3244	3390
3.02194e-19	9.73106	3400
3.55191e-19	11.5756	3410
4.30065e-19	14.3126	3420
4.5937e-19	15.3851	3430
4.83515e-19	16.2529	3440
5.2028e-19	17.5715	3450
5.75799e-19	19.5648	3460
6.55272e-19	22.4202	3470
7.6474e-19	26.3561	3480
9.03917e-19	31.3729	3490
1.02509e-18	35.8043	3500
9.40919e-19	32.9446	3510
8.51866e-19	29.4295	3520
1.22162e-18	42.8102	3530
1.12308e-18	39.6123	3540
8.23043e-19	28.5367	3550
1.12809e-18	39.3288	3560
1.34619e-18	47.4218	3570
1.29948e-18	45.7986	3580
1.27868e-18	44.9819	3590
1.31929e-18	46.4641	3600
1.22638e-18	43.2589	3610
9.72328e-19	33.9711	3620
1.12486e-18	39.3472	3630
1.17659e-18	41.3297	3640
1.13254e-18	39.7555	3650
1.04124e-18	36.5159	3660
8.57265e-19	29.8474	3670
9.19601e-19	31.9332	3680
1.01907e-18	35.6026	3690
1.02108e-18	35.7029	3700
1.00643e-18	35.172	3710
9.9944e-19	34.913	3720
1.00387e-18	35.066	3730
1.02066e-18	35.6649	3740
1.0499e-18	36.7143	3750
1.09076e-18	38.184	3760
1.14274e-18	40.0551	3770
1.20664e-18	42.3568	3780
1.28156e-18	45.0594	3790
1.35294e-18	47.6519	3800
1.36816e-18	48.2628	3810
1.25029e-18	44.0872	3820
1.08663e-18	38.1253	3830
1.1034e-18	38.5835	3840
1.31507e-18	46.2207	3850
1.33445e-18	46.877	3860
1.67051e-18	59.1258	3870
1.49754e-18	53.1367	3880
1.1838e-18	41.6398	3890
1.26031e-18	44.2646	3900
1.25682e-18	44.2796	3910
1.12477e-18	39.5193	3920
1.01225e-18	35.4304	3930
9.37806e-19	32.7191	3940
8.94882e-19	31.1514	3950
8.76954e-19	30.4899	3960
8.79962e-19	30.5868	3970
9.01647e-19	31.3596	3980
9.40243e-19	32.7448	3990
9.91992e-19	34.609	4000
1.04705e-18	36.6011	4010
1.09014e-18	38.1686	4020
1.12218e-18	39.3256	4030
1.1661e-18	40.9049	4040
1.18154e-18	41.5366	4050
9.52436e-19	33.3513	4060
1.21682e-18	42.489	4070
1.44819e-18	51.0974	4080
1.44016e-18	50.8769	4090
1.28608e-18	45.3746	4100
1.26439e-18	44.5138	4110
1.10152e-18	38.6992	4120
1.04398e-18	36.5405	4130
1.01352e-18	35.406	4140
1.10994e-18	38.8369	4150
1.17332e-18	41.1877	4160
1.16266e-18	40.8211	4170
1.15061e-18	40.3739	4180
1.15476e-18	40.5265	4190
1.09087e-18	38.3018	4200
1.06093e-18	37.0181	4210
1.27452e-18	44.7664	4220
1.36133e-18	47.9564	4230
1.39073e-18	49.0523	4240
1.33394e-18	47.0639	4250
1.28888e-18	45.323	4260
1.41154e-18	49.738	4270
1.48488e-18	52.4232	4280
1.51532e-18	53.5487	4290
1.46791e-18	51.9095	4300
1.3931e-18	49.0975	4310
1.49287e-18	52.7354	4320
1.46586e-18	51.7486	4330
1.55546e-18	54.9481	4340
1.58103e-18	55.9681	4350
1.43446e-18	50.682	4360
1.56152e-18	55.1377	4370
1.58485e-18	56.1093	4380
1.49853e-18	52.9131	4390
1.66554e-18	58.9304	4400
1.64626e-18	58.3222	4410
1.6113e-18	56.9994	4420
1.78477e-18	63.1655	4430
1.85431e-18	65.8326	4440
1.82486e-18	64.7219	4450
1.85332e-18	65.7803	4460
1.69959e-18	60.3747	4470
1.54899e-18	54.7595	4480
1.58219e-18	55.976	4490
1.70237e-18	60.1733	4500
1.87506e-18	66.54	4510
1.68647e-18	59.8017	4520
1.91635e-18	67.9434	4530
1.94732e-18	69.2268	4540
1.4294e-18	50.9431	4550
1.79209e-18	63.3194	4560
1.57558e-18	55.5512	4570
1.83574e-18	65.1536	4580
1.69098e-18	60.0486	4590
1.66773e-18	58.9063	4600
1.91076e-18	67.8194	4610
1.87366e-18	66.3775	4620
1.99358e-18	70.81	4630
2.03584e-18	72.4667	4640
1.91836e-18	68.0695	4650
1.97645e-18	70.1463	4660
2.08922e-18	74.3164	4670
1.99333e-18	70.8173	4680
2.12462e-18	75.5018	4690
2.02769e-18	72.3217	4700
1.75228e-18	61.9904	4710
1.85127e-18	65.6929	4720
1.78591e-18	63.3996	4730
1.67224e-18	59.2728	4740
1.62795e-18	57.6294	4750
1.62079e-18	57.3653	4760
1.62022e-18	57.3368	4770
1.64105e-18	58.0731	4780
1.68293e-18	59.5844	4790
1.67315e-18	59.3122	4800
1.50436e-18	53.2447	4810
1.57998e-18	55.7336	4820
1.77123e-18	62.7701	4830
1.8636e-18	66.0711	4840
1.74599e-18	62.142	4850
1.51394e-18	53.503	4860
1.80315e-18	63.8014	4870
1.80127e-18	63.9847	4880
1.74194e-18	61.668	4890
1.86126e-18	66.0447	4900
1.73785e-18	61.7339	4910
1.7108e-18	60.4983	4920
1.78072e-18	63.1638	4930
1.8157e-18	64.3376	4940
1.90722e-18	67.6773	4950
1.94187e-18	68.9569	4960
1.93394e-18	68.6877	4970
1.93334e-18	68.6627	4980
1.88668e-18	66.9959	4990
1.8987e-18	67.384	5000
2.02318e-18	71.801	5010
1.95876e-18	69.762	5020
2.0334e-18	72.3204	5030
1.95844e-18	69.5028	5040
2.06646e-18	73.5115	5050
1.98541e-18	70.4729	5060
2.15416e-18	76.5972	5070
2.11039e-18	75.1025	5080
2.12869e-18	75.6533	5090
2.22194e-18	79.0406	5100
2.30787e-18	82.1465	5110
2.3609e-18	84.0659	5120
2.45315e-18	87.4095	5130
2.26178e-18	80.8048	5140
2.27519e-18	80.8264	5150
2.49062e-18	88.6716	5160
2.58692e-18	92.3439	5170
2.3286e-18	83.0118	5180
2.38786e-18	85.0949	5190
2.28465e-18	81.4303	5200
2.26022e-18	80.4376	5210
2.30123e-18	81.9448	5220
2.26282e-18	80.6083	5230
2.19604e-18	78.2035	5240
2.01164e-18	71.5899	5250
2.13155e-18	75.6965	5260
2.2004e-18	78.312	5270
2.18728e-18	77.8267	5280
2.22568e-18	79.1947	5290
2.20248e-18	78.4663	5300
2.06768e-18	73.4927	5310
2.10558e-18	74.8467	5320
2.13938e-18	76.1164	5330
2.13246e-18	75.7973	5340
2.27033e-18	80.7735	5350
2.26179e-18	80.5757	5360
2.22814e-18	79.2835	5370
2.32072e-18	82.5941	5380
2.40677e-18	85.7155	5390
2.50628e-18	89.3009	5400
2.51081e-18	89.5903	5410
2.40543e-18	85.716	5420
2.49797e-18	88.9851	5430
2.6252e-18	93.5968	5440
2.67626e-18	95.4916	5450
2.72223e-18	97.1066	5460
2.83231e-18	101.09	5470
2.94852e-18	105.259	5480
3.03404e-18	108.406	5490
3.04783e-18	108.954	5500
2.88102e-18	103.047	5510
2.8237e-18	100.735	5520
3.07202e-18	109.658	5530
3.21561e-18	114.99	5540
3.15275e-18	112.755	5550
3.19089e-18	114.047	5560
3.22058e-18	115.181	5570
3.16477e-18	113.217	5580
3.11252e-18	111.228	5590
3.25345e-18	116.33	5600
3.25203e-18	116.275	5610
3.30282e-18	118.191	5620
2.94387e-18	105.466	5630
3.16747e-18	112.918	5640
3.40783e-18	121.956	5650
3.17498e-18	113.589	5660
3.13647e-18	112.214	5670
3.08086e-18	110.121	5680
3.12246e-18	111.588	5690
3.15928e-18	112.959	5700
3.10418e-18	111.013	5710
3.05679e-18	109.281	5720
2.99308e-18	106.962	5730
2.99961e-18	107.177	5740
3.05386e-18	109.095	5750
3.12766e-18	111.785	5760
3.13342e-18	112.039	5770
3.07213e-18	109.828	5780
3.08975e-18	110.444	5790
3.08316e-18	110.187	5800
3.06151e-18	109.437	5810
3.10763e-18	111.083	5820
3.12008e-18	111.487	5830
3.26311e-18	116.641	5840
3.26231e-18	116.76	5850
3.13522e-18	112.062	5860
3.31445e-18	118.486	5870
3.28101e-18	117.435	5880
3.25158e-18	116.308	5890
3.21581e-18	115.015	5900
3.19424e-18	114.23	5910
3.15271e-18	112.74	5920
3.11916e-18	111.543	5930
3.06382e-18	109.493	5940
3.13809e-18	112.125	5950
3.17577e-18	113.555	5960
3.17764e-18	113.658	5970
3.04456e-18	108.899	5980
2.98862e-18	106.721	5990
3.18842e-18	113.885	6000
3.2625e-18	116.664	6010
3.25731e-18	116.554	6020
3.1735e-18	113.475	6030
3.20185e-18	114.503	6040
3.19506e-18	114.178	6050
3.31321e-18	118.472	6060
3.33669e-18	119.384	6070
3.2715e-18	117.07	6080
3.18891e-18	114.009	6090
3.26521e-18	116.745	6100
3.3226e-18	118.843	6110
3.29494e-18	117.901	6120
3.26337e-18	116.696	6130
3.30858e-18	118.346	6140
3.29864e-18	117.986	6150
3.33171e-18	119.178	6160
3.26458e-18	116.834	6170
3.23444e-18	115.671	6180
3.20334e-18	114.539	6190
3.25293e-18	116.334	6200
3.26272e-18	116.689	6210
3.24028e-18	115.912	6220
3.22607e-18	115.347	6230
3.25289e-18	116.328	6240
3.33183e-18	119.131	6250
3.35446e-18	120.004	6260
3.38995e-18	121.306	6270
3.30864e-18	118.383	6280
3.32487e-18	118.932	6290
3.3401e-18	119.505	6300
3.3402e-18	119.465	6310
3.42815e-18	122.616	6320
3.48488e-18	124.717	6330
3.48827e-18	124.836	6340
3.46664e-18	124.098	6350
3.44176e-18	123.174	6360
3.42375e-18	122.5	6370
3.56805e-18	127.655	6380
3.56498e-18	127.67	6390
3.51592e-18	125.849	6400
3.53879e-18	126.651	6410
3.57582e-18	127.986	6420
3.58887e-18	128.484	6430
3.61368e-18	129.343	6440
3.62888e-18	129.962	6450
3.551e-18	127.119	6460
3.57062e-18	127.82	6470
3.59094e-18	128.532	6480
3.65736e-18	130.922	6490
3.60526e-18	129.154	6500
3.5403e-18	126.679	6510
3.62733e-18	129.848	6520
3.63481e-18	130.15	6530
3.64595e-18	130.536	6540
3.66013e-18	131.058	6550
3.60063e-18	128.923	6560
3.65699e-18	130.862	6570
3.7992e-18	136.026	6580
3.81008e-18	136.511	6590
3.75133e-18	134.373	6600
3.75245e-18	134.374	6610
3.78116e-18	135.424	6620
3.78273e-18	135.486	6630
3.80135e-18	136.146	6640
3.82351e-18	136.936	6650
3.84782e-18	137.85	6660
3.80921e-18	136.47	6670
3.80323e-18	136.208	6680
3.83296e-18	137.276	6690
3.827e-18	137.124	6700
3.7885e-18	135.695	6710
3.80975e-18	136.449	6720
3.8467e-18	137.768	6730
3.83617e-18	137.443	6740
3.79685e-18	136.026	6750
3.75994e-18	134.678	6760
3.80161e-18	136.132	6770
3.79078e-18	135.811	6780
3.7479e-18	134.238	6790
3.76889e-18	134.971	6800
3.7314e-18	133.669	6810
3.69854e-18	132.454	6820
3.70265e-18	132.574	6830
3.73103e-18	133.63	6840
3.68017e-18	131.794	6850
3.71537e-18	133.024	6860
3.7017e-18	132.594	6870
3.66409e-18	131.201	6880
3.69894e-18	132.417	6890
3.76361e-18	134.775	6900
3.78011e-18	135.381	6910
3.76304e-18	134.808	6920
3.69493e-18	132.357	6930
3.65747e-18	130.954	6940
3.70247e-18	132.534	6950
3.74518e-18	134.143	6960
3.74613e-18	134.126	6970
3.80239e-18	136.186	6980
3.80125e-18	136.168	6990
3.79048e-18	135.767	7000
3.78778e-18	135.678	7010
3.786e-18	135.59	7020
3.80266e-18	136.209	7030
3.79685e-18	136.002	7040
3.83154e-18	137.194	7050
3.89851e-18	139.69	7060
3.83781e-18	137.462	7070
3.92184e-18	140.477	7080
3.8994e-18	139.751	7090
3.89476e-18	139.506	7100
3.92877e-18	140.753	7110
3.96042e-18	141.882	7120
3.98e-18	142.633	7130
3.96527e-18	142.07	7140
3.9781e-18	142.521	7150
4.02067e-18	144.063	7160
4.03246e-18	144.531	7170
3.96517e-18	142.108	7180
3.97407e-18	142.393	7190
4.00742e-18	143.556	7200
4.06241e-18	145.593	7210
3.99599e-18	143.241	7220
3.95196e-18	141.611	7230
3.9863e-18	142.81	7240
3.98734e-18	142.888	7250
3.97837e-18	142.571	7260
3.97847e-18	142.524	7270
4.0171e-18	143.977	7280
3.98614e-18	142.816	7290
4.03315e-18	144.538	7300
4.02976e-18	144.382	7310
4.07752e-18	146.146	7320
4.03769e-18	144.686	7330
4.0913e-18	146.615	7340
4.10595e-18	147.147	7350
4.1428e-18	148.495	7360
4.17019e-18	149.446	7370
4.17603e-18	149.738	7380
4.13193e-18	148.094	7390
4.17343e-18	149.589	7400
4.23116e-18	151.661	7410
4.20641e-18	150.859	7420
4.15928e-18	149.078	7430
4.18666e-18	150.062	7440
4.21091e-18	150.953	7450
4.21281e-18	151.02	7460
4.24402e-18	152.152	7470
4.22212e-18	151.382	7480
4.19536e-18	150.442	7490
4.1592e-18	149.034	7500
4.24578e-18	152.2	7510
4.27491e-18	153.288	7520
4.21274e-18	151.045	7530
4.26655e-18	152.93	7540
4.26775e-18	153.031	7550
4.25712e-18	152.624	7560
4.27925e-18	153.393	7570
4.31224e-18	154.659	7580
4.22912e-18	151.629	7590
4.28813e-18	153.687	7600
4.28056e-18	153.523	7610
4.30013e-18	154.134	7620
4.32607e-18	155.107	7630
4.34755e-18	155.914	7640
4.26025e-18	152.79	7650
4.25644e-18	152.561	7660
4.29835e-18	154.155	7670
4.25167e-18	152.408	7680
4.26062e-18	152.783	7690
4.18588e-18	150.086	7700
4.1991e-18	150.509	7710
4.23e-18	151.628	7720
4.22452e-18	151.467	7730
4.23956e-18	151.943	7740
4.26966e-18	153.113	7750
4.20366e-18	150.713	7760
4.22012e-18	151.259	7770
4.25773e-18	152.631	7780
4.26578e-18	152.951	7790
4.27042e-18	153.064	7800
4.33024e-18	155.281	7810
4.31351e-18	154.659	7820
4.32423e-18	155.051	7830
4.34885e-18	155.928	7840
4.33412e-18	155.431	7850
4.33964e-18	155.595	7860
4.33077e-18	155.324	7870
4.3154e-18	154.696	7880
4.35782e-18	156.264	7890
4.37709e-18	156.958	7900
4.3363e-18	155.515	7910
4.32126e-18	154.95	7920
4.29807e-18	154.102	7930
4.33779e-18	155.548	7940
4.2962e-18	154.053	7950
4.29787e-18	154.103	7960
4.29987e-18	154.177	7970
4.29875e-18	154.098	7980
4.30725e-18	154.455	7990
4.29663e-18	154.06	8000
4.28877e-18	153.787	8010
4.29586e-18	154.022	8020
4.31904e-18	154.868	8030
4.26792e-18	153.048	8040
4.25715e-18	152.627	8050
4.26416e-18	152.872	8060
4.30856e-18	154.469	8070
4.26304e-18	152.851	8080
4.28552e-18	153.652	8090
4.28378e-18	153.605	8100
4.30448e-18	154.287	8110
4.32049e-18	154.959	8120
4.26457e-18	152.908	8130
4.26756e-18	153.008	8140
4.25737e-18	152.648	8150
4.23934e-18	151.999	8160
4.23174e-18	151.694	8170
4.25102e-18	152.42	8180
4.20858e-18	150.893	8190
4.1872e-18	150.116	8200
4.20039e-18	150.526	8210
4.2518e-18	152.467	8220
4.19786e-18	150.494	8230
4.22275e-18	151.362	8240
4.27502e-18	153.256	8250
4.25035e-18	152.409	8260
4.24808e-18	152.287	8270
4.26011e-18	152.727	8280
4.21611e-18	151.2	8290
4.18121e-18	149.886	8300
4.19062e-18	150.208	8310
4.23739e-18	151.9	8320
4.16894e-18	149.516	8330
4.15061e-18	148.742	8340
4.18568e-18	150.036	8350
4.19867e-18	150.515	8360
4.21069e-18	150.901	8370
4.2636e-18	152.87	8380
4.23419e-18	151.817	8390
4.24204e-18	152.055	8400
4.27725e-18	153.345	8410
4.27419e-18	153.252	8420
4.26766e-18	152.998	8430
4.29626e-18	154.041	8440
4.28644e-18	153.691	8450
4.32136e-18	154.912	8460
4.34087e-18	155.711	8470
4.29481e-18	153.996	8480
4.28825e-18	153.754	8490
4.31044e-18	154.547	8500
4.28778e-18	153.737	8510
4.32024e-18	154.915	8520
4.28351e-18	153.608	8530
4.20927e-18	150.947	8540
4.20238e-18	150.631	8550
4.23515e-18	151.797	8560
4.26684e-18	152.983	8570
4.28803e-18	153.721	8580
4.28515e-18	153.665	8590
4.30332e-18	154.261	8600
4.32135e-18	154.963	8610
4.32318e-18	154.963	8620
4.42879e-18	158.804	8630
4.4534e-18	159.71	8640
4.44979e-18	159.6	8650
4.46685e-18	160.19	8660
4.43192e-18	158.978	8670
4.4289e-18	158.811	8680
4.48315e-18	160.779	8690
4.49781e-18	161.314	8700
4.5031e-18	161.564	8710
4.40975e-18	158.153	8720
4.45977e-18	159.944	8730
4.42852e-18	158.84	8740
4.43805e-18	159.145	8750
4.45287e-18	159.717	8760
4.43113e-18	158.926	8770
4.3927e-18	157.579	8780
4.3173e-18	154.838	8790
4.29807e-18	154.11	8800
4.28004e-18	153.475	8810
4.32715e-18	155.094	8820
4.35791e-18	156.317	8830
4.29547e-18	154.002	8840
4.3563e-18	156.178	8850
4.40467e-18	157.947	8860
4.35953e-18	156.398	8870
4.36467e-18	156.449	8880
4.38883e-18	157.398	8890
4.40777e-18	158.051	8900
4.42396e-18	158.657	8910
4.42715e-18	158.784	8920
4.4209e-18	158.53	8930
4.49306e-18	161.1	8940
4.50102e-18	161.479	8950
4.45523e-18	159.792	8960
4.44867e-18	159.562	8970
4.44194e-18	159.285	8980
4.48539e-18	160.869	8990
4.49402e-18	161.188	9000
4.50438e-18	161.531	9010
4.52828e-18	162.457	9020
4.49524e-18	161.232	9030
4.50938e-18	161.757	9040
4.47206e-18	160.421	9050
4.46154e-18	159.994	9060
4.46573e-18	160.193	9070
4.4282e-18	158.819	9080
4.4297e-18	158.867	9090
4.42903e-18	158.843	9100
4.42894e-18	158.818	9110
4.45282e-18	159.696	9120
4.43724e-18	159.148	9130
4.4213e-18	158.588	9140
4.38434e-18	157.236	9150
4.40069e-18	157.809	9160
4.43706e-18	159.097	9170
4.51355e-18	161.872	9180
4.45687e-18	159.908	9190
4.42495e-18	158.672	9200
4.48573e-18	160.887	9210
4.46824e-18	160.253	9220
4.50849e-18	161.692	9230
4.53879e-18	162.792	9240
4.57482e-18	164.11	9250
4.54418e-18	163.018	9260
4.51387e-18	161.937	9270
4.50908e-18	161.713	9280
4.53372e-18	162.626	9290
4.54544e-18	163.059	9300
4.51723e-18	162.044	9310
4.50204e-18	161.508	9320
4.47663e-18	160.535	9330
4.53153e-18	162.548	9340
4.5194e-18	162.092	9350
4.54756e-18	163.117	9360
4.55962e-18	163.582	9370
4.46975e-18	160.352	9380
4.47539e-18	160.509	9390
4.49936e-18	161.355	9400
4.52676e-18	162.4	9410
4.50114e-18	161.42	9420
4.53531e-18	162.672	9430
4.55717e-18	163.462	9440
4.56551e-18	163.807	9450
4.47439e-18	160.525	9460
4.45717e-18	159.83	9470
4.53576e-18	162.689	9480
4.48588e-18	160.926	9490
4.51449e-18	161.879	9500
4.55267e-18	163.323	9510
4.54097e-18	162.861	9520
4.5714e-18	164.025	9530
4.5102e-18	161.755	9540
4.57253e-18	164.015	9550
4.57656e-18	164.164	9560
4.57817e-18	164.208	9570
4.61227e-18	165.452	9580
4.64354e-18	166.588	9590
4.631e-18	166.163	9600
4.60082e-18	165.076	9610
4.57027e-18	163.942	9620
4.60575e-18	165.225	9630
4.6114e-18	165.425	9640
4.55077e-18	163.294	9650
4.53908e-18	162.824	9660
4.49348e-18	161.207	9670
4.47485e-18	160.481	9680
4.51516e-18	161.967	9690
4.49478e-18	161.234	9700
4.45758e-18	159.893	9710
4.44531e-18	159.453	9720
4.42382e-18	158.639	9730
4.45541e-18	159.778	9740
4.48037e-18	160.702	9750
4.46842e-18	160.26	9760
4.48099e-18	160.709	9770
4.49703e-18	161.298	9780
4.50272e-18	161.503	9790
4.51632e-18	161.996	9800
4.51325e-18	161.893	9810
4.50982e-18	161.739	9820
4.53907e-18	162.792	9830
4.57357e-18	164.069	9840
4.5453e-18	163.084	9850
4.53737e-18	162.736	9860
4.54352e-18	162.973	9870
4.55927e-18	163.55	9880
4.5532e-18	163.333	9890
4.53741e-18	162.755	9900
4.55499e-18	163.4	9910
4.50741e-18	161.717	9920
4.52544e-18	162.29	9930
4.53041e-18	162.531	9940
4.4926e-18	161.124	9950
4.55014e-18	163.195	9960
4.5514e-18	163.279	9970
4.45211e-18	159.747	9980
4.42974e-18	158.852	9990
4.51096e-18	161.75	10000
4.53535e-18	162.698	10010
4.52899e-18	162.447	10020
4.483e-18	160.842	10030
4.49604e-18	161.209	10040
4.58678e-18	164.507	10050
4.58092e-18	164.351	10060
4.54753e-18	163.106	10070
4.61689e-18	165.61	10080
4.55307e-18	163.365	10090
4.53109e-18	162.543	10100
4.54313e-18	162.918	10110
4.61988e-18	165.714	10120
4.61273e-18	165.501	10130
4.60897e-18	165.346	10140
4.56372e-18	163.748	10150
4.55618e-18	163.41	10160
4.61205e-18	165.396	10170
4.676e-18	167.757	10180
4.68748e-18	168.194	10190
4.62812e-18	166.066	10200
4.60434e-18	165.182	10210
4.58833e-18	164.585	10220
4.62933e-18	166.068	10230
4.60945e-18	165.338	10240
4.69442e-18	168.411	10250
4.67705e-18	167.801	10260
4.69956e-18	168.606	10270
4.67626e-18	167.805	10280
4.6652e-18	167.358	10290
4.7251e-18	169.518	10300
4.65689e-18	167.094	10310
4.71451e-18	169.139	10320
4.69772e-18	168.56	10330
4.65905e-18	167.186	10340
4.68121e-18	167.919	10350
4.71553e-18	169.164	10360
4.73649e-18	169.98	10370
4.73522e-18	169.906	10380
4.6692e-18	167.577	10390
4.64346e-18	166.548	10400
4.70805e-18	168.914	10410
4.70244e-18	168.695	10420
4.72457e-18	169.532	10430
4.6683e-18	167.532	10440
4.69538e-18	168.377	10450
4.78235e-18	171.621	10460
4.76082e-18	170.854	10470
4.74063e-18	170.047	10480
4.8056e-18	172.446	10490
4.8241e-18	173.107	10500
4.7936e-18	172.064	10510
4.78069e-18	171.479	10520
4.8375e-18	173.615	10530
4.77178e-18	171.237	10540
4.86313e-18	174.482	10550
4.81579e-18	172.878	10560
4.77129e-18	171.213	10570
4.79198e-18	171.946	10580
4.81262e-18	172.69	10590
4.78593e-18	171.765	10600
4.7473e-18	170.373	10610
4.76023e-18	170.729	10620
4.82647e-18	173.226	10630
4.72509e-18	169.603	10640
4.68384e-18	168.042	10650
4.66545e-18	167.396	10660
4.70551e-18	168.781	10670
4.73718e-18	169.985	10680
4.72968e-18	169.707	10690
4.68558e-18	168.137	10700
4.70118e-18	168.652	10710
4.7254e-18	169.528	10720
4.7588e-18	170.754	10730
4.74057e-18	170.093	10740
4.75383e-18	170.585	10750
4.78689e-18	171.758	10760
4.78384e-18	171.703	10770
4.78919e-18	171.815	10780
4.75878e-18	170.823	10790
4.77307e-18	171.218	10800
4.77761e-18	171.471	10810
4.74851e-18	170.389	10820
4.77305e-18	171.264	10830
4.70779e-18	168.964	10840
4.69699e-18	168.521	10850
4.63947e-18	166.478	10860
4.64186e-18	166.524	10870
4.62997e-18	166.119	10880
4.60237e-18	165.121	10890
4.59294e-18	164.74	10900
4.63895e-18	166.435	10910
4.56499e-18	163.812	10920
4.57564e-18	164.112	10930
4.6392e-18	166.386	10940
4.67219e-18	167.646	10950
4.63525e-18	166.3	10960
4.65808e-18	167.104	10970
4.65767e-18	167.109	10980
4.6351e-18	166.292	10990
4.66114e-18	167.233	11000
4.61414e-18	165.521	11010
4.67095e-18	167.567	11020
4.70493e-18	168.814	11030
4.65357e-18	166.962	11040
4.68518e-18	168.069	11050
4.67442e-18	167.732	11060
4.63202e-18	166.193	11070
4.64222e-18	166.544	11080
4.63571e-18	166.281	11090
4.67465e-18	167.715	11100
4.6727e-18	167.632	11110
4.69926e-18	168.608	11120
4.68033e-18	167.932	11130
4.6854e-18	168.099	11140
4.68214e-18	168.017	11150
4.65458e-18	166.948	11160
4.70589e-18	168.838	11170
4.70633e-18	168.879	11180
4.69979e-18	168.598	11190
4.73348e-18	169.822	11200
4.73464e-18	169.926	11210
4.69106e-18	168.297	11220
4.72927e-18	169.69	11230
4.72284e-18	169.476	11240
4.7004e-18	168.624	11250
4.75519e-18	170.613	11260
4.71346e-18	169.143	11270
4.70805e-18	168.945	11280
4.71186e-18	169.045	11290
4.69177e-18	168.376	11300
4.64831e-18	166.774	11310
4.60239e-18	165.134	11320
4.59061e-18	164.669	11330
4.64181e-18	166.522	11340
4.59905e-18	164.986	11350
4.64934e-18	166.791	11360
4.70678e-18	168.828	11370
4.74609e-18	170.315	11380
4.68044e-18	167.98	11390
4.66794e-18	167.425	11400
4.70645e-18	168.885	11410
4.73805e-18	169.97	11420
4.73713e-18	169.979	11430
4.75204e-18	170.522	11440
4.69943e-18	168.65	11450
4.67833e-18	167.827	11460
4.73789e-18	169.977	11470
4.71252e-18	169.163	11480
4.57562e-18	164.145	11490
4.62678e-18	165.957	11500
4.6379e-18	166.431	11510
4.56378e-18	163.701	11520
4.67062e-18	167.535	11530
4.64011e-18	166.486	11540
4.62772e-18	166.01	11550
4.69147e-18	168.32	11560
4.66017e-18	167.197	11570
4.61393e-18	165.539	11580
4.63668e-18	166.334	11590
4.63274e-18	166.212	11600
4.63552e-18	166.298	11610
4.63232e-18	166.197	11620
4.63765e-18	166.396	11630
4.59097e-18	164.703	11640
4.58756e-18	164.565	11650
4.63235e-18	166.132	11660
4.68086e-18	167.952	11670
4.63447e-18	166.305	11680
4.6432e-18	166.552	11690
4.63698e-18	166.382	11700
4.62541e-18	165.915	11710
4.63957e-18	166.451	11720
4.61358e-18	165.549	11730
4.55168e-18	163.277	11740
4.59634e-18	164.868	11750
4.65386e-18	166.928	11760
4.63863e-18	166.43	11770
4.65139e-18	166.877	11780
4.61716e-18	165.655	11790
4.60833e-18	165.324	11800
4.60212e-18	165.095	11810
4.61924e-18	165.716	11820
4.62666e-18	165.954	11830
4.67037e-18	167.57	11840
4.61431e-18	165.568	11850
4.63746e-18	166.35	11860
4.66466e-18	167.348	11870
4.685e-18	168.095	11880
4.60217e-18	165.151	11890
4.6032e-18	165.147	11900
4.59304e-18	164.73	11910
4.62683e-18	166.005	11920
4.60492e-18	165.172	11930
4.65739e-18	167.096	11940
4.61688e-18	165.653	11950
4.60305e-18	165.153	11960
4.52317e-18	162.257	11970
4.57262e-18	163.999	11980
4.60014e-18	165.019	11990
4.58283e-18	164.427	12000
4.54261e-18	162.951	12010
4.59349e-18	164.766	12020
4.57356e-18	164.091	12030
4.53668e-18	162.76	12040
4.51445e-18	161.916	12050
4.56108e-18	163.584	12060
4.55735e-18	163.513	12070
4.54243e-18	162.914	12080
4.60809e-18	165.296	12090
4.64509e-18	166.604	12100
4.67754e-18	167.846	12110
4.64698e-18	166.691	12120
4.6809e-18	167.993	12130
4.60742e-18	165.305	12140
4.6254e-18	165.943	12150
4.56813e-18	163.914	12160
4.56743e-18	163.8	12170
4.62901e-18	166.072	12180
4.54467e-18	163.07	12190
4.50431e-18	161.564	12200
4.54486e-18	163.01	12210
4.57762e-18	164.21	12220
4.52053e-18	162.193	12230
4.5273e-18	162.371	12240
4.49326e-18	161.205	12250
4.46718e-18	160.252	12260
4.40985e-18	158.145	12270
4.49517e-18	161.148	12280
4.57232e-18	164.032	12290
4.52349e-18	162.265	12300
4.59161e-18	164.657	12310
4.65098e-18	166.855	12320
4.63595e-18	166.332	12330
4.61979e-18	165.742	12340
4.60091e-18	165.068	12350
4.63628e-18	166.284	12360
4.6931e-18	168.407	12370
4.64924e-18	166.801	12380
4.68762e-18	168.183	12390
4.66701e-18	167.471	12400
4.63044e-18	166.11	12410
4.70361e-18	168.729	12420
4.70831e-18	168.971	12430
4.64939e-18	166.824	12440
4.60361e-18	165.196	12450
4.59906e-18	164.949	12460
4.59709e-18	164.957	12470
4.53557e-18	162.72	12480
4.5589e-18	163.51	12490
4.5717e-18	163.969	12500
4.60426e-18	165.201	12510
4.58678e-18	164.562	12520
4.51948e-18	162.11	12530
4.62137e-18	165.726	12540
4.65788e-18	167.147	12550
4.56258e-18	163.709	12560
4.54855e-18	163.14	12570
4.62788e-18	166	12580
4.64446e-18	166.628	12590
4.65522e-18	166.993	12600
4.65813e-18	167.141	12610
4.60817e-18	165.344	12620
4.54475e-18	163.077	12630
4.51136e-18	161.775	12640
4.58913e-18	164.62	12650
4.57242e-18	164.029	12660
4.60099e-18	165.029	12670
4.60375e-18	165.193	12680
4.55865e-18	163.535	12690
4.57568e-18	164.154	12700
4.53694e-18	162.722	12710
4.58675e-18	164.574	12720
4.52127e-18	162.172	12730
4.58642e-18	164.517	12740
4.5576e-18	163.524	12750
4.53458e-18	162.652	12760
4.56427e-18	163.724	12770
4.52782e-18	162.405	12780
4.60512e-18	165.166	12790
4.65305e-18	166.917	12800
4.61549e-18	165.626	12810
4.6099e-18	165.361	12820
4.60237e-18	165.107	12830
4.60317e-18	165.129	12840
4.64022e-18	166.462	12850
4.65302e-18	166.913	12860
4.63984e-18	166.468	12870
4.66886e-18	167.476	12880
4.69495e-18	168.462	12890
4.66325e-18	167.335	12900
4.64364e-18	166.574	12910
4.65997e-18	167.211	12920
4.62164e-18	165.786	12930
4.65974e-18	167.198	12940
4.63072e-18	166.103	12950
4.70438e-18	168.767	12960
4.67275e-18	167.674	12970
4.68405e-18	168.022	12980
4.72507e-18	169.544	12990
4.68739e-18	168.203	13000
4.63856e-18	166.464	13010
4.61489e-18	165.536	13020
4.63532e-18	166.299	13030
4.58631e-18	164.553	13040
4.55401e-18	163.363	13050
4.61566e-18	165.546	13060
4.62687e-18	166.007	13070
4.58457e-18	164.515	13080
4.50569e-18	161.635	13090
4.51624e-18	161.972	13100
4.52767e-18	162.429	13110
4.52284e-18	162.203	13120
4.56147e-18	163.633	13130
4.49399e-18	161.258	13140
4.42225e-18	158.632	13150
4.41978e-18	158.464	13160
4.45845e-18	159.911	13170
4.4512e-18	159.627	13180
4.45956e-18	159.958	13190
4.46017e-18	159.951	13200
4.44673e-18	159.525	13210
4.40874e-18	158.094	13220
4.43168e-18	158.932	13230
4.44306e-18	159.324	13240
4.45269e-18	159.702	13250
4.49111e-18	161.048	13260
4.51076e-18	161.783	13270
4.53128e-18	162.546	13280
4.51752e-18	162.03	13290
4.556e-18	163.405	13300
4.58472e-18	164.472	13310
4.58536e-18	164.486	13320
4.5924e-18	164.739	13330
4.59557e-18	164.857	13340
4.62743e-18	166.016	13350
4.61776e-18	165.641	13360
4.66296e-18	167.293	13370
4.61754e-18	165.699	13380
4.54469e-18	163.053	13390
4.53713e-18	162.711	13400
4.57038e-18	163.934	13410
4.58232e-18	164.398	13420
4.5712e-18	163.981	13430
4.5816e-18	164.311	13440
4.62458e-18	165.948	13450
4.49264e-18	161.201	13460
4.5353e-18	162.627	13470
4.56709e-18	163.841	13480
4.54102e-18	162.894	13490
4.53842e-18	162.788	13500
4.54676e-18	163.101	13510
4.58025e-18	164.318	13520
4.55645e-18	163.476	13530
4.51519e-18	161.961	13540
4.49197e-18	161.129	13550
4.51964e-18	162.066	13560
4.58995e-18	164.63	13570
4.58315e-18	164.429	13580
4.57431e-18	164.092	13590
4.58319e-18	164.398	13600
4.56815e-18	163.894	13610
4.55265e-18	163.296	13620
4.61251e-18	165.47	13630
4.53204e-18	162.569	13640
4.50202e-18	161.491	13650
4.60157e-18	165.033	13660
4.62233e-18	165.846	13670
4.59667e-18	164.911	13680
4.55796e-18	163.537	13690
4.55265e-18	163.267	13700
4.62397e-18	165.882	13710
4.61247e-18	165.483	13720
4.65526e-18	166.99	13730
4.67525e-18	167.743	13740
4.69116e-18	168.318	13750
4.64877e-18	166.819	13760
4.63929e-18	166.454	13770
4.62776e-18	166.04	13780
4.62862e-18	166.034	13790
4.65618e-18	167.083	13800
4.56929e-18	163.96	13810
4.55413e-18	163.354	13820
4.58567e-18	164.536	13830
4.55888e-18	163.516	13840
4.58822e-18	164.594	13850
4.60626e-18	165.256	13860
4.54797e-18	163.185	13870
4.54521e-18	163.04	13880
4.54983e-18	163.219	13890
4.57016e-18	163.938	13900
4.54044e-18	162.879	13910
4.55682e-18	163.477	13920
4.54309e-18	162.941	13930
4.58288e-18	164.41	13940
4.5635e-18	163.704	13950
4.54731e-18	163.135	13960
4.56081e-18	163.596	13970
4.54106e-18	162.92	13980
4.55102e-18	163.241	13990
4.53894e-18	162.853	14000
4.50343e-18	161.525	14010
4.53424e-18	162.628	14020
4.51386e-18	161.975	14030
4.47662e-18	160.513	14040
4.5722e-18	164.01	14050
4.53259e-18	162.604	14060
4.55846e-18	163.496	14070
4.57275e-18	164.043	14080
4.57147e-18	164.009	14090
4.52277e-18	162.259	14100
4.54205e-18	162.926	14110
4.53159e-18	162.537	14120
4.57606e-18	164.16	14130
4.57385e-18	164.098	14140
4.52406e-18	162.305	14150
4.54569e-18	163.03	14160
4.59391e-18	164.809	14170
4.57881e-18	164.25	14180
4.62488e-18	165.902	14190
4.61147e-18	165.474	14200
4.63716e-18	166.313	14210
4.65385e-18	167.003	14220
4.63623e-18	166.29	14230
4.70232e-18	168.72	14240
4.69651e-18	168.557	14250
4.65086e-18	166.865	14260
4.64939e-18	166.814	14270
4.70729e-18	168.849	14280
4.7116e-18	169.085	14290
4.67566e-18	167.757	14300
4.70929e-18	168.952	14310
4.68813e-18	168.227	14320
4.64197e-18	166.583	14330
4.63173e-18	166.16	14340
4.6333e-18	166.244	14350
4.61879e-18	165.699	14360
4.56717e-18	163.882	14370
4.55147e-18	163.265	14380
4.57989e-18	164.283	14390
4.58664e-18	164.546	14400
4.56516e-18	163.78	14410
4.54859e-18	163.179	14420
4.54923e-18	163.154	14430
4.59784e-18	164.951	14440
4.52253e-18	162.288	14450
4.51356e-18	161.914	14460
4.54826e-18	163.153	14470
4.53325e-18	162.626	14480
4.56839e-18	163.872	14490
4.59856e-18	164.967	14500
4.50613e-18	161.699	14510
4.54786e-18	163.081	14520
4.54529e-18	163.102	14530
4.49683e-18	161.302	14540
4.5136e-18	161.885	14550
4.55018e-18	163.228	14560
4.51527e-18	161.972	14570
4.52959e-18	162.477	14580
4.51785e-18	162.076	14590
4.50674e-18	161.668	14600
4.47763e-18	160.581	14610
4.48162e-18	160.805	14620
4.46149e-18	159.968	14630
4.50969e-18	161.771	14640
4.48178e-18	160.766	14650
4.479e-18	160.646	14660
4.53807e-18	162.769	14670
4.50621e-18	161.648	14680
4.52297e-18	162.227	14690
4.57452e-18	164.099	14700
4.56758e-18	163.849	14710
4.56639e-18	163.815	14720
4.59757e-18	164.928	14730
4.61592e-18	165.586	14740
4.59665e-18	164.927	14750
4.63399e-18	166.218	14760
4.64757e-18	166.756	14770
4.56969e-18	164.01	14780
4.55589e-18	163.388	14790
4.60246e-18	165.103	14800
4.65288e-18	166.918	14810
4.64087e-18	166.532	14820
4.56356e-18	163.723	14830
4.5809e-18	164.344	14840
4.54709e-18	163.137	14850
4.5633e-18	163.675	14860
4.59823e-18	164.952	14870
4.55297e-18	163.376	14880
4.55604e-18	163.371	14890
4.58967e-18	164.674	14900
4.57182e-18	164.007	14910
4.53997e-18	162.885	14920
4.54796e-18	163.12	14930
4.5267e-18	162.411	14940
4.51668e-18	161.991	14950
4.55273e-18	163.319	14960
4.53646e-18	162.737	14970
4.54906e-18	163.183	14980
4.56879e-18	163.897	14990
4.53344e-18	162.645	15000
4.52834e-18	162.416	15010
4.5798e-18	164.276	15020
4.55444e-18	163.452	15030
4.45442e-18	159.723	15040
4.56867e-18	163.864	15050
4.58323e-18	164.42	15060
4.5807e-18	164.314	15070
4.6202e-18	165.762	15080
4.57895e-18	164.282	15090
4.56947e-18	163.899	15100
4.62292e-18	165.845	15110
4.59913e-18	165.01	15120
4.60865e-18	165.351	15130
4.59544e-18	164.819	15140
4.63634e-18	166.371	15150
4.56274e-18	163.725	15160
4.56169e-18	163.603	15170
4.63895e-18	166.406	15180
4.63732e-18	166.407	15190
4.58792e-18	164.617	15200
4.58989e-18	164.662	15210
4.5481e-18	163.179	15220
4.53362e-18	162.625	15230
4.52306e-18	162.244	15240
4.54487e-18	163.04	15250
4.52176e-18	162.198	15260
4.5455e-18	163.048	15270
4.53528e-18	162.7	15280
4.53132e-18	162.534	15290
4.5468e-18	163.1	15300
4.52907e-18	162.47	15310
4.53683e-18	162.739	15320
4.54716e-18	163.093	15330
4.59218e-18	164.756	15340
4.57673e-18	164.167	15350
4.58502e-18	164.506	15360
4.56924e-18	163.917	15370
4.53439e-18	162.662	15380
4.62792e-18	165.945	15390
4.69135e-18	168.337	15400
4.68098e-18	167.96	15410
4.66171e-18	167.274	15420
4.66532e-18	167.379	15430
4.63245e-18	166.22	15440
4.6718e-18	167.579	15450
4.71672e-18	169.245	15460
4.70197e-18	168.7	15470
4.7232e-18	169.478	15480
4.68141e-18	167.988	15490
4.71623e-18	169.19	15500
4.73845e-18	169.997	15510
4.77564e-18	171.383	15520
4.81404e-18	172.734	15530
4.8141e-18	172.793	15540
4.81164e-18	172.666	15550
4.81899e-18	172.934	15560
4.79759e-18	172.19	15570
4.82177e-18	173.027	15580
4.79055e-18	171.92	15590
4.78993e-18	171.892	15600
4.78321e-18	171.668	15610
4.78132e-18	171.539	15620
4.75032e-18	170.529	15630
4.65647e-18	167.046	15640
4.75474e-18	170.595	15650
4.72268e-18	169.513	15660
4.66154e-18	167.274	15670
4.66787e-18	167.443	15680
4.68266e-18	168.013	15690
4.68344e-18	168.056	15700
4.65793e-18	167.099	15710
4.68829e-18	168.212	15720
4.71679e-18	169.246	15730
4.6967e-18	168.564	15740
4.63088e-18	166.131	15750
4.61429e-18	165.615	15760
4.58977e-18	164.584	15770
4.68158e-18	167.954	15780
4.65052e-18	166.896	15790
4.59367e-18	164.832	15800
4.61742e-18	165.619	15810
4.62982e-18	166.117	15820
4.62072e-18	165.759	15830
4.60627e-18	165.298	15840
4.56544e-18	163.768	15850
4.62295e-18	165.845	15860
4.66757e-18	167.43	15870
4.67162e-18	167.649	15880
4.6253e-18	165.942	15890
4.65807e-18	167.109	15900
4.6623e-18	167.273	15910
4.70545e-18	168.802	15920
4.7365e-18	169.958	15930
4.72343e-18	169.502	15940
4.70796e-18	168.924	15950
4.72973e-18	169.69	15960
4.77603e-18	171.389	15970
4.73039e-18	169.721	15980
4.77673e-18	171.436	15990
4.7792e-18	171.433	16000
4.83751e-18	173.62	16010
4.83143e-18	173.382	16020
4.88903e-18	175.459	16030
4.77645e-18	171.491	16040
4.78599e-18	171.732	16050
4.83804e-18	173.586	16060
4.87816e-18	175.084	16070
4.85752e-18	174.359	16080
4.81685e-18	172.847	16090
4.84363e-18	173.829	16100
4.81393e-18	172.772	16110
4.79139e-18	171.944	16120
4.79352e-18	171.997	16130
4.84606e-18	173.903	16140
4.87669e-18	174.982	16150
4.93914e-18	177.279	16160
4.88433e-18	175.335	16170
4.87368e-18	174.925	16180
4.87703e-18	175.025	16190
4.88221e-18	175.214	16200
4.95538e-18	177.826	16210
5.01453e-18	180.02	16220
4.93894e-18	177.291	16230
4.9311e-18	176.999	16240
4.96597e-18	178.243	16250
4.97826e-18	178.685	16260
4.98178e-18	178.847	16270
4.96561e-18	178.222	16280
5.01679e-18	180.05	16290
4.99057e-18	179.162	16300
4.93318e-18	177.12	16310
4.96206e-18	178.071	16320
4.9619e-18	178.133	16330
4.93138e-18	177.004	16340
4.97321e-18	178.509	16350
4.94337e-18	177.423	16360
4.93278e-18	177.11	16370
4.91522e-18	176.386	16380
4.926e-18	176.84	16390
4.91815e-18	176.488	16400
4.94237e-18	177.417	16410
4.91596e-18	176.441	16420
4.91562e-18	176.448	16430
4.85325e-18	174.214	16440
4.7905e-18	171.917	16450
4.7921e-18	171.939	16460
4.86257e-18	174.507	16470
4.80176e-18	172.356	16480
4.80805e-18	172.545	16490
4.79935e-18	172.235	16500
4.77891e-18	171.511	16510
4.78961e-18	171.836	16520
4.86739e-18	174.66	16530
4.84912e-18	174.056	16540
4.80372e-18	172.404	16550
4.79779e-18	172.179	16560
4.74058e-18	170.154	16570
4.74868e-18	170.377	16580
4.81776e-18	172.874	16590
4.82873e-18	173.304	16600
4.76344e-18	170.95	16610
4.88319e-18	175.172	16620
4.87807e-18	175.132	16630
4.89006e-18	175.464	16640
4.94849e-18	177.603	16650
4.90506e-18	176.112	16660
4.91432e-18	176.326	16670
4.95743e-18	177.966	16680
4.86972e-18	174.827	16690
4.83476e-18	173.529	16700
4.81444e-18	172.758	16710
4.84152e-18	173.719	16720
4.90333e-18	175.974	16730
4.87047e-18	174.849	16740
4.83558e-18	173.521	16750
4.86453e-18	174.552	16760
4.88771e-18	175.439	16770
4.83805e-18	173.634	16780
4.83595e-18	173.531	16790
4.85184e-18	174.145	16800
4.81492e-18	172.807	16810
4.83833e-18	173.579	16820
4.8497e-18	174.088	16830
4.8342e-18	173.464	16840
4.83735e-18	173.602	16850
4.85741e-18	174.317	16860
4.86975e-18	174.782	16870
4.90658e-18	176.088	16880
4.83981e-18	173.739	16890
4.82174e-18	172.99	16900
4.95566e-18	177.825	16910
5.00377e-18	179.622	16920
4.93048e-18	176.996	16930
4.95238e-18	177.742	16940
4.90692e-18	176.15	16950
4.92027e-18	176.614	16960
4.88164e-18	175.227	16970
4.86753e-18	174.649	16980
4.92639e-18	176.826	16990
4.87961e-18	175.162	17000
4.80112e-18	172.367	17010
4.80357e-18	172.339	17020
4.91474e-18	176.338	17030
4.90725e-18	176.182	17040
4.82223e-18	173.071	17050
4.86458e-18	174.553	17060
4.88512e-18	175.343	17070
4.86722e-18	174.694	17080
4.85632e-18	174.267	17090
4.87785e-18	175.053	17100
4.88088e-18	175.185	17110
4.89754e-18	175.781	17120
4.84929e-18	174.062	17130
4.85881e-18	174.35	17140
4.9053e-18	176.052	17150
4.91331e-18	176.363	17160
4.83407e-18	173.536	17170
4.79679e-18	172.181	17180
4.74878e-18	170.386	17190
4.82006e-18	172.94	17200
4.86509e-18	174.632	17210
4.7746e-18	171.356	17220
4.78887e-18	171.871	17230
4.73816e-18	170.028	17240
4.71245e-18	169.113	17250
4.69155e-18	168.355	17260
4.70601e-18	168.83	17270
4.76123e-18	170.83	17280
4.73418e-18	169.937	17290
4.67165e-18	167.586	17300
4.71092e-18	169.041	17310
4.7171e-18	169.246	17320
4.72666e-18	169.639	17330
4.67452e-18	167.712	17340
4.70195e-18	168.677	17350
4.7334e-18	169.857	17360
4.71612e-18	169.236	17370
4.71085e-18	168.996	17380
4.77058e-18	171.19	17390
4.73433e-18	169.894	17400
4.71795e-18	169.319	17410
4.68906e-18	168.256	17420
4.70694e-18	168.875	17430
4.71643e-18	169.206	17440
4.76655e-18	171.019	17450
4.78201e-18	171.625	17460
4.75e-18	170.468	17470
4.70912e-18	169.018	17480
4.67894e-18	167.862	17490
4.70672e-18	168.898	17500
4.67518e-18	167.732	17510
4.71764e-18	169.269	17520
4.72204e-18	169.428	17530
4.68552e-18	168.161	17540
4.6917e-18	168.325	17550
4.71879e-18	169.278	17560
4.74075e-18	170.139	17570
4.68633e-18	168.166	17580
4.6744e-18	167.683	17590
4.71433e-18	169.14	17600
4.69778e-18	168.581	17610
4.69703e-18	168.509	17620
4.72107e-18	169.403	17630
4.7356e-18	169.931	17640
4.70705e-18	168.899	17650
4.67044e-18	167.595	17660
4.64859e-18	166.804	17670
4.6471e-18	166.697	17680
4.72476e-18	169.506	17690
4.67006e-18	167.584	17700
4.69538e-18	168.476	17710
4.65691e-18	167.126	17720
4.65153e-18	166.863	17730
4.69456e-18	168.44	17740
4.7016e-18	168.692	17750
4.72552e-18	169.54	17760
4.72649e-18	169.611	17770
4.71221e-18	169.089	17780
4.72426e-18	169.495	17790
4.75005e-18	170.436	17800
4.74451e-18	170.286	17810
4.73806e-18	170.036	17820
4.69812e-18	168.541	17830
4.78507e-18	171.628	17840
4.87364e-18	174.933	17850
4.85806e-18	174.336	17860
4.86735e-18	174.675	17870
4.85176e-18	174.179	17880
4.71953e-18	169.389	17890
4.77597e-18	171.335	17900
4.8207e-18	172.997	17910
4.84903e-18	174.019	17920
4.80248e-18	172.374	17930
4.78491e-18	171.668	17940
4.78318e-18	171.699	17950
4.7353e-18	169.926	17960
4.72973e-18	169.729	17970
4.63472e-18	166.343	17980
4.63199e-18	166.15	17990
4.72679e-18	169.577	18000
4.73745e-18	170.012	18010
4.70261e-18	168.739	18020
4.69701e-18	168.546	18030
4.68163e-18	167.957	18040
4.71923e-18	169.305	18050
4.73473e-18	169.896	18060
4.74124e-18	170.12	18070
4.71569e-18	169.235	18080
4.72696e-18	169.589	18090
4.76572e-18	171.015	18100
4.78947e-18	171.859	18110
4.77844e-18	171.483	18120
4.81436e-18	172.708	18130
4.87582e-18	175.02	18140
4.81674e-18	172.868	18150
4.85305e-18	174.118	18160
4.90472e-18	176.051	18170
4.8782e-18	175.1	18180
4.84163e-18	173.75	18190
4.86559e-18	174.61	18200
4.86605e-18	174.65	18210
4.89922e-18	175.822	18220
4.89543e-18	175.72	18230
4.83816e-18	173.655	18240
4.82549e-18	173.185	18250
4.86377e-18	174.52	18260
4.88949e-18	175.496	18270
4.86463e-18	174.597	18280
4.8956e-18	175.703	18290
4.83126e-18	173.442	18300
4.79179e-18	171.958	18310
4.82461e-18	173.078	18320
4.89927e-18	175.835	18330
4.87123e-18	174.863	18340
4.81322e-18	172.742	18350
4.76994e-18	171.185	18360
4.78655e-18	171.759	18370
4.7812e-18	171.612	18380
4.72088e-18	169.442	18390
4.69803e-18	168.554	18400
4.76259e-18	170.84	18410
4.7983e-18	172.195	18420
4.76604e-18	171.057	18430
4.71897e-18	169.369	18440
4.7291e-18	169.623	18450
4.79084e-18	171.913	18460
4.79885e-18	172.219	18470
4.77842e-18	171.47	18480
4.79998e-18	172.261	18490
4.80194e-18	172.301	18500
4.83727e-18	173.589	18510
4.82861e-18	173.289	18520
4.82404e-18	173.14	18530
4.79236e-18	171.99	18540
4.79041e-18	171.93	18550
4.78444e-18	171.666	18560
4.83119e-18	173.382	18570
4.80208e-18	172.311	18580
4.81307e-18	172.771	18590
4.74461e-18	170.24	18600
4.77039e-18	171.158	18610
4.83056e-18	173.313	18620
4.85548e-18	174.274	18630
4.84029e-18	173.681	18640
4.85887e-18	174.381	18650
4.88815e-18	175.413	18660
4.87029e-18	174.842	18670
4.85604e-18	174.225	18680
4.88844e-18	175.471	18690
4.90658e-18	176.075	18700
4.91858e-18	176.543	18710
4.9174e-18	176.519	18720
4.83636e-18	173.568	18730
4.88435e-18	175.282	18740
4.88485e-18	175.336	18750
4.9174e-18	176.453	18760
4.86387e-18	174.614	18770
4.84159e-18	173.73	18780
4.81629e-18	172.862	18790
4.84778e-18	173.943	18800
4.85207e-18	174.151	18810
4.7733e-18	171.299	18820
4.77927e-18	171.486	18830
4.81413e-18	172.733	18840
4.84545e-18	173.914	18850
4.7761e-18	171.383	18860
4.78993e-18	171.889	18870
4.76594e-18	171.021	18880
4.8164e-18	172.812	18890
4.78098e-18	171.6	18900
4.78865e-18	171.788	18910
4.85374e-18	174.183	18920
4.83309e-18	173.467	18930
4.83426e-18	173.484	18940
4.80916e-18	172.617	18950
4.78366e-18	171.65	18960
4.8323e-18	173.386	18970
4.83521e-18	173.549	18980
4.74315e-18	170.219	18990
4.76485e-18	170.996	19000
4.76505e-18	170.959	19010
4.82645e-18	173.158	19020
4.82604e-18	173.244	19030
4.7823e-18	171.595	19040
4.79582e-18	172.109	19050
4.73563e-18	169.971	19060
4.71281e-18	169.077	19070
4.7094e-18	168.999	19080
4.71024e-18	168.966	19090
4.75659e-18	170.69	19100
4.71759e-18	169.286	19110
4.67759e-18	167.849	19120
4.60221e-18	165.148	19130
4.57438e-18	164.1	19140
4.57568e-18	164.117	19150
4.61881e-18	165.695	19160
4.59526e-18	164.876	19170
4.57667e-18	164.17	19180
4.58658e-18	164.529	19190
4.60059e-18	165.048	19200
4.60163e-18	165.041	19210
4.65864e-18	167.103	19220
4.6807e-18	167.965	19230
4.62371e-18	165.88	19240
4.66492e-18	167.331	19250
4.66472e-18	167.4	19260
4.62994e-18	166.077	19270
4.65342e-18	166.955	19280
4.62775e-18	166.062	19290
4.58862e-18	164.577	19300
4.68614e-18	168.101	19310
4.70369e-18	168.769	19320
4.67007e-18	167.573	19330
4.67717e-18	167.845	19340
4.61961e-18	165.729	19350
4.67176e-18	167.551	19360
4.72174e-18	169.439	19370
4.66595e-18	167.412	19380
4.68375e-18	168.042	19390
4.68247e-18	167.98	19400
4.70315e-18	168.74	19410
4.71538e-18	169.151	19420
4.7503e-18	170.461	19430
4.73537e-18	169.917	19440
4.73372e-18	169.834	19450
4.75561e-18	170.627	19460
4.82991e-18	173.271	19470
4.81856e-18	172.971	19480
4.73849e-18	170.058	19490
4.78087e-18	171.448	19500
4.89948e-18	175.836	19510
4.86635e-18	174.662	19520
4.86585e-18	174.624	19530
4.8929e-18	175.594	19540
4.90367e-18	175.995	19550
4.86775e-18	174.695	19560
4.89851e-18	175.785	19570
4.93188e-18	177.006	19580
4.94915e-18	177.626	19590
4.95406e-18	177.8	19600
4.97261e-18	178.478	19610
4.91008e-18	176.292	19620
4.84349e-18	173.826	19630
4.86857e-18	174.696	19640
4.86312e-18	174.55	19650
4.8563e-18	174.264	19660
4.85929e-18	174.406	19670
4.8427e-18	173.795	19680
4.82457e-18	173.12	19690
4.86447e-18	174.561	19700
4.83106e-18	173.403	19710
4.81374e-18	172.725	19720
4.83276e-18	173.437	19730
4.80647e-18	172.494	19740
4.85023e-18	174.055	19750
4.81785e-18	172.918	19760
4.83957e-18	173.656	19770
4.85891e-18	174.366	19780
4.86541e-18	174.616	19790
4.82957e-18	173.317	19800
4.89004e-18	175.479	19810
4.86465e-18	174.588	19820
4.88555e-18	175.345	19830
4.85899e-18	174.386	19840
4.8874e-18	175.402	19850
4.88785e-18	175.397	19860
4.8668e-18	174.679	19870
4.84438e-18	173.887	19880
4.81094e-18	172.655	19890
4.76183e-18	170.904	19900
4.75416e-18	170.568	19910
4.79156e-18	171.943	19920
4.77592e-18	171.391	19930
4.75999e-18	170.808	19940
4.74951e-18	170.418	19950
4.79533e-18	172.029	19960
4.87281e-18	174.874	19970
4.8349e-18	173.525	19980
4.87896e-18	175.041	19990
4.92384e-18	176.741	20000
