6.92839e-19	0.000292923	0
6.93841e-19	0.0354917	10
6.96479e-19	0.129825	20
7.00791e-19	0.284594	30
7.06838e-19	0.501981	40
7.14706e-19	0.785152	50
7.24517e-19	1.13841	60
7.36428e-19	1.56742	70
7.50641e-19	2.07949	80
7.67418e-19	2.68402	90
7.87094e-19	3.39306	100
8.10099e-19	4.22211	110
8.36992e-19	5.19124	120
8.68502e-19	6.32667	130
9.0559e-19	7.66302	140
9.49547e-19	9.24664	150
1.00212e-18	11.1405	160
1.06574e-18	13.4316	170
1.14381e-18	16.2422	180
1.2412e-18	19.7478	190
1.36507e-18	24.2047	200
1.52602e-18	29.9938	210
1.73986e-18	37.6825	220
2.02936e-18	48.0889	230
2.42167e-18	62.1961	240
2.91771e-18	80.08	250
3.32217e-18	94.9267	260
2.76155e-18	75.6429	270
1.27923e-18	21.4897	280
2.34259e-18	58.5551	290
3.40831e-18	97.9904	300
3.20136e-18	90.9093	310
2.74358e-18	74.3549	320
2.37822e-18	61.0777	330
2.13123e-18	52.0889	340
1.97727e-18	46.4774	350
1.89302e-18	43.3964	360
1.86363e-18	42.304	370
1.88169e-18	42.9287	380
1.9461e-18	45.227	390
2.06182e-18	49.3742	400
2.24041e-18	55.7844	410
2.49978e-18	65.1014	420
2.85474e-18	77.8716	430
3.25892e-18	92.5017	440
3.37053e-18	96.9423	450
2.53731e-18	67.2961	460
2.26856e-18	56.624	470
2.89354e-18	79.139	480
3.44348e-18	99.1965	490
3.52158e-18	102.274	500
3.35214e-18	96.1916	510
3.21792e-18	91.2756	520
3.21753e-18	91.1716	530
3.36996e-18	96.5864	540
3.66991e-18	107.345	550
4.06876e-18	121.719	560
4.48771e-18	136.931	570
4.249e-18	129.106	580
3.03911e-18	85.2073	590
3.70773e-18	107.982	600
4.87739e-18	150.911	610
4.92057e-18	152.872	620
4.83465e-18	149.604	630
4.78558e-18	148.1	640
4.26338e-18	129.25	650
4.23501e-18	127.857	660
4.40421e-18	134.028	670
4.66096e-18	143.128	680
4.92024e-18	152.783	690
4.8068e-18	148.601	700
4.81418e-18	148.929	710
5.24428e-18	163.985	720
5.69789e-18	180.839	730
5.4203e-18	171.05	740
5.31353e-18	166.879	750
5.42061e-18	170.517	760
6.45767e-18	207.683	770
7.18408e-18	234.308	780
7.22747e-18	236.263	790
6.97947e-18	227.145	800
7.36818e-18	240.823	810
7.85286e-18	258.614	820
7.51222e-18	246.669	830
7.58299e-18	249.144	840
6.79733e-18	220.695	850
7.13697e-18	232.649	860
7.26574e-18	236.28	870
7.28218e-18	238.617	880
7.61329e-18	249.616	890
7.79102e-18	256.89	900
8.45975e-18	280.037	910
8.47489e-18	281.631	920
8.18638e-18	270.447	930
8.39308e-18	278.4	940
8.07857e-18	266.847	950
8.43774e-18	279.739	960
8.24363e-18	272.949	970
8.28492e-18	274.357	980
8.06298e-18	266.216	990
8.38154e-18	277.539	1000
8.16459e-18	270.199	1010
9.19774e-18	307.055	1020
8.11499e-18	270.337	1030
8.84572e-18	294.01	1040
9.24997e-18	309.545	1050
8.10253e-18	267.807	1060
8.6392e-18	286.756	1070
8.80815e-18	293.294	1080
8.62523e-18	286.921	1090
8.85898e-18	294.054	1100
9.17841e-18	307.279	1110
9.04564e-18	301.878	1120
8.80291e-18	293.395	1130
8.45816e-18	280.179	1140
7.92633e-18	260.518	1150
9.89431e-18	332.538	1160
8.22502e-18	272.937	1170
8.98753e-18	298.962	1180
9.02062e-18	301.867	1190
7.49775e-18	245.852	1200
9.04038e-18	300.804	1210
9.83962e-18	330.866	1220
7.7126e-18	253.378	1230
9.63786e-18	323.106	1240
8.86067e-18	295.856	1250
8.28402e-18	274.065	1260
8.9395e-18	298.125	1270
8.95588e-18	298.089	1280
8.90958e-18	297.318	1290
8.12565e-18	268.583	1300
8.77392e-18	292.05	1310
8.36448e-18	277.065	1320
8.53166e-18	283.4	1330
7.8e-18	256.89	1340
8.17887e-18	270.435	1350
7.89715e-18	260.785	1360
8.03268e-18	264.576	1370
8.35069e-18	277.009	1380
8.14098e-18	269.215	1390
7.38056e-18	241.802	1400
7.91974e-18	261.123	1410
8.35987e-18	276.955	1420
8.07199e-18	266.926	1430
7.74334e-18	254.428	1440
8.9664e-18	298.655	1450
8.84705e-18	294.665	1460
8.64471e-18	287.297	1470
8.59612e-18	285.835	1480
8.79049e-18	292.995	1490
8.35341e-18	276.743	1500
7.69626e-18	253.365	1510
7.79193e-18	255.809	1520
8.4031e-18	278.707	1530
7.61383e-18	250.303	1540
7.88241e-18	260.453	1550
7.76991e-18	255.433	1560
7.28435e-18	238.51	1570
7.07391e-18	230.152	1580
7.50418e-18	246.144	1590
7.22542e-18	236.371	1600
6.8696e-18	223.078	1610
6.66326e-18	216.09	1620
6.31673e-18	203.208	1630
5.73977e-18	182.761	1640
6.37069e-18	204.618	1650
6.77588e-18	219.745	1660
6.75558e-18	219.168	1670
6.18315e-18	199.049	1680
5.99011e-18	190.942	1690
6.3775e-18	205.237	1700
6.61674e-18	213.876	1710
6.85693e-18	222.693	1720
6.85022e-18	222.476	1730
6.87661e-18	223.37	1740
7.1276e-18	232.4	1750
7.03142e-18	229.144	1760
7.22904e-18	236.347	1770
7.24301e-18	236.499	1780
6.98069e-18	226.551	1790
7.98027e-18	263.644	1800
7.42381e-18	243.17	1810
8.01558e-18	264.298	1820
7.76693e-18	256.098	1830
7.80084e-18	256.823	1840
7.2323e-18	236.712	1850
6.76209e-18	219.078	1860
7.58813e-18	249.094	1870
7.42851e-18	243.534	1880
7.60642e-18	249.732	1890
7.39137e-18	242.308	1900
7.0238e-18	228.761	1910
7.18232e-18	234.774	1920
6.40108e-18	206.582	1930
6.57886e-18	212.482	1940
6.41889e-18	207.352	1950
6.66209e-18	215.431	1960
6.25064e-18	200.965	1970
6.59132e-18	213.247	1980
6.31704e-18	203.124	1990
6.68065e-18	216.254	2000
6.76121e-18	219.207	2010
6.82667e-18	221.626	2020
6.83258e-18	221.876	2030
6.72832e-18	218.153	2040
6.73033e-18	218.125	2050
6.88605e-18	223.566	2060
7.35459e-18	240.415	2070
7.38733e-18	242.275	2080
6.72573e-18	217.983	2090
7.23527e-18	236.14	2100
7.49024e-18	245.526	2110
7.65579e-18	251.589	2120
7.43914e-18	243.929	2130
7.35496e-18	240.682	2140
7.66734e-18	251.826	2150
7.86663e-18	259.047	2160
7.87705e-18	259.696	2170
8.0887e-18	267.076	2180
8.31935e-18	275.595	2190
8.19167e-18	270.975	2200
8.2705e-18	274.059	2210
8.08741e-18	267.507	2220
7.86593e-18	258.847	2230
8.36184e-18	277.17	2240
8.21987e-18	272.103	2250
8.28919e-18	274.193	2260
8.47327e-18	281.33	2270
8.18161e-18	270.697	2280
8.20252e-18	271.314	2290
8.21045e-18	271.614	2300
8.17105e-18	270.138	2310
8.1803e-18	270.482	2320
8.01056e-18	264.458	2330
8.00563e-18	264.244	2340
7.78076e-18	256.29	2350
7.64964e-18	251.285	2360
7.68766e-18	252.664	2370
7.58066e-18	248.937	2380
7.67452e-18	252.098	2390
7.79541e-18	256.621	2400
7.59997e-18	249.685	2410
7.63811e-18	250.834	2420
7.5064e-18	246.312	2430
7.339e-18	240.085	2440
7.60382e-18	249.655	2450
7.5972e-18	249.47	2460
7.58001e-18	248.836	2470
7.49426e-18	245.781	2480
7.4857e-18	245.344	2490
7.46283e-18	244.643	2500
7.43734e-18	243.743	2510
7.3927e-18	242.042	2520
7.49104e-18	245.557	2530
7.57937e-18	248.783	2540
7.60209e-18	249.654	2550
7.6087e-18	249.806	2560
7.66839e-18	251.992	2570
7.68233e-18	252.652	2580
7.53848e-18	247.224	2590
7.67777e-18	252.31	2600
7.68487e-18	252.63	2610
7.58682e-18	249.128	2620
7.66195e-18	251.74	2630
7.61168e-18	250.027	2640
7.59993e-18	249.48	2650
7.73058e-18	254.275	2660
7.66343e-18	251.896	2670
7.57962e-18	248.809	2680
7.58497e-18	249.089	2690
7.53696e-18	247.232	2700
7.59442e-18	249.349	2710
7.66266e-18	251.753	2720
7.59915e-18	249.586	2730
7.55434e-18	247.917	2740
7.52262e-18	246.726	2750
7.5743e-18	248.664	2760
7.48039e-18	245.242	2770
7.47193e-18	244.904	2780
7.47066e-18	244.868	2790
7.56696e-18	248.315	2800
7.55074e-18	247.815	2810
7.49531e-18	245.83	2820
7.4335e-18	243.579	2830
7.40536e-18	242.545	2840
7.29802e-18	238.68	2850
7.41826e-18	242.917	2860
7.37508e-18	241.438	2870
7.44253e-18	243.83	2880
7.50959e-18	246.238	2890
7.48878e-18	245.563	2900
7.39729e-18	242.376	2910
7.33331e-18	239.869	2920
7.38854e-18	241.854	2930
7.55736e-18	248.007	2940
7.5692e-18	248.44	2950
7.45271e-18	244.316	2960
7.48228e-18	245.16	2970
7.58212e-18	248.919	2980
7.54712e-18	247.682	2990
7.58228e-18	248.843	3000
7.58418e-18	249.051	3010
7.55432e-18	247.854	3020
7.65373e-18	251.463	3030
7.58388e-18	249.015	3040
7.66321e-18	251.724	3050
7.72658e-18	254.158	3060
7.51385e-18	246.505	3070
7.59143e-18	249.231	3080
7.51186e-18	246.368	3090
7.58265e-18	248.891	3100
7.54113e-18	247.395	3110
7.64191e-18	251.029	3120
7.69633e-18	253.049	3130
7.60692e-18	249.787	3140
7.64289e-18	251.108	3150
7.61948e-18	250.246	3160
7.64286e-18	251.087	3170
7.60857e-18	249.94	3180
7.5445e-18	247.5	3190
7.69813e-18	253.132	3200
7.64299e-18	251.107	3210
7.60006e-18	249.574	3220
7.64788e-18	251.201	3230
7.69357e-18	252.888	3240
7.69408e-18	252.98	3250
7.74255e-18	254.638	3260
7.73776e-18	254.583	3270
7.61902e-18	250.275	3280
7.65674e-18	251.526	3290
7.74718e-18	254.909	3300
7.61897e-18	250.172	3310
7.71669e-18	253.774	3320
7.56998e-18	248.575	3330
7.51173e-18	246.388	3340
7.51155e-18	246.35	3350
7.5639e-18	248.244	3360
7.56653e-18	248.304	3370
7.51369e-18	246.521	3380
7.48488e-18	245.35	3390
7.49916e-18	245.946	3400
7.38838e-18	241.93	3410
7.35146e-18	240.623	3420
7.30965e-18	239.036	3430
7.38647e-18	241.74	3440
7.35452e-18	240.748	3450
7.32272e-18	239.541	3460
7.21953e-18	235.825	3470
7.26578e-18	237.445	3480
7.2424e-18	236.614	3490
7.32161e-18	239.43	3500
7.33907e-18	240.096	3510
7.34095e-18	240.224	3520
7.19848e-18	235.096	3530
7.25754e-18	237.117	3540
7.26358e-18	237.406	3550
7.33881e-18	240.114	3560
7.29918e-18	238.657	3570
7.22905e-18	236.182	3580
7.32726e-18	239.626	3590
7.32229e-18	239.557	3600
7.20106e-18	235.203	3610
7.15575e-18	233.44	3620
7.27121e-18	237.609	3630
7.2036e-18	235.304	3640
7.13972e-18	232.877	3650
7.13638e-18	232.796	3660
7.28679e-18	238.124	3670
7.38361e-18	241.703	3680
7.29164e-18	238.451	3690
7.24507e-18	236.728	3700
7.17164e-18	234.121	3710
7.12449e-18	232.387	3720
7.24491e-18	236.591	3730
7.28181e-18	238.112	3740
7.23577e-18	236.345	3750
7.2396e-18	236.575	3760
7.18614e-18	234.594	3770
7.2406e-18	236.532	3780
7.25905e-18	237.22	3790
7.23897e-18	236.533	3800
7.20732e-18	235.325	3810
7.27673e-18	237.865	3820
7.24021e-18	236.605	3830
7.2472e-18	236.783	3840
7.22911e-18	236.17	3850
7.22111e-18	235.853	3860
7.22825e-18	236.068	3870
7.35919e-18	240.781	3880
7.40781e-18	242.576	3890
7.39814e-18	242.356	3900
7.35186e-18	240.551	3910
7.36228e-18	240.965	3920
7.31841e-18	239.32	3930
7.46082e-18	244.501	3940
7.45277e-18	244.258	3950
7.37557e-18	241.532	3960
7.29225e-18	238.447	3970
7.29094e-18	238.35	3980
7.34333e-18	240.212	3990
7.41243e-18	242.792	4000
7.42277e-18	243.168	4010
7.31813e-18	239.458	4020
7.31883e-18	239.377	4030
7.26649e-18	237.508	4040
7.22909e-18	236.14	4050
7.25602e-18	237.094	4060
7.25606e-18	237.131	4070
7.20365e-18	235.274	4080
7.17638e-18	234.25	4090
7.2605e-18	237.169	4100
7.30038e-18	238.734	4110
7.24637e-18	236.764	4120
7.29141e-18	238.381	4130
7.35464e-18	240.624	4140
7.37168e-18	241.301	4150
7.37831e-18	241.532	4160
7.37885e-18	241.564	4170
7.34477e-18	240.29	4180
7.37764e-18	241.469	4190
7.3846e-18	241.857	4200
7.3887e-18	241.858	4210
7.36167e-18	240.979	4220
7.40115e-18	242.299	4230
7.39256e-18	242.152	4240
7.32811e-18	239.756	4250
7.31322e-18	239.114	4260
7.45961e-18	244.433	4270
7.44472e-18	243.961	4280
7.32553e-18	239.686	4290
7.31695e-18	239.317	4300
7.32504e-18	239.601	4310
7.26604e-18	237.475	4320
7.3358e-18	239.956	4330
7.32795e-18	239.788	4340
7.31547e-18	239.17	4350
7.41475e-18	242.852	4360
7.35398e-18	240.627	4370
7.38436e-18	241.785	4380
7.3082e-18	239.023	4390
7.44583e-18	243.935	4400
7.44382e-18	243.914	4410
7.41822e-18	243.017	4420
7.34746e-18	240.381	4430
7.36604e-18	241.06	4440
7.48548e-18	245.358	4450
7.54864e-18	247.631	4460
7.45995e-18	244.639	4470
7.47008e-18	244.724	4480
7.49241e-18	245.713	4490
7.45453e-18	244.261	4500
7.44594e-18	243.973	4510
7.43055e-18	243.47	4520
7.47541e-18	244.988	4530
7.50102e-18	245.964	4540
7.41644e-18	242.986	4550
7.56655e-18	248.263	4560
7.47212e-18	245.027	4570
7.5015e-18	245.848	4580
7.60017e-18	249.56	4590
7.52038e-18	246.752	4600
7.38386e-18	241.756	4610
7.42789e-18	243.298	4620
7.57756e-18	248.608	4630
7.56415e-18	248.305	4640
7.55661e-18	247.958	4650
7.54089e-18	247.437	4660
7.48365e-18	245.377	4670
7.50346e-18	246.092	4680
7.42857e-18	243.33	4690
7.40907e-18	242.636	4700
7.59839e-18	249.406	4710
7.55858e-18	248.11	4720
7.55751e-18	248.035	4730
7.50268e-18	245.989	4740
7.54962e-18	247.739	4750
7.48779e-18	245.514	4760
7.48799e-18	245.423	4770
7.60722e-18	249.774	4780
7.65107e-18	251.353	4790
7.57245e-18	248.665	4800
7.4996e-18	245.917	4810
7.54122e-18	247.306	4820
7.64537e-18	251.217	4830
7.62564e-18	250.456	4840
7.60877e-18	249.9	4850
7.54938e-18	247.717	4860
7.55371e-18	247.895	4870
7.52661e-18	246.883	4880
7.4992e-18	245.92	4890
7.50665e-18	246.146	4900
7.55332e-18	247.78	4910
7.56985e-18	248.548	4920
7.50129e-18	246.017	4930
7.457e-18	244.287	4940
7.53634e-18	247.215	4950
7.61302e-18	250.005	4960
7.53664e-18	247.285	4970
7.58924e-18	249.109	4980
7.5539e-18	247.863	4990
7.63167e-18	250.637	5000
7.70035e-18	253.161	5010
7.62551e-18	250.439	5020
7.80238e-18	256.799	5030
7.62762e-18	250.715	5040
7.48675e-18	245.421	5050
7.56602e-18	248.258	5060
7.68821e-18	252.682	5070
7.71727e-18	253.787	5080
7.69577e-18	253.058	5090
7.6875e-18	252.614	5100
7.82999e-18	257.842	5110
7.65925e-18	251.828	5120
7.52612e-18	246.826	5130
7.6297e-18	250.593	5140
7.65712e-18	251.568	5150
7.60615e-18	249.893	5160
7.55945e-18	247.952	5170
7.68602e-18	252.683	5180
7.54326e-18	247.553	5190
7.47312e-18	245.009	5200
7.5272e-18	246.845	5210
7.58164e-18	248.966	5220
7.4324e-18	243.496	5230
7.50282e-18	246.049	5240
7.48084e-18	245.268	5250
7.44081e-18	243.79	5260
7.37419e-18	241.449	5270
7.45138e-18	244.044	5280
7.54851e-18	247.687	5290
7.41583e-18	242.965	5300
7.51294e-18	246.297	5310
7.4882e-18	245.568	5320
7.47682e-18	245.072	5330
7.42778e-18	243.3	5340
7.46859e-18	244.809	5350
7.51414e-18	246.352	5360
7.51096e-18	246.359	5370
7.47325e-18	245.008	5380
7.43131e-18	243.426	5390
7.56047e-18	248.027	5400
7.6165e-18	250.137	5410
7.60872e-18	249.861	5420
7.61684e-18	250.065	5430
7.65202e-18	251.421	5440
7.69246e-18	252.889	5450
7.61666e-18	250.144	5460
7.62725e-18	250.492	5470
7.63518e-18	250.817	5480
7.62336e-18	250.389	5490
7.65922e-18	251.671	5500
7.76503e-18	255.42	5510
7.78774e-18	256.375	5520
7.65408e-18	251.572	5530
7.53164e-18	247.083	5540
7.60626e-18	249.691	5550
7.68015e-18	252.463	5560
7.71065e-18	253.337	5570
7.83992e-18	258.288	5580
7.71153e-18	253.631	5590
7.67975e-18	252.34	5600
7.70273e-18	253.314	5610
7.71876e-18	253.847	5620
7.72479e-18	254.046	5630
7.73884e-18	254.514	5640
7.72574e-18	254.056	5650
7.73178e-18	254.381	5660
7.69338e-18	252.892	5670
7.766e-18	255.518	5680
7.75218e-18	255.098	5690
7.76683e-18	255.525	5700
7.75747e-18	255.311	5710
7.67268e-18	252.178	5720
7.69222e-18	252.862	5730
7.78294e-18	256.101	5740
7.6988e-18	253.153	5750
7.74352e-18	254.67	5760
7.71832e-18	253.875	5770
7.64796e-18	251.237	5780
7.73762e-18	254.539	5790
7.64628e-18	251.254	5800
7.58412e-18	248.952	5810
7.58464e-18	248.892	5820
7.65273e-18	251.477	5830
7.60924e-18	249.92	5840
7.49239e-18	245.723	5850
7.52692e-18	246.845	5860
7.47408e-18	244.964	5870
7.57819e-18	248.785	5880
7.52265e-18	246.685	5890
7.60342e-18	249.665	5900
7.51501e-18	246.506	5910
7.58503e-18	248.954	5920
7.55949e-18	248.158	5930
7.53018e-18	247.016	5940
7.57584e-18	248.561	5950
7.53339e-18	247.195	5960
7.59987e-18	249.408	5970
7.66443e-18	251.932	5980
7.56177e-18	248.161	5990
7.61865e-18	250.14	6000
7.65371e-18	251.449	6010
7.69286e-18	252.933	6020
7.73586e-18	254.358	6030
7.74455e-18	254.828	6040
7.68376e-18	252.46	6050
7.78643e-18	256.317	6060
7.72084e-18	253.96	6070
7.66623e-18	251.976	6080
7.66183e-18	251.723	6090
7.75566e-18	255.163	6100
7.70926e-18	253.492	6110
7.76412e-18	255.435	6120
7.8097e-18	257.145	6130
7.6585e-18	251.686	6140
7.8671e-18	259.116	6150
7.82579e-18	257.739	6160
7.86436e-18	259.071	6170
7.82207e-18	257.553	6180
7.83082e-18	257.929	6190
7.73666e-18	254.461	6200
7.78613e-18	256.29	6210
7.76077e-18	255.332	6220
7.79525e-18	256.57	6230
7.79327e-18	256.54	6240
7.7706e-18	255.651	6250
7.92807e-18	261.364	6260
7.86083e-18	258.99	6270
7.91336e-18	260.795	6280
7.89335e-18	260.233	6290
7.81498e-18	257.271	6300
7.8977e-18	260.24	6310
7.84966e-18	258.587	6320
7.81343e-18	257.264	6330
7.84158e-18	258.224	6340
7.86371e-18	259.16	6350
7.85272e-18	258.661	6360
7.83831e-18	258.147	6370
7.87735e-18	259.563	6380
7.7659e-18	255.543	6390
7.80552e-18	256.997	6400
7.66089e-18	251.748	6410
7.79869e-18	256.682	6420
7.76546e-18	255.635	6430
7.52209e-18	246.731	6440
7.63531e-18	250.701	6450
7.8173e-18	257.335	6460
7.80968e-18	257.149	6470
7.63388e-18	250.817	6480
7.66131e-18	251.703	6490
7.81365e-18	257.191	6500
7.75132e-18	255.035	6510
7.8362e-18	258.05	6520
7.83277e-18	257.991	6530
7.68691e-18	252.727	6540
7.76348e-18	255.349	6550
7.92271e-18	261.126	6560
7.85843e-18	258.996	6570
7.84192e-18	258.264	6580
7.77431e-18	255.825	6590
7.83952e-18	258.127	6600
7.94994e-18	262.139	6610
7.98832e-18	263.499	6620
8.04534e-18	265.621	6630
8.09865e-18	267.531	6640
7.98852e-18	263.675	6650
8.00552e-18	264.112	6660
8.03501e-18	265.299	6670
7.95622e-18	262.425	6680
8.00179e-18	264.019	6690
7.97068e-18	262.961	6700
8.03904e-18	265.342	6710
8.0046e-18	264.197	6720
8.00936e-18	264.373	6730
7.90933e-18	260.775	6740
7.79723e-18	256.721	6750
7.85469e-18	258.701	6760
7.9597e-18	262.487	6770
8.02451e-18	264.948	6780
7.90831e-18	260.628	6790
7.98247e-18	263.393	6800
7.89941e-18	260.404	6810
7.88405e-18	259.854	6820
7.90215e-18	260.368	6830
7.98952e-18	263.63	6840
7.93957e-18	261.819	6850
7.98905e-18	263.593	6860
7.86235e-18	259.08	6870
7.87393e-18	259.373	6880
7.96255e-18	262.657	6890
7.97493e-18	263.078	6900
7.97433e-18	263.142	6910
7.89542e-18	260.16	6920
7.94893e-18	262.141	6930
7.98476e-18	263.43	6940
7.95306e-18	262.257	6950
8.00471e-18	264.189	6960
7.99877e-18	263.915	6970
7.97013e-18	262.954	6980
7.8816e-18	259.688	6990
8.01684e-18	264.576	7000
7.97142e-18	262.968	7010
8.04953e-18	265.756	7020
7.90561e-18	260.682	7030
7.94696e-18	261.982	7040
7.98437e-18	263.48	7050
8.02816e-18	264.976	7060
7.994e-18	263.756	7070
8.0937e-18	267.439	7080
7.9614e-18	262.632	7090
7.89064e-18	260.119	7100
7.79464e-18	256.543	7110
7.89954e-18	260.341	7120
7.89311e-18	260.233	7130
7.94337e-18	261.802	7140
8.05538e-18	265.941	7150
8.18065e-18	270.521	7160
8.00966e-18	264.42	7170
8.02375e-18	264.856	7180
7.99831e-18	263.921	7190
8.01711e-18	264.602	7200
8.01347e-18	264.477	7210
8.02089e-18	264.732	7220
7.94109e-18	261.951	7230
7.96058e-18	262.512	7240
7.91974e-18	261.018	7250
8.00037e-18	264.09	7260
7.9133e-18	260.8	7270
8.02448e-18	264.814	7280
7.95647e-18	262.485	7290
7.89814e-18	260.414	7300
7.92057e-18	260.979	7310
8.02604e-18	264.933	7320
8.03261e-18	265.211	7330
7.95694e-18	262.444	7340
8.08088e-18	266.859	7350
8.01309e-18	264.528	7360
8.06854e-18	266.396	7370
7.99247e-18	263.865	7380
7.9822e-18	263.261	7390
7.99909e-18	263.969	7400
7.94337e-18	262.033	7410
7.97835e-18	263.092	7420
8.09347e-18	267.415	7430
7.97861e-18	263.21	7440
8.09472e-18	267.356	7450
8.14159e-18	269.197	7460
8.13651e-18	268.94	7470
8.03648e-18	265.316	7480
8.07083e-18	266.5	7490
8.21505e-18	271.67	7500
8.20562e-18	271.504	7510
8.06076e-18	266.058	7520
8.39525e-18	278.158	7530
8.38059e-18	277.823	7540
8.29148e-18	274.552	7550
8.27253e-18	273.849	7560
8.33522e-18	276.033	7570
8.44525e-18	280.132	7580
8.27534e-18	273.919	7590
8.46043e-18	280.492	7600
8.45859e-18	280.666	7610
8.3668e-18	277.231	7620
8.33473e-18	276.124	7630
8.31201e-18	275.273	7640
8.31346e-18	275.338	7650
8.39145e-18	278.133	7660
8.37956e-18	277.716	7670
8.3018e-18	274.985	7680
8.3748e-18	277.437	7690
8.40492e-18	278.617	7700
8.27989e-18	274.218	7710
8.36505e-18	277.126	7720
8.37511e-18	277.506	7730
8.4617e-18	280.735	7740
8.33589e-18	276.127	7750
8.47835e-18	281.204	7760
8.48392e-18	281.442	7770
8.53122e-18	283.209	7780
8.43948e-18	279.911	7790
8.413e-18	278.886	7800
8.44758e-18	280.135	7810
8.36233e-18	277.119	7820
8.31891e-18	275.526	7830
8.27136e-18	273.877	7840
8.39436e-18	278.194	7850
8.38499e-18	277.971	7860
8.29139e-18	274.521	7870
8.35138e-18	276.741	7880
8.2433e-18	272.743	7890
8.29079e-18	274.5	7900
8.23509e-18	272.526	7910
8.24294e-18	272.763	7920
8.28047e-18	274.059	7930
8.32362e-18	275.722	7940
8.22161e-18	272.027	7950
8.26877e-18	273.688	7960
8.33014e-18	275.965	7970
8.23367e-18	272.348	7980
8.26096e-18	273.498	7990
8.22872e-18	272.27	8000
8.22522e-18	272.153	8010
8.21461e-18	271.718	8020
8.28e-18	274.073	8030
8.34248e-18	276.255	8040
8.41429e-18	279.083	8050
8.1998e-18	271.215	8060
8.34629e-18	276.486	8070
8.30421e-18	275.035	8080
8.2949e-18	274.533	8090
8.42081e-18	279.2	8100
8.33902e-18	276.263	8110
8.27893e-18	274.142	8120
8.19998e-18	271.124	8130
8.37068e-18	277.395	8140
8.40508e-18	278.629	8150
8.29878e-18	274.938	8160
8.29005e-18	274.349	8170
8.22725e-18	272.299	8180
8.25768e-18	273.305	8190
8.35824e-18	276.937	8200
8.24969e-18	273.102	8210
8.13378e-18	268.855	8220
8.23869e-18	272.565	8230
8.19427e-18	270.987	8240
8.18766e-18	270.834	8250
8.22068e-18	271.975	8260
8.20895e-18	271.548	8270
8.20813e-18	271.593	8280
8.18493e-18	270.668	8290
8.05805e-18	266.188	8300
8.15871e-18	269.624	8310
8.28819e-18	274.373	8320
8.26672e-18	273.649	8330
8.27347e-18	273.893	8340
8.20713e-18	271.463	8350
8.18141e-18	270.561	8360
8.25647e-18	273.17	8370
8.28475e-18	274.304	8380
8.33429e-18	276.038	8390
8.21325e-18	271.733	8400
8.23323e-18	272.466	8410
8.20155e-18	271.322	8420
8.22392e-18	272.062	8430
8.31402e-18	275.267	8440
8.26567e-18	273.738	8450
8.17638e-18	270.394	8460
8.30079e-18	274.877	8470
8.30609e-18	275.053	8480
8.29049e-18	274.508	8490
8.31581e-18	275.399	8500
8.26021e-18	273.419	8510
8.25515e-18	273.293	8520
8.07887e-18	266.94	8530
8.12289e-18	268.297	8540
8.22392e-18	272.123	8550
8.17681e-18	270.364	8560
8.17497e-18	270.357	8570
8.2048e-18	271.37	8580
8.13233e-18	268.927	8590
8.16998e-18	270.07	8600
8.23732e-18	272.597	8610
8.16607e-18	269.944	8620
8.23139e-18	272.341	8630
8.13063e-18	268.864	8640
8.049e-18	265.718	8650
8.05711e-18	265.988	8660
8.06506e-18	266.456	8670
8.03859e-18	265.394	8680
7.97641e-18	263.21	8690
7.92059e-18	261.054	8700
8.05979e-18	266.108	8710
8.04825e-18	265.847	8720
8.04002e-18	265.426	8730
8.09602e-18	267.412	8740
8.09142e-18	267.316	8750
8.17347e-18	270.173	8760
8.19452e-18	271.124	8770
8.13142e-18	268.683	8780
8.20764e-18	271.508	8790
8.19408e-18	270.997	8800
8.22267e-18	272.111	8810
8.07915e-18	266.947	8820
8.18228e-18	270.519	8830
8.16777e-18	270.104	8840
8.18975e-18	270.827	8850
8.12768e-18	268.629	8860
8.17866e-18	270.485	8870
8.0716e-18	266.665	8880
7.94976e-18	262.208	8890
8.0305e-18	265.022	8900
8.02579e-18	264.987	8910
8.07671e-18	266.716	8920
8.04423e-18	265.63	8930
8.00794e-18	264.376	8940
7.9054e-18	260.576	8950
7.92394e-18	261.285	8960
7.88754e-18	259.944	8970
7.9273e-18	261.252	8980
7.94383e-18	262.041	8990
7.89761e-18	260.285	9000
7.92897e-18	261.469	9010
7.95532e-18	262.25	9020
8.08153e-18	266.989	9030
8.05559e-18	266.021	9040
8.0379e-18	265.289	9050
8.10512e-18	267.834	9060
7.99502e-18	263.823	9070
7.99596e-18	263.94	9080
7.95954e-18	262.493	9090
8.02859e-18	265.03	9100
8.00227e-18	264.096	9110
7.97722e-18	263.219	9120
7.95105e-18	262.202	9130
7.99499e-18	263.848	9140
7.9902e-18	263.585	9150
8.04477e-18	265.618	9160
8.06936e-18	266.534	9170
8.11079e-18	267.936	9180
8.07078e-18	266.564	9190
7.98979e-18	263.726	9200
7.96682e-18	262.785	9210
8.06039e-18	266.097	9220
8.03014e-18	265.192	9230
7.86353e-18	259.154	9240
7.86372e-18	259.063	9250
7.95815e-18	262.478	9260
7.99787e-18	263.92	9270
7.99505e-18	263.913	9280
7.84272e-18	258.29	9290
7.95088e-18	262.195	9300
7.93941e-18	261.842	9310
8.02253e-18	264.772	9320
8.14425e-18	269.084	9330
8.23228e-18	272.407	9340
8.07149e-18	266.721	9350
8.10446e-18	267.679	9360
8.18702e-18	270.781	9370
8.14574e-18	269.257	9380
8.15224e-18	269.566	9390
8.08962e-18	267.17	9400
8.1378e-18	269.069	9410
8.01299e-18	264.525	9420
8.04311e-18	265.519	9430
8.16564e-18	269.871	9440
8.30027e-18	274.854	9450
8.2632e-18	273.542	9460
8.18785e-18	270.898	9470
8.11777e-18	268.19	9480
8.20927e-18	271.622	9490
8.18244e-18	270.501	9500
8.35301e-18	276.727	9510
8.30518e-18	275.13	9520
8.21146e-18	271.664	9530
8.17425e-18	270.4	9540
8.22616e-18	272.001	9550
8.35458e-18	276.874	9560
8.18805e-18	270.869	9570
8.18699e-18	270.628	9580
8.34284e-18	276.399	9590
8.26701e-18	273.777	9600
8.20889e-18	271.503	9610
8.16785e-18	270.123	9620
8.21974e-18	271.916	9630
8.16062e-18	269.878	9640
8.04957e-18	265.8	9650
8.13227e-18	268.785	9660
8.10801e-18	267.961	9670
8.09856e-18	267.57	9680
8.15424e-18	269.502	9690
8.07362e-18	266.777	9700
8.05031e-18	265.785	9710
8.11489e-18	268.161	9720
8.09747e-18	267.534	9730
8.09629e-18	267.424	9740
8.01306e-18	264.604	9750
7.95982e-18	262.447	9760
8.01609e-18	264.579	9770
8.1275e-18	268.573	9780
8.06078e-18	266.276	9790
8.03076e-18	265.07	9800
8.05413e-18	265.929	9810
8.15962e-18	269.764	9820
8.06795e-18	266.519	9830
7.97618e-18	263.14	9840
7.98788e-18	263.615	9850
8.02282e-18	264.69	9860
8.11763e-18	268.25	9870
8.15838e-18	269.672	9880
8.29259e-18	274.53	9890
8.14568e-18	269.359	9900
8.14825e-18	269.286	9910
8.18735e-18	270.821	9920
8.02144e-18	264.817	9930
8.19933e-18	271.108	9940
8.25325e-18	273.131	9950
8.24425e-18	272.867	9960
8.28272e-18	274.207	9970
8.18313e-18	270.602	9980
8.13465e-18	269.028	9990
8.14215e-18	268.94	10000
8.28599e-18	274.359	10010
8.18096e-18	270.583	10020
8.33834e-18	276.144	10030
8.23444e-18	272.535	10040
8.32916e-18	275.828	10050
8.2749e-18	273.969	10060
8.29264e-18	274.555	10070
8.30765e-18	275.121	10080
8.24665e-18	272.886	10090
8.22104e-18	272.068	10100
8.18757e-18	270.772	10110
8.09091e-18	267.266	10120
8.31653e-18	275.391	10130
8.23956e-18	272.67	10140
8.25487e-18	273.151	10150
8.27421e-18	273.952	10160
8.23035e-18	272.365	10170
8.13333e-18	268.884	10180
8.24186e-18	272.66	10190
8.16497e-18	270.046	10200
8.15187e-18	269.408	10210
8.22525e-18	272.163	10220
8.04423e-18	265.726	10230
8.03806e-18	265.355	10240
8.09174e-18	267.211	10250
8.24357e-18	272.84	10260
8.12911e-18	268.71	10270
8.03308e-18	265.275	10280
8.09086e-18	267.176	10290
8.20737e-18	271.436	10300
8.19431e-18	271.037	10310
8.22296e-18	272.024	10320
8.17449e-18	270.435	10330
8.09316e-18	267.338	10340
8.1039e-18	267.755	10350
8.18428e-18	270.615	10360
8.275e-18	273.868	10370
8.31067e-18	275.328	10380
8.16486e-18	269.913	10390
8.1677e-18	270.129	10400
8.20781e-18	271.393	10410
8.23478e-18	272.59	10420
8.17011e-18	270.152	10430
8.19357e-18	270.907	10440
8.24151e-18	272.738	10450
8.19339e-18	270.984	10460
8.2316e-18	272.374	10470
8.19864e-18	271.226	10480
8.14877e-18	269.37	10490
8.1064e-18	267.907	10500
8.06941e-18	266.485	10510
8.10354e-18	267.678	10520
8.12599e-18	268.621	10530
7.99583e-18	263.997	10540
7.99326e-18	263.553	10550
8.1416e-18	269.212	10560
8.07303e-18	266.597	10570
8.09359e-18	267.357	10580
8.05363e-18	265.988	10590
7.88694e-18	259.854	10600
7.98857e-18	263.514	10610
8.08617e-18	266.983	10620
8.15753e-18	269.799	10630
8.01517e-18	264.497	10640
8.04558e-18	265.687	10650
8.00472e-18	264.194	10660
7.91044e-18	260.784	10670
7.99684e-18	263.879	10680
7.93234e-18	261.464	10690
8.02746e-18	264.993	10700
7.97713e-18	263.22	10710
7.91428e-18	260.859	10720
7.93261e-18	261.578	10730
7.89659e-18	260.169	10740
8.03042e-18	265.104	10750
8.01853e-18	264.667	10760
8.06094e-18	266.072	10770
8.14523e-18	269.282	10780
8.12206e-18	268.433	10790
8.07076e-18	266.556	10800
8.11172e-18	268.059	10810
8.09023e-18	267.239	10820
8.13097e-18	268.712	10830
8.03285e-18	265.248	10840
8.06018e-18	266.104	10850
8.11668e-18	268.145	10860
8.2323e-18	272.408	10870
8.1024e-18	267.72	10880
8.13501e-18	268.872	10890
8.09308e-18	267.386	10900
8.05916e-18	266.114	10910
8.05296e-18	266.034	10920
8.0064e-18	264.142	10930
8.11313e-18	268.106	10940
7.96376e-18	262.815	10950
8.03049e-18	264.943	10960
8.05715e-18	266.127	10970
8.05966e-18	266.174	10980
7.95775e-18	262.468	10990
8.01647e-18	264.612	11000
8.08078e-18	266.824	11010
8.06367e-18	266.364	11020
7.9274e-18	261.447	11030
7.98069e-18	263.209	11040
8.01956e-18	264.746	11050
8.01691e-18	264.586	11060
7.99165e-18	263.625	11070
8.02178e-18	264.801	11080
7.94546e-18	262.001	11090
7.96672e-18	262.779	11100
7.97701e-18	263.182	11110
8.0419e-18	265.511	11120
7.99567e-18	263.801	11130
8.05684e-18	266.035	11140
8.03536e-18	265.281	11150
8.00763e-18	264.299	11160
8.00813e-18	264.289	11170
7.98828e-18	263.54	11180
8.07698e-18	266.69	11190
8.07057e-18	266.62	11200
8.05648e-18	266.055	11210
8.18468e-18	270.567	11220
8.2489e-18	273.014	11230
8.05044e-18	265.941	11240
7.9948e-18	263.815	11250
8.02539e-18	264.85	11260
7.97865e-18	263.355	11270
8.03103e-18	264.949	11280
8.07164e-18	266.602	11290
8.05094e-18	265.793	11300
8.05038e-18	265.857	11310
8.09769e-18	267.539	11320
8.02054e-18	264.725	11330
8.05356e-18	265.898	11340
8.08909e-18	267.193	11350
8.15069e-18	269.331	11360
8.21153e-18	271.715	11370
8.08418e-18	267.075	11380
8.06546e-18	266.341	11390
8.10142e-18	267.649	11400
8.09394e-18	267.433	11410
8.15189e-18	269.392	11420
8.13365e-18	268.904	11430
8.12434e-18	268.421	11440
8.14211e-18	269.157	11450
8.03614e-18	265.3	11460
8.13223e-18	268.683	11470
8.19141e-18	270.932	11480
8.19192e-18	270.873	11490
8.18485e-18	270.76	11500
8.10988e-18	267.962	11510
8.08062e-18	266.948	11520
7.99948e-18	263.988	11530
8.03558e-18	265.149	11540
8.05025e-18	265.879	11550
8.03947e-18	265.41	11560
7.99872e-18	263.926	11570
8.00957e-18	264.346	11580
8.06096e-18	266.168	11590
8.08944e-18	267.172	11600
8.0977e-18	267.531	11610
8.08972e-18	267.179	11620
8.02004e-18	264.777	11630
8.04024e-18	265.332	11640
8.20033e-18	271.277	11650
8.0418e-18	265.441	11660
8.1735e-18	270.296	11670
8.05439e-18	265.896	11680
8.14543e-18	269.204	11690
8.1313e-18	268.797	11700
8.08104e-18	266.85	11710
8.09155e-18	267.3	11720
8.16882e-18	269.91	11730
8.17732e-18	270.53	11740
8.15081e-18	269.274	11750
8.26912e-18	273.798	11760
8.15455e-18	269.622	11770
7.99947e-18	263.95	11780
8.05794e-18	266.055	11790
8.16628e-18	270.038	11800
8.08937e-18	267.168	11810
8.19699e-18	271.09	11820
8.10328e-18	267.776	11830
8.21378e-18	271.704	11840
8.24219e-18	272.735	11850
8.22368e-18	272.063	11860
8.26103e-18	273.341	11870
8.24008e-18	272.742	11880
8.18389e-18	270.564	11890
8.32987e-18	275.864	11900
8.21906e-18	272.007	11910
8.17074e-18	270.123	11920
8.20509e-18	271.433	11930
8.13175e-18	268.741	11940
8.23372e-18	272.359	11950
8.21111e-18	271.704	11960
8.15194e-18	269.428	11970
8.19345e-18	271.026	11980
8.20188e-18	271.246	11990
8.12682e-18	268.537	12000
8.22814e-18	272.248	12010
8.02982e-18	265.167	12020
8.02355e-18	264.811	12030
8.14532e-18	269.137	12040
8.23429e-18	272.479	12050
8.06161e-18	266.298	12060
8.02262e-18	264.757	12070
8.05223e-18	265.903	12080
8.03091e-18	265.055	12090
8.11765e-18	268.19	12100
8.09571e-18	267.457	12110
8.09857e-18	267.46	12120
8.19313e-18	270.977	12130
8.14702e-18	269.356	12140
8.05516e-18	265.984	12150
8.08143e-18	266.87	12160
8.26169e-18	273.429	12170
8.0696e-18	266.541	12180
8.13201e-18	268.654	12190
8.22215e-18	272.025	12200
8.21092e-18	271.607	12210
8.30232e-18	274.935	12220
8.25526e-18	273.202	12230
8.26265e-18	273.508	12240
8.25361e-18	273.027	12250
8.42509e-18	279.398	12260
8.31644e-18	275.514	12270
8.25656e-18	273.2	12280
8.31657e-18	275.37	12290
8.32739e-18	275.805	12300
8.38064e-18	277.736	12310
8.42491e-18	279.334	12320
8.42712e-18	279.406	12330
8.32331e-18	275.741	12340
8.33764e-18	276.073	12350
8.38265e-18	277.965	12360
8.21734e-18	271.783	12370
8.25839e-18	273.348	12380
8.3849e-18	277.822	12390
8.30614e-18	275.078	12400
8.18332e-18	270.722	12410
8.26219e-18	273.321	12420
8.36681e-18	277.249	12430
8.26474e-18	273.691	12440
8.33069e-18	275.791	12450
8.38447e-18	277.929	12460
8.35271e-18	276.78	12470
8.25871e-18	273.338	12480
8.38717e-18	277.883	12490
8.35237e-18	276.826	12500
8.32626e-18	275.811	12510
8.19477e-18	271.054	12520
8.25465e-18	273.22	12530
8.41539e-18	278.9	12540
8.34594e-18	276.481	12550
8.44646e-18	280.093	12560
8.31016e-18	275.357	12570
8.32491e-18	275.706	12580
8.4142e-18	278.946	12590
8.42604e-18	279.357	12600
8.37671e-18	277.677	12610
8.43856e-18	279.779	12620
8.39295e-18	278.212	12630
8.50587e-18	282.197	12640
8.4856e-18	281.542	12650
8.35536e-18	276.894	12660
8.29297e-18	274.625	12670
8.40576e-18	278.545	12680
8.41767e-18	279.118	12690
8.36948e-18	277.448	12700
8.29673e-18	274.636	12710
8.51309e-18	282.444	12720
8.41307e-18	279.114	12730
8.2483e-18	272.866	12740
8.29934e-18	274.864	12750
8.35588e-18	276.805	12760
8.46016e-18	280.562	12770
8.32094e-18	275.714	12780
8.22241e-18	272.098	12790
8.18708e-18	270.82	12800
8.12032e-18	268.302	12810
8.11264e-18	268.102	12820
8.11267e-18	267.949	12830
8.23777e-18	272.644	12840
8.09522e-18	267.51	12850
8.15754e-18	269.647	12860
8.17213e-18	270.229	12870
8.25792e-18	273.263	12880
8.17608e-18	270.425	12890
8.17095e-18	270.132	12900
8.25384e-18	273.092	12910
8.21948e-18	272.059	12920
8.11163e-18	268.032	12930
8.04358e-18	265.607	12940
8.03087e-18	265.089	12950
8.07352e-18	266.682	12960
8.08213e-18	266.995	12970
8.07242e-18	266.551	12980
8.07253e-18	266.642	12990
8.02499e-18	264.858	13000
8.16298e-18	269.88	13010
8.08141e-18	266.917	13020
8.05947e-18	266.173	13030
8.07288e-18	266.608	13040
8.17815e-18	270.369	13050
8.24928e-18	272.962	13060
8.27157e-18	273.764	13070
8.17016e-18	270.264	13080
8.2408e-18	272.516	13090
8.44384e-18	280.03	13100
8.35921e-18	277.064	13110
8.38261e-18	277.725	13120
8.32823e-18	275.907	13130
8.26406e-18	273.57	13140
8.14393e-18	269.227	13150
8.19821e-18	271.144	13160
8.16653e-18	270.089	13170
8.12903e-18	268.645	13180
8.23896e-18	272.539	13190
8.14883e-18	269.463	13200
8.21888e-18	271.844	13210
8.19564e-18	271.089	13220
8.16798e-18	270.092	13230
8.21033e-18	271.591	13240
8.12457e-18	268.465	13250
8.15699e-18	269.695	13260
8.05621e-18	266.001	13270
8.17322e-18	270.214	13280
8.09676e-18	267.65	13290
8.02617e-18	264.817	13300
8.07342e-18	266.757	13310
7.94579e-18	262.061	13320
8.12775e-18	268.391	13330
8.29626e-18	274.744	13340
8.1393e-18	269.117	13350
8.10646e-18	267.892	13360
8.12861e-18	268.548	13370
8.22922e-18	272.31	13380
8.15549e-18	269.602	13390
8.21101e-18	271.617	13400
8.05361e-18	266.042	13410
8.00826e-18	264.213	13420
8.09635e-18	267.494	13430
8.16228e-18	269.712	13440
8.1441e-18	269.354	13450
7.97727e-18	263.166	13460
8.04803e-18	265.686	13470
8.10875e-18	267.926	13480
8.07933e-18	266.894	13490
7.97742e-18	263.198	13500
7.97874e-18	263.139	13510
8.10859e-18	267.873	13520
8.18528e-18	270.611	13530
8.16729e-18	270.14	13540
8.05423e-18	265.985	13550
8.00415e-18	264.173	13560
8.03878e-18	265.287	13570
8.13098e-18	268.786	13580
7.96898e-18	263.018	13590
7.94729e-18	261.938	13600
7.99606e-18	263.858	13610
8.04375e-18	265.534	13620
8.07072e-18	266.508	13630
8.08281e-18	266.982	13640
8.12308e-18	268.441	13650
8.01524e-18	264.521	13660
8.05798e-18	266.029	13670
8.08098e-18	266.984	13680
8.02109e-18	264.706	13690
7.99525e-18	263.904	13700
8.08537e-18	266.986	13710
8.09863e-18	267.582	13720
8.04064e-18	265.434	13730
8.06349e-18	266.32	13740
7.99576e-18	263.834	13750
8.01634e-18	264.528	13760
8.05121e-18	265.786	13770
8.05373e-18	265.976	13780
8.07408e-18	266.64	13790
8.02413e-18	264.914	13800
8.01126e-18	264.405	13810
7.91177e-18	260.835	13820
7.99573e-18	263.773	13830
7.97017e-18	263	13840
7.9592e-18	262.404	13850
8.04673e-18	265.601	13860
8.16161e-18	269.919	13870
8.08911e-18	267.139	13880
8.16685e-18	270.088	13890
8.10657e-18	267.849	13900
7.92816e-18	261.46	13910
7.98677e-18	263.428	13920
7.99141e-18	263.707	13930
8.03155e-18	265.159	13940
8.04886e-18	265.716	13950
8.00277e-18	264.11	13960
8.07717e-18	266.703	13970
8.07312e-18	266.667	13980
8.11013e-18	268.013	13990
8.09638e-18	267.431	14000
7.9812e-18	263.356	14010
7.99211e-18	263.628	14020
8.07357e-18	266.597	14030
8.05479e-18	266.065	14040
7.95658e-18	262.41	14050
8.0474e-18	265.684	14060
8.03754e-18	265.341	14070
7.99422e-18	263.755	14080
8.09121e-18	267.226	14090
8.00466e-18	264.206	14100
8.11631e-18	268.125	14110
8.02838e-18	265.082	14120
7.90145e-18	260.477	14130
7.98098e-18	263.19	14140
8.00114e-18	264.108	14150
7.98259e-18	263.3	14160
7.99254e-18	263.821	14170
8.07125e-18	266.442	14180
8.057e-18	266.193	14190
7.94218e-18	261.927	14200
7.91949e-18	261.09	14210
7.98314e-18	263.299	14220
8.08687e-18	267.055	14230
8.07574e-18	266.823	14240
7.95303e-18	262.33	14250
7.96671e-18	262.625	14260
8.13696e-18	268.968	14270
8.04083e-18	265.528	14280
8.008e-18	264.277	14290
8.03062e-18	265.012	14300
8.10666e-18	267.847	14310
8.11711e-18	268.205	14320
8.13232e-18	268.704	14330
8.11384e-18	268.128	14340
8.08242e-18	266.93	14350
8.05969e-18	266.1	14360
8.11083e-18	267.997	14370
8.13115e-18	268.672	14380
8.17335e-18	270.276	14390
8.16821e-18	270.03	14400
8.12002e-18	268.379	14410
8.11934e-18	268.169	14420
8.18467e-18	270.704	14430
8.1337e-18	268.885	14440
8.15227e-18	269.354	14450
8.33563e-18	276.095	14460
8.29395e-18	274.581	14470
8.25707e-18	273.295	14480
8.23219e-18	272.364	14490
8.2689e-18	273.716	14500
8.2506e-18	273.035	14510
8.13619e-18	268.917	14520
8.21675e-18	271.776	14530
8.2716e-18	273.652	14540
8.37472e-18	277.562	14550
8.28893e-18	274.441	14560
8.32127e-18	275.609	14570
8.27063e-18	273.736	14580
8.32663e-18	275.774	14590
8.30651e-18	275.015	14600
8.3635e-18	277.14	14610
8.30241e-18	274.873	14620
8.43705e-18	279.702	14630
8.52071e-18	282.681	14640
8.53894e-18	283.521	14650
8.41282e-18	278.931	14660
8.5249e-18	282.916	14670
8.38123e-18	277.699	14680
8.43796e-18	279.91	14690
8.31407e-18	275.351	14700
8.44353e-18	279.975	14710
8.54288e-18	283.511	14720
8.54773e-18	283.836	14730
8.51956e-18	282.78	14740
8.53117e-18	283.12	14750
8.53863e-18	283.506	14760
8.50659e-18	282.201	14770
8.594e-18	285.346	14780
8.61637e-18	286.302	14790
8.58375e-18	285.095	14800
8.4859e-18	281.57	14810
8.57316e-18	284.542	14820
8.6372e-18	287.057	14830
8.57025e-18	284.594	14840
8.54992e-18	283.805	14850
8.59927e-18	285.579	14860
8.50754e-18	282.452	14870
8.53574e-18	283.256	14880
8.49283e-18	281.764	14890
8.53193e-18	283.29	14900
8.45173e-18	280.227	14910
8.48604e-18	281.513	14920
8.48799e-18	281.544	14930
8.39395e-18	278.266	14940
8.39807e-18	278.326	14950
8.41267e-18	278.911	14960
8.48761e-18	281.535	14970
8.41778e-18	279.179	14980
8.37228e-18	277.408	14990
8.28803e-18	274.316	15000
8.38731e-18	278.031	15010
8.36658e-18	277.176	15020
8.40907e-18	278.786	15030
8.34291e-18	276.347	15040
8.3784e-18	277.715	15050
8.22622e-18	272.084	15060
8.42333e-18	279.186	15070
8.38793e-18	278.112	15080
8.28927e-18	274.455	15090
8.25888e-18	273.241	15100
8.36989e-18	277.377	15110
8.38297e-18	277.74	15120
8.37594e-18	277.62	15130
8.23809e-18	272.619	15140
8.28397e-18	274.205	15150
8.31566e-18	275.348	15160
8.29735e-18	274.757	15170
8.31936e-18	275.492	15180
8.29431e-18	274.582	15190
8.28106e-18	274.144	15200
8.30557e-18	274.944	15210
8.40502e-18	278.575	15220
8.35427e-18	276.78	15230
8.38306e-18	277.807	15240
8.28916e-18	274.421	15250
8.35213e-18	276.681	15260
8.31724e-18	275.515	15270
8.21762e-18	271.791	15280
8.22943e-18	272.263	15290
8.22316e-18	271.982	15300
8.25085e-18	273.009	15310
8.19215e-18	270.935	15320
8.25123e-18	273.001	15330
8.17053e-18	270.173	15340
8.16595e-18	269.917	15350
8.15401e-18	269.5	15360
8.12266e-18	268.454	15370
8.13668e-18	268.875	15380
8.17772e-18	270.424	15390
8.12887e-18	268.572	15400
8.15723e-18	269.67	15410
8.17688e-18	270.419	15420
8.10936e-18	267.845	15430
8.19739e-18	271.136	15440
8.1266e-18	268.597	15450
8.20104e-18	271.118	15460
8.22044e-18	272.014	15470
8.05278e-18	265.894	15480
8.11351e-18	268.068	15490
8.1436e-18	269.094	15500
8.19288e-18	270.871	15510
8.21084e-18	271.607	15520
8.14438e-18	269.221	15530
8.07841e-18	266.771	15540
8.11331e-18	268.022	15550
8.12104e-18	268.426	15560
8.08895e-18	267.123	15570
8.24684e-18	272.838	15580
8.27121e-18	273.712	15590
8.29858e-18	274.865	15600
8.08124e-18	266.919	15610
8.20868e-18	271.425	15620
8.2393e-18	272.613	15630
8.31533e-18	275.373	15640
8.22528e-18	272.15	15650
8.29314e-18	274.531	15660
8.23989e-18	272.711	15670
8.20873e-18	271.47	15680
8.10831e-18	267.975	15690
8.14284e-18	269.069	15700
8.22932e-18	272.194	15710
8.15497e-18	269.716	15720
8.02288e-18	264.7	15730
8.16551e-18	269.945	15740
8.18965e-18	270.8	15750
8.15722e-18	269.664	15760
8.17316e-18	270.218	15770
8.15347e-18	269.467	15780
8.11852e-18	268.359	15790
8.15816e-18	269.545	15800
8.299e-18	274.779	15810
8.25107e-18	273.046	15820
8.16238e-18	269.955	15830
8.14969e-18	269.317	15840
8.09228e-18	267.334	15850
8.20958e-18	271.453	15860
8.25679e-18	273.208	15870
8.25921e-18	273.317	15880
8.13773e-18	269.026	15890
8.06431e-18	266.334	15900
8.17855e-18	270.309	15910
8.35816e-18	276.828	15920
8.37532e-18	277.656	15930
8.24561e-18	272.831	15940
8.35846e-18	276.856	15950
8.31316e-18	275.326	15960
8.29439e-18	274.675	15970
8.17655e-18	270.319	15980
8.38837e-18	277.903	15990
8.42992e-18	279.541	16000
8.37261e-18	277.485	16010
8.23274e-18	272.396	16020
8.3374e-18	276.017	16030
8.46541e-18	280.841	16040
8.26881e-18	273.709	16050
8.20252e-18	271.312	16060
8.30007e-18	274.741	16070
8.36423e-18	277.126	16080
8.31859e-18	275.46	16090
8.24351e-18	272.787	16100
8.35202e-18	276.623	16110
8.26525e-18	273.634	16120
8.23397e-18	272.385	16130
8.2766e-18	274.034	16140
8.25956e-18	273.151	16150
8.52859e-18	282.946	16160
8.53254e-18	283.378	16170
8.31069e-18	275.262	16180
8.35299e-18	276.643	16190
8.38973e-18	278.08	16200
8.49214e-18	281.674	16210
8.53878e-18	283.494	16220
8.38905e-18	278.006	16230
8.55877e-18	284.059	16240
8.46264e-18	280.794	16250
8.521e-18	282.679	16260
8.67558e-18	288.392	16270
8.65236e-18	287.579	16280
8.60093e-18	285.582	16290
8.60234e-18	285.837	16300
8.52585e-18	282.935	16310
8.48929e-18	281.686	16320
8.45534e-18	280.349	16330
8.47294e-18	281.025	16340
8.52926e-18	283.166	16350
8.37492e-18	277.6	16360
8.41655e-18	278.965	16370
8.37828e-18	277.647	16380
8.42061e-18	279.124	16390
8.38994e-18	278.088	16400
8.4114e-18	278.791	16410
8.48003e-18	281.309	16420
8.3626e-18	277.182	16430
8.37905e-18	277.587	16440
8.56004e-18	284.126	16450
8.40603e-18	278.807	16460
8.24892e-18	272.985	16470
8.27181e-18	273.75	16480
8.34746e-18	276.457	16490
8.36956e-18	277.358	16500
8.35086e-18	276.627	16510
8.3046e-18	275.065	16520
8.25314e-18	272.969	16530
8.45736e-18	280.473	16540
8.42561e-18	279.4	16550
8.34584e-18	276.522	16560
8.27055e-18	273.794	16570
8.22605e-18	272.096	16580
8.20349e-18	271.353	16590
8.32267e-18	275.542	16600
8.32251e-18	275.65	16610
8.2533e-18	273.142	16620
8.14305e-18	269.239	16630
8.22041e-18	271.802	16640
8.232e-18	272.355	16650
8.30646e-18	275.049	16660
8.32144e-18	275.594	16670
8.22914e-18	272.393	16680
8.12703e-18	268.468	16690
8.12895e-18	268.65	16700
8.16857e-18	269.941	16710
8.1753e-18	270.406	16720
8.10426e-18	267.745	16730
8.1486e-18	269.293	16740
8.0688e-18	266.529	16750
8.08051e-18	266.835	16760
8.138e-18	269.012	16770
8.04558e-18	265.465	16780
8.28019e-18	274.036	16790
8.25521e-18	273.252	16800
8.22871e-18	272.344	16810
8.03165e-18	265.108	16820
8.07284e-18	266.554	16830
8.14683e-18	269.302	16840
8.20595e-18	271.34	16850
8.12639e-18	268.64	16860
8.06531e-18	266.242	16870
8.06144e-18	266.286	16880
8.06325e-18	266.263	16890
8.0848e-18	266.98	16900
8.10097e-18	267.653	16910
8.05362e-18	265.9	16920
8.0549e-18	265.966	16930
8.07982e-18	266.873	16940
8.02209e-18	264.739	16950
8.07272e-18	266.608	16960
8.07392e-18	266.603	16970
8.10689e-18	267.845	16980
8.04573e-18	265.627	16990
8.023e-18	264.68	17000
8.07154e-18	266.641	17010
7.97832e-18	263.199	17020
7.98104e-18	263.26	17030
8.03595e-18	265.252	17040
7.98931e-18	263.611	17050
7.92259e-18	261.152	17060
8.03668e-18	265.287	17070
7.96987e-18	262.944	17080
7.92993e-18	261.386	17090
8.0163e-18	264.513	17100
8.01388e-18	264.424	17110
8.1781e-18	270.434	17120
8.00136e-18	263.995	17130
8.11805e-18	268.122	17140
8.15172e-18	269.506	17150
8.16202e-18	269.739	17160
8.1458e-18	269.281	17170
8.1985e-18	271.126	17180
8.14455e-18	269.26	17190
8.09492e-18	267.364	17200
8.12297e-18	268.353	17210
8.1791e-18	270.494	17220
8.11887e-18	268.204	17230
8.13445e-18	268.786	17240
8.11247e-18	268.082	17250
8.16327e-18	269.816	17260
8.13471e-18	268.889	17270
8.03302e-18	265.15	17280
8.21011e-18	271.433	17290
8.24696e-18	272.972	17300
8.16169e-18	269.836	17310
8.16159e-18	269.803	17320
8.10592e-18	267.839	17330
8.13304e-18	268.73	17340
8.10971e-18	267.903	17350
8.06423e-18	266.302	17360
8.05552e-18	265.985	17370
8.07535e-18	266.68	17380
8.09599e-18	267.355	17390
8.12517e-18	268.504	17400
8.04243e-18	265.452	17410
8.10947e-18	267.876	17420
8.09946e-18	267.599	17430
8.0941e-18	267.291	17440
8.09022e-18	267.27	17450
8.07848e-18	266.768	17460
8.00123e-18	264.053	17470
8.00731e-18	264.159	17480
8.15913e-18	269.708	17490
8.08743e-18	267.19	17500
7.91583e-18	260.952	17510
8.04232e-18	265.4	17520
8.13746e-18	268.88	17530
8.08683e-18	267.185	17540
8.04078e-18	265.501	17550
7.97392e-18	262.964	17560
7.98529e-18	263.417	17570
8.11147e-18	267.874	17580
8.14974e-18	269.412	17590
8.12285e-18	268.323	17600
8.10243e-18	267.678	17610
8.10188e-18	267.679	17620
8.08837e-18	267.107	17630
8.02659e-18	264.936	17640
8.09902e-18	267.511	17650
8.12768e-18	268.515	17660
8.10986e-18	268.025	17670
8.06127e-18	266.127	17680
8.06351e-18	266.264	17690
7.98193e-18	263.434	17700
7.82372e-18	257.624	17710
7.91951e-18	260.955	17720
8.07222e-18	266.545	17730
8.01605e-18	264.553	17740
8.05663e-18	266.003	17750
7.94763e-18	262.142	17760
7.97416e-18	262.973	17770
7.94159e-18	261.826	17780
8.12315e-18	268.317	17790
8.02292e-18	264.927	17800
8.02858e-18	264.929	17810
8.06354e-18	266.239	17820
8.10704e-18	267.849	17830
7.94945e-18	262.224	17840
7.95648e-18	262.342	17850
8.0562e-18	265.976	17860
8.15418e-18	269.314	17870
8.28055e-18	274.163	17880
8.17975e-18	270.51	17890
8.08295e-18	266.93	17900
8.13535e-18	268.888	17910
8.11904e-18	268.265	17920
8.04652e-18	265.659	17930
8.00881e-18	264.305	17940
8.02854e-18	265.025	17950
7.99726e-18	263.854	17960
8.18577e-18	270.549	17970
8.07305e-18	266.776	17980
8.07368e-18	266.495	17990
8.19823e-18	271.069	18000
8.27812e-18	274.035	18010
8.17529e-18	270.3	18020
8.18023e-18	270.464	18030
8.33364e-18	275.938	18040
8.23531e-18	272.599	18050
8.22915e-18	272.183	18060
8.33852e-18	276.235	18070
8.21192e-18	271.619	18080
8.26205e-18	273.517	18090
8.18272e-18	270.522	18100
8.28574e-18	274.272	18110
8.20672e-18	271.475	18120
8.11158e-18	268.036	18130
8.14236e-18	269.102	18140
8.17297e-18	270.119	18150
8.19374e-18	271.027	18160
8.12104e-18	268.289	18170
8.08068e-18	266.898	18180
8.10379e-18	267.695	18190
8.18084e-18	270.482	18200
8.19139e-18	270.863	18210
8.20289e-18	271.335	18220
8.06151e-18	266.278	18230
8.13571e-18	268.747	18240
8.22273e-18	271.952	18250
8.11809e-18	268.434	18260
8.11718e-18	267.933	18270
8.39326e-18	278.184	18280
8.21746e-18	271.886	18290
8.27924e-18	273.824	18300
8.41602e-18	279.109	18310
8.26465e-18	273.597	18320
8.0936e-18	267.281	18330
8.35341e-18	276.693	18340
8.31939e-18	275.497	18350
8.25053e-18	272.978	18360
8.28425e-18	274.259	18370
8.34134e-18	276.221	18380
8.2878e-18	274.438	18390
8.29729e-18	274.632	18400
8.3349e-18	276.109	18410
8.23426e-18	272.483	18420
8.14493e-18	269.169	18430
8.25007e-18	272.928	18440
8.3644e-18	277.076	18450
8.29137e-18	274.552	18460
8.19219e-18	270.856	18470
8.30964e-18	275.201	18480
8.18392e-18	270.635	18490
8.20063e-18	271.191	18500
8.18637e-18	270.658	18510
8.25959e-18	273.277	18520
8.24285e-18	272.78	18530
8.29804e-18	274.725	18540
8.11537e-18	268.186	18550
8.18999e-18	270.706	18560
8.29913e-18	274.811	18570
8.02044e-18	264.81	18580
8.22765e-18	272.085	18590
8.15753e-18	269.712	18600
8.15145e-18	269.405	18610
8.21966e-18	271.847	18620
8.20147e-18	271.273	18630
8.10538e-18	267.808	18640
8.10446e-18	267.613	18650
8.22992e-18	272.241	18660
8.20365e-18	271.368	18670
8.28992e-18	274.32	18680
8.25562e-18	273.312	18690
8.12069e-18	268.353	18700
8.09905e-18	267.453	18710
8.16044e-18	269.747	18720
8.1725e-18	270.259	18730
8.14144e-18	269.02	18740
8.19195e-18	270.906	18750
8.11804e-18	268.166	18760
8.15223e-18	269.448	18770
8.1463e-18	269.31	18780
8.08229e-18	266.903	18790
8.07938e-18	266.847	18800
8.19251e-18	270.774	18810
8.25698e-18	273.277	18820
8.22634e-18	272.074	18830
8.16505e-18	270.041	18840
8.15111e-18	269.378	18850
8.15926e-18	269.715	18860
8.15521e-18	269.563	18870
8.2448e-18	272.686	18880
8.25136e-18	273.123	18890
8.13073e-18	268.77	18900
7.94535e-18	262.142	18910
8.04396e-18	265.338	18920
8.06587e-18	266.448	18930
8.09456e-18	267.35	18940
8.11567e-18	268.049	18950
8.19489e-18	271.081	18960
8.05955e-18	266.049	18970
8.07915e-18	266.893	18980
8.11312e-18	267.953	18990
8.18457e-18	270.561	19000
8.26374e-18	273.527	19010
8.18925e-18	270.728	19020
8.18731e-18	270.773	19030
8.27604e-18	273.892	19040
8.23251e-18	272.441	19050
8.11585e-18	268.191	19060
8.14562e-18	269.158	19070
8.19303e-18	270.888	19080
8.26164e-18	273.428	19090
8.25881e-18	273.322	19100
8.18121e-18	270.57	19110
8.20383e-18	271.265	19120
8.21336e-18	271.649	19130
8.23902e-18	272.6	19140
8.17929e-18	270.508	19150
8.06298e-18	266.295	19160
8.12576e-18	268.47	19170
8.0806e-18	266.823	19180
8.16196e-18	269.852	19190
8.14719e-18	269.2	19200
8.2074e-18	271.509	19210
8.08724e-18	267.173	19220
8.0781e-18	266.818	19230
8.10908e-18	267.855	19240
8.13544e-18	268.828	19250
8.15556e-18	269.544	19260
8.23049e-18	272.237	19270
8.22699e-18	272.25	19280
8.21571e-18	271.7	19290
8.17846e-18	270.362	19300
8.24704e-18	273.001	19310
7.9637e-18	262.664	19320
8.176e-18	270.214	19330
8.14421e-18	269.23	19340
8.02477e-18	264.942	19350
8.04623e-18	265.552	19360
8.10847e-18	267.889	19370
8.08968e-18	267.236	19380
8.06318e-18	266.212	19390
8.08544e-18	267.164	19400
8.08981e-18	267.141	19410
8.09144e-18	267.344	19420
8.04251e-18	265.443	19430
8.02053e-18	264.722	19440
7.98734e-18	263.516	19450
8.0147e-18	264.475	19460
8.06366e-18	266.258	19470
8.04701e-18	265.651	19480
8.11071e-18	267.951	19490
8.10074e-18	267.671	19500
7.98231e-18	263.312	19510
7.95761e-18	262.465	19520
7.93601e-18	261.652	19530
7.95194e-18	262.28	19540
7.91766e-18	260.915	19550
8.01909e-18	264.678	19560
7.93272e-18	261.621	19570
7.9838e-18	263.206	19580
8.10673e-18	267.831	19590
8.03096e-18	265.116	19600
7.97882e-18	263.214	19610
7.98892e-18	263.53	19620
7.97089e-18	262.978	19630
7.82783e-18	257.802	19640
7.96834e-18	262.688	19650
8.04865e-18	265.779	19660
7.99428e-18	263.678	19670
8.04643e-18	265.678	19680
7.99888e-18	263.888	19690
8.10876e-18	267.864	19700
8.05229e-18	265.947	19710
7.89436e-18	260.176	19720
7.93523e-18	261.533	19730
7.98396e-18	263.28	19740
8.18395e-18	270.629	19750
8.12142e-18	268.326	19760
8.20767e-18	271.488	19770
8.15152e-18	269.397	19780
8.07342e-18	266.709	19790
8.03931e-18	265.394	19800
8.06165e-18	266.133	19810
8.22192e-18	271.905	19820
8.18937e-18	270.923	19830
8.11769e-18	268.167	19840
8.0919e-18	267.288	19850
8.1247e-18	268.38	19860
8.22555e-18	272.093	19870
8.20111e-18	271.3	19880
8.10618e-18	267.802	19890
8.1159e-18	268.088	19900
8.14115e-18	269.108	19910
8.14347e-18	269.143	19920
8.15522e-18	269.51	19930
8.26267e-18	273.48	19940
8.12936e-18	268.723	19950
8.11701e-18	268.13	19960
8.13912e-18	268.935	19970
8.20908e-18	271.525	19980
8.18913e-18	270.807	19990
8.11495e-18	268.153	20000
