1.96041e-18	0.00298078	0
1.97063e-18	0.362263	10
1.99788e-18	1.33605	20
2.0434e-18	2.96925	30
2.10943e-18	5.34176	40
2.19948e-18	8.57981	50
2.31889e-18	12.8744	60
2.47554e-18	18.5091	70
2.68091e-18	25.8961	80
2.95071e-18	35.6006	90
3.30208e-18	48.2438	100
3.73367e-18	63.8042	110
4.1379e-18	78.5166	120
4.06887e-18	76.5339	130
3.15629e-18	43.7286	140
3.33934e-18	49.1288	150
4.52727e-18	92.2666	160
4.91657e-18	106.77	170
4.92609e-18	107.159	180
4.98712e-18	109.29	190
5.14039e-18	114.823	200
5.0954e-18	113.492	210
4.39461e-18	88.4864	220
4.11836e-18	77.6596	230
5.12568e-18	113.669	240
6.10248e-18	149.228	250
6.69022e-18	170.598	260
7.16463e-18	187.797	270
7.32453e-18	193.974	280
6.55591e-18	166.772	290
5.80197e-18	138.773	300
6.70939e-18	170.778	310
7.98137e-18	216.956	320
8.75858e-18	245.338	330
8.90383e-18	250.979	340
8.71043e-18	244.029	350
8.60653e-18	240.136	360
8.7088e-18	243.747	370
8.9396e-18	252.084	380
9.0504e-18	256.049	390
9.68636e-18	278.664	400
1.0494e-17	307.93	410
1.02275e-17	299.44	420
9.90571e-18	286.913	430
9.97233e-18	289.563	440
9.22998e-18	263.879	450
1.09726e-17	324.984	460
1.06915e-17	316.478	470
1.09819e-17	323.658	480
1.00238e-17	292.642	490
1.13496e-17	340.444	500
1.24083e-17	375.303	510
1.2534e-17	383.496	520
1.23289e-17	374.018	530
1.1681e-17	350.822	540
1.0463e-17	308.847	550
1.0199e-17	297.087	560
1.07004e-17	317.476	570
1.3768e-17	425.588	580
1.39891e-17	434.24	590
1.24062e-17	377.852	600
1.36873e-17	422.124	610
1.29062e-17	398.13	620
1.28057e-17	392.11	630
1.31021e-17	402.473	640
1.24226e-17	377.164	650
1.23011e-17	373.883	660
1.17446e-17	353.391	670
1.14077e-17	341.053	680
1.11586e-17	332.573	690
1.07612e-17	318.677	700
1.04747e-17	307.88	710
9.71138e-18	280.269	720
9.8718e-18	285.963	730
8.92246e-18	251.934	740
9.34137e-18	266.812	750
9.20603e-18	261.12	760
9.90384e-18	287.093	770
9.25987e-18	264.515	780
8.61505e-18	239.855	790
8.87894e-18	250.17	800
9.07841e-18	256.935	810
9.26455e-18	263.992	820
8.90017e-18	251.087	830
8.40966e-18	233.307	840
8.17406e-18	224.487	850
8.39346e-18	232.313	860
8.50253e-18	236.452	870
8.3633e-18	231.483	880
8.2e-18	225.287	890
8.58287e-18	239.514	900
8.56534e-18	237.643	910
9.51568e-18	272.866	920
9.48303e-18	272.001	930
9.1422e-18	259.694	940
8.5232e-18	237.441	950
8.35568e-18	231.449	960
8.06138e-18	220.183	970
9.07921e-18	257.078	980
8.73156e-18	244.088	990
9.17184e-18	260.975	1000
8.87314e-18	250.005	1010
8.78102e-18	246.216	1020
9.05491e-18	256.463	1030
8.29908e-18	230.092	1040
8.00433e-18	217.783	1050
8.15108e-18	224.035	1060
8.21232e-18	225.852	1070
8.21922e-18	226.317	1080
7.89036e-18	214.819	1090
7.23851e-18	190.969	1100
7.66846e-18	206.023	1110
8.00316e-18	218.465	1120
7.46465e-18	199.17	1130
7.41153e-18	197.526	1140
7.12118e-18	186.125	1150
7.96533e-18	216.973	1160
7.89235e-18	214.328	1170
8.69338e-18	242.844	1180
9.02432e-18	255.664	1190
8.11296e-18	222.72	1200
8.22039e-18	225.996	1210
8.26753e-18	228.59	1220
7.68114e-18	206.443	1230
8.56934e-18	239.293	1240
8.33543e-18	230.352	1250
9.01503e-18	254.53	1260
8.8188e-18	248.686	1270
8.12917e-18	223.209	1280
8.20668e-18	225.893	1290
8.08878e-18	221.615	1300
7.93434e-18	216.13	1310
7.80462e-18	211.11	1320
7.50893e-18	201.034	1330
8.30373e-18	228.704	1340
8.26872e-18	228.631	1350
8.026e-18	219.226	1360
8.02333e-18	219.09	1370
8.15221e-18	223.436	1380
8.6081e-18	240.534	1390
8.06247e-18	220.571	1400
8.8557e-18	248.712	1410
9.1004e-18	258.14	1420
9.3955e-18	268.264	1430
9.81015e-18	283.73	1440
9.09385e-18	258.513	1450
9.16312e-18	259.302	1460
9.74648e-18	282.368	1470
8.5331e-18	236.589	1480
9.39101e-18	269.391	1490
9.91564e-18	286.249	1500
9.44688e-18	271.97	1510
9.77244e-18	282.201	1520
9.39238e-18	268.891	1530
9.74709e-18	281.567	1540
8.67704e-18	243.759	1550
8.03147e-18	219.588	1560
8.27961e-18	228.602	1570
7.09994e-18	185.316	1580
8.66848e-18	242.374	1590
8.33683e-18	230.503	1600
8.44511e-18	234.588	1610
8.07628e-18	221.097	1620
8.12884e-18	223.024	1630
8.40737e-18	232.949	1640
8.20392e-18	225.857	1650
8.01849e-18	219.162	1660
7.80073e-18	210.906	1670
8.00643e-18	218.879	1680
7.42936e-18	197.531	1690
8.38985e-18	231.953	1700
8.13393e-18	223.682	1710
7.56172e-18	203.074	1720
7.36445e-18	195.152	1730
8.08427e-18	220.883	1740
8.37536e-18	231.999	1750
7.98209e-18	217.977	1760
7.50209e-18	200.514	1770
7.37254e-18	195.659	1780
7.38009e-18	195.844	1790
7.49223e-18	199.973	1800
7.4283e-18	197.719	1810
7.32394e-18	193.601	1820
7.75495e-18	209.372	1830
7.72228e-18	208.366	1840
7.6096e-18	204.242	1850
7.59863e-18	203.828	1860
7.64054e-18	205.283	1870
7.74171e-18	208.959	1880
7.72247e-18	208.296	1890
7.67507e-18	206.623	1900
7.64812e-18	205.637	1910
7.59675e-18	203.681	1920
7.67856e-18	206.687	1930
7.66712e-18	206.329	1940
7.70226e-18	207.517	1950
7.76458e-18	209.816	1960
7.85372e-18	212.96	1970
7.9583e-18	216.729	1980
7.969e-18	217.269	1990
7.98821e-18	217.787	2000
8.0046e-18	218.551	2010
8.11896e-18	222.415	2020
8.2696e-18	228.173	2030
8.14854e-18	223.648	2040
8.17151e-18	224.586	2050
8.21904e-18	226.131	2060
8.38548e-18	232.216	2070
8.40756e-18	233.094	2080
8.372e-18	231.741	2090
8.40496e-18	232.85	2100
8.39747e-18	232.732	2110
8.53392e-18	237.483	2120
8.58929e-18	239.725	2130
8.57838e-18	239.183	2140
8.6276e-18	240.992	2150
8.66441e-18	242.284	2160
8.72074e-18	244.303	2170
8.76525e-18	246.065	2180
8.73138e-18	244.685	2190
8.65922e-18	242.162	2200
8.64018e-18	241.639	2210
8.56204e-18	238.496	2220
8.75498e-18	245.571	2230
8.803e-18	247.294	2240
8.78732e-18	246.877	2250
8.63993e-18	241.484	2260
8.68928e-18	243.155	2270
8.7779e-18	246.336	2280
8.8415e-18	248.844	2290
8.71205e-18	244.067	2300
8.76703e-18	246.065	2310
8.74807e-18	245.269	2320
8.82558e-18	248.195	2330
8.84512e-18	248.85	2340
8.9088e-18	251.029	2350
8.96484e-18	253.269	2360
8.85819e-18	249.341	2370
8.90991e-18	251.169	2380
9.02311e-18	255.266	2390
9.00244e-18	254.602	2400
8.91626e-18	251.464	2410
9.00845e-18	254.635	2420
9.16723e-18	260.489	2430
9.15772e-18	260.119	2440
9.0959e-18	257.931	2450
9.15304e-18	259.947	2460
9.19563e-18	261.622	2470
9.01605e-18	254.926	2480
9.1749e-18	260.832	2490
9.06078e-18	256.711	2500
9.02282e-18	255.194	2510
9.11601e-18	258.672	2520
9.13011e-18	259.096	2530
9.3605e-18	267.337	2540
9.31987e-18	266.116	2550
9.22861e-18	262.763	2560
9.20941e-18	262.035	2570
9.1293e-18	259.165	2580
9.27819e-18	264.388	2590
9.35923e-18	267.461	2600
9.1321e-18	259.478	2610
8.98572e-18	253.814	2620
9.24809e-18	263.284	2630
9.28268e-18	264.8	2640
9.22908e-18	262.797	2650
9.12259e-18	258.855	2660
9.05146e-18	256.452	2670
9.04521e-18	256.019	2680
9.0892e-18	257.701	2690
9.09023e-18	257.58	2700
9.26365e-18	264.046	2710
9.25738e-18	263.67	2720
9.28828e-18	264.955	2730
9.2417e-18	263.203	2740
9.21077e-18	262.078	2750
9.11112e-18	258.515	2760
9.2024e-18	261.847	2770
9.09321e-18	257.764	2780
9.23582e-18	262.998	2790
9.09693e-18	257.925	2800
9.25653e-18	263.681	2810
9.17055e-18	260.72	2820
9.28147e-18	264.575	2830
9.32337e-18	266.202	2840
9.10148e-18	258.175	2850
9.23318e-18	262.736	2860
9.35063e-18	267.044	2870
9.39719e-18	268.97	2880
9.21479e-18	262.252	2890
9.32315e-18	266.084	2900
9.38488e-18	268.42	2910
9.4673e-18	271.282	2920
9.48202e-18	271.898	2930
9.46955e-18	271.468	2940
9.37768e-18	268.155	2950
9.28448e-18	264.825	2960
9.43614e-18	270.173	2970
9.37683e-18	268.082	2980
9.35523e-18	267.288	2990
9.45467e-18	270.845	3000
9.36414e-18	267.727	3010
9.31825e-18	265.867	3020
9.22843e-18	262.759	3030
9.27529e-18	264.382	3040
9.28223e-18	264.648	3050
9.32339e-18	266.203	3060
9.25506e-18	263.646	3070
9.36631e-18	267.601	3080
9.43354e-18	270.182	3090
9.28812e-18	265.008	3100
9.08128e-18	257.305	3110
9.35605e-18	267.306	3120
9.36447e-18	267.603	3130
9.35061e-18	267.167	3140
9.35687e-18	267.242	3150
9.45446e-18	271.014	3160
9.31352e-18	265.802	3170
9.3559e-18	267.207	3180
9.32269e-18	266.237	3190
9.33599e-18	266.468	3200
9.45449e-18	270.885	3210
9.34425e-18	267.067	3220
9.29164e-18	264.846	3230
9.42022e-18	269.655	3240
9.41068e-18	269.327	3250
9.55429e-18	274.44	3260
9.49419e-18	272.349	3270
9.60042e-18	276.061	3280
9.49695e-18	272.46	3290
9.49838e-18	272.474	3300
9.48007e-18	271.88	3310
9.4828e-18	271.802	3320
9.4633e-18	271.298	3330
9.42049e-18	269.56	3340
9.55772e-18	274.639	3350
9.50398e-18	272.632	3360
9.47877e-18	271.879	3370
9.4384e-18	270.312	3380
9.32508e-18	266.233	3390
9.35381e-18	267.244	3400
9.32511e-18	266.226	3410
9.46044e-18	271.095	3420
9.42043e-18	269.621	3430
9.45106e-18	270.838	3440
9.38624e-18	268.324	3450
9.48054e-18	271.895	3460
9.31207e-18	265.829	3470
9.26667e-18	264.078	3480
9.29115e-18	264.974	3490
9.23253e-18	262.942	3500
9.2662e-18	264.009	3510
9.28972e-18	264.899	3520
9.34348e-18	266.89	3530
9.40578e-18	269.154	3540
9.24107e-18	263.279	3550
9.26198e-18	263.845	3560
9.44084e-18	270.353	3570
9.42107e-18	269.788	3580
9.38924e-18	268.621	3590
9.39929e-18	268.86	3600
9.47091e-18	271.442	3610
9.46883e-18	271.397	3620
9.42833e-18	270.029	3630
9.39113e-18	268.525	3640
9.51512e-18	273.115	3650
9.41366e-18	269.367	3660
9.57044e-18	275.096	3670
9.49665e-18	272.429	3680
9.43378e-18	270.249	3690
9.44452e-18	270.432	3700
9.59071e-18	275.855	3710
9.54721e-18	274.247	3720
9.54328e-18	274.109	3730
9.47079e-18	271.558	3740
9.45184e-18	270.691	3750
9.44295e-18	270.605	3760
9.23643e-18	263.105	3770
9.1935e-18	261.409	3780
9.3895e-18	268.51	3790
9.4534e-18	270.772	3800
9.40865e-18	269.453	3810
9.21132e-18	261.975	3820
9.39086e-18	268.616	3830
9.27477e-18	264.498	3840
9.22501e-18	262.489	3850
9.38147e-18	268.227	3860
9.37183e-18	268.013	3870
9.2153e-18	262.325	3880
9.12511e-18	258.989	3890
9.31707e-18	265.752	3900
9.34085e-18	266.915	3910
9.23364e-18	262.883	3920
9.24068e-18	263.207	3930
9.13855e-18	259.483	3940
9.20621e-18	261.987	3950
9.1093e-18	258.384	3960
9.11759e-18	258.765	3970
9.16184e-18	260.375	3980
9.13649e-18	259.387	3990
9.1629e-18	260.348	4000
9.15449e-18	260.044	4010
9.23165e-18	262.831	4020
9.20874e-18	262.075	4030
9.12991e-18	259.213	4040
9.10327e-18	258.238	4050
9.16386e-18	260.296	4060
9.21539e-18	262.25	4070
9.28196e-18	264.657	4080
9.19544e-18	261.567	4090
9.24841e-18	263.445	4100
9.28966e-18	264.88	4110
9.31046e-18	265.729	4120
9.32569e-18	266.167	4130
9.46083e-18	271.08	4140
9.52491e-18	273.475	4150
9.48002e-18	271.811	4160
9.39866e-18	268.895	4170
9.43305e-18	270.065	4180
9.45191e-18	270.849	4190
9.40492e-18	269.11	4200
9.49405e-18	272.258	4210
9.49644e-18	272.492	4220
9.30114e-18	265.303	4230
9.36025e-18	267.542	4240
9.3166e-18	265.88	4250
9.33523e-18	266.596	4260
9.37743e-18	268.11	4270
9.26895e-18	264.155	4280
9.37326e-18	267.932	4290
9.31952e-18	266.019	4300
9.26298e-18	263.989	4310
9.34495e-18	266.835	4320
9.33372e-18	266.54	4330
9.4008e-18	268.923	4340
9.32706e-18	266.363	4350
9.39185e-18	268.516	4360
9.43001e-18	270.095	4370
9.29192e-18	265.13	4380
9.23815e-18	263.033	4390
9.36881e-18	267.768	4400
9.35626e-18	267.417	4410
9.23872e-18	263.137	4420
9.3607e-18	267.417	4430
9.34487e-18	266.908	4440
9.42059e-18	269.698	4450
9.38685e-18	268.517	4460
9.3025e-18	265.425	4470
9.38172e-18	268.149	4480
9.39367e-18	268.75	4490
9.41094e-18	269.28	4500
9.28471e-18	264.802	4510
9.40451e-18	269.054	4520
9.42395e-18	269.797	4530
9.49022e-18	272.159	4540
9.47158e-18	271.542	4550
9.46444e-18	271.221	4560
9.46026e-18	271.261	4570
9.30252e-18	265.277	4580
9.427e-18	269.932	4590
9.38968e-18	268.576	4600
9.39733e-18	268.835	4610
9.30745e-18	265.496	4620
9.4153e-18	269.481	4630
9.34408e-18	266.976	4640
9.29887e-18	265.32	4650
9.28294e-18	264.552	4660
9.32774e-18	266.301	4670
9.3842e-18	268.377	4680
9.40747e-18	269.112	4690
9.35713e-18	267.353	4700
9.33691e-18	266.756	4710
9.2878e-18	264.809	4720
9.4023e-18	268.94	4730
9.49143e-18	272.227	4740
9.5838e-18	275.54	4750
9.5214e-18	273.386	4760
9.44156e-18	270.413	4770
9.45735e-18	271.042	4780
9.50457e-18	272.7	4790
9.39772e-18	268.803	4800
9.50371e-18	272.673	4810
9.56223e-18	274.824	4820
9.49687e-18	272.38	4830
9.4387e-18	270.432	4840
9.40175e-18	269.077	4850
9.29754e-18	265.155	4860
9.47555e-18	271.663	4870
9.3332e-18	266.581	4880
9.3994e-18	268.75	4890
9.4243e-18	269.789	4900
9.47061e-18	271.452	4910
9.42685e-18	270.047	4920
9.31085e-18	265.667	4930
9.36361e-18	267.504	4940
9.37046e-18	267.922	4950
9.40142e-18	268.965	4960
9.32619e-18	266.402	4970
9.21918e-18	262.383	4980
9.34041e-18	266.706	4990
9.33469e-18	266.542	5000
9.40506e-18	269.124	5010
9.26852e-18	264.274	5020
9.17543e-18	260.738	5030
9.23449e-18	263.014	5040
9.19761e-18	261.514	5050
9.23196e-18	262.951	5060
9.20784e-18	261.904	5070
9.33192e-18	266.508	5080
9.18113e-18	261.069	5090
9.09888e-18	258.048	5100
9.18808e-18	261.266	5110
9.16588e-18	260.569	5120
9.10153e-18	258.074	5130
9.14972e-18	259.922	5140
9.04464e-18	255.989	5150
9.08589e-18	257.594	5160
9.22106e-18	262.277	5170
9.29589e-18	265.226	5180
9.11278e-18	258.709	5190
9.15269e-18	259.906	5200
9.11543e-18	258.684	5210
9.178e-18	260.854	5220
9.16445e-18	260.385	5230
9.25246e-18	263.588	5240
9.29052e-18	264.839	5250
9.31552e-18	266.02	5260
9.26149e-18	263.895	5270
9.36674e-18	267.684	5280
9.40623e-18	269.172	5290
9.36612e-18	267.75	5300
9.36002e-18	267.412	5310
9.35241e-18	267.192	5320
9.56764e-18	274.958	5330
9.58127e-18	275.474	5340
9.52637e-18	273.608	5350
9.47594e-18	271.641	5360
9.50849e-18	272.928	5370
9.55059e-18	274.308	5380
9.40262e-18	269.18	5390
9.3562e-18	267.408	5400
9.30371e-18	265.391	5410
9.45389e-18	270.872	5420
9.48182e-18	271.835	5430
9.35237e-18	267.267	5440
9.46311e-18	271.127	5450
9.49024e-18	272.212	5460
9.36656e-18	267.835	5470
9.34109e-18	266.743	5480
9.37544e-18	267.987	5490
9.41509e-18	269.586	5500
9.4272e-18	269.79	5510
9.51133e-18	272.931	5520
9.45625e-18	270.972	5530
9.517e-18	273.301	5540
9.59761e-18	275.79	5550
9.72113e-18	280.688	5560
9.49966e-18	272.641	5570
9.48295e-18	271.911	5580
9.54816e-18	274.24	5590
9.44772e-18	270.78	5600
9.47759e-18	271.629	5610
9.54089e-18	273.951	5620
9.4309e-18	270.185	5630
9.36121e-18	267.508	5640
9.41592e-18	269.52	5650
9.37431e-18	268.045	5660
9.31445e-18	265.783	5670
9.34141e-18	266.818	5680
9.37295e-18	267.96	5690
9.33095e-18	266.511	5700
9.27532e-18	264.353	5710
9.31312e-18	265.869	5720
9.31876e-18	265.869	5730
9.41461e-18	269.489	5740
9.29505e-18	265.164	5750
9.25573e-18	263.815	5760
9.2068e-18	261.93	5770
9.18699e-18	261.294	5780
9.1554e-18	260.026	5790
9.21102e-18	262.175	5800
9.0189e-18	255.318	5810
9.16651e-18	260.337	5820
9.22661e-18	262.715	5830
9.11213e-18	258.479	5840
9.15014e-18	259.971	5850
9.10358e-18	258.121	5860
9.24616e-18	263.38	5870
9.26174e-18	263.915	5880
9.23191e-18	262.844	5890
9.26702e-18	264.177	5900
9.18729e-18	261.235	5910
9.21523e-18	262.228	5920
9.29592e-18	265.147	5930
9.28912e-18	264.944	5940
9.30378e-18	265.359	5950
9.3519e-18	267.169	5960
9.41305e-18	269.428	5970
9.39035e-18	268.633	5980
9.30266e-18	265.455	5990
9.38551e-18	268.388	6000
9.36005e-18	267.485	6010
9.42626e-18	269.827	6020
9.32921e-18	266.56	6030
9.32807e-18	266.29	6040
9.33861e-18	266.626	6050
9.37669e-18	268.245	6060
9.37162e-18	267.804	6070
9.43263e-18	270.108	6080
9.44935e-18	270.589	6090
9.58002e-18	275.443	6100
9.52979e-18	273.673	6110
9.5201e-18	273.226	6120
9.60357e-18	276.208	6130
9.73412e-18	280.98	6140
9.50528e-18	272.882	6150
9.52282e-18	273.316	6160
9.55765e-18	274.575	6170
9.66723e-18	278.615	6180
9.52091e-18	273.207	6190
9.55268e-18	274.528	6200
9.67844e-18	278.946	6210
9.59522e-18	275.941	6220
9.64156e-18	277.746	6230
9.54516e-18	274.159	6240
9.48796e-18	272.138	6250
9.52521e-18	273.551	6260
9.33735e-18	266.772	6270
9.21355e-18	262.142	6280
9.41845e-18	269.526	6290
9.32608e-18	266.391	6300
9.28917e-18	264.846	6310
9.33224e-18	266.55	6320
9.35142e-18	267.094	6330
9.31569e-18	265.992	6340
9.2675e-18	264.15	6350
9.34106e-18	266.716	6360
9.20631e-18	262	6370
9.16468e-18	260.464	6380
9.31644e-18	265.857	6390
9.28087e-18	264.699	6400
9.20525e-18	261.977	6410
9.02027e-18	255.199	6420
9.16725e-18	260.408	6430
9.28592e-18	264.877	6440
9.07072e-18	257.017	6450
9.25042e-18	263.463	6460
9.22458e-18	262.667	6470
9.10336e-18	258.272	6480
9.00316e-18	254.55	6490
9.18922e-18	261.227	6500
9.05764e-18	256.631	6510
9.10078e-18	258.044	6520
9.12405e-18	258.926	6530
9.08827e-18	257.703	6540
9.09205e-18	257.86	6550
9.06345e-18	256.737	6560
9.12811e-18	259.142	6570
8.98735e-18	254.147	6580
9.03123e-18	255.522	6590
9.14523e-18	259.737	6600
9.1355e-18	259.346	6610
9.26547e-18	264.03	6620
9.21557e-18	262.419	6630
9.03516e-18	255.772	6640
9.0627e-18	256.723	6650
9.09283e-18	257.89	6660
8.99797e-18	254.401	6670
9.18946e-18	261.269	6680
9.23405e-18	263.003	6690
8.97521e-18	253.648	6700
9.08684e-18	257.541	6710
9.13328e-18	259.243	6720
9.10625e-18	258.477	6730
9.20675e-18	261.79	6740
9.26478e-18	264.107	6750
9.34877e-18	266.964	6760
9.35255e-18	267.252	6770
9.26592e-18	264.249	6780
9.17924e-18	260.827	6790
9.2547e-18	263.754	6800
9.29101e-18	264.932	6810
9.36775e-18	267.725	6820
9.35221e-18	267.275	6830
9.33694e-18	266.624	6840
9.36033e-18	267.535	6850
9.16217e-18	260.412	6860
9.16289e-18	260.338	6870
9.3321e-18	266.486	6880
9.24945e-18	263.525	6890
9.30907e-18	265.557	6900
9.36324e-18	267.573	6910
9.40569e-18	269.212	6920
9.43691e-18	270.238	6930
9.39646e-18	268.922	6940
9.31121e-18	265.753	6950
9.39046e-18	268.662	6960
9.24969e-18	263.382	6970
9.53409e-18	273.704	6980
9.52584e-18	273.589	6990
9.45379e-18	270.8	7000
9.50064e-18	272.671	7010
9.30858e-18	265.7	7020
9.42205e-18	269.612	7030
9.49703e-18	272.572	7040
9.44286e-18	270.357	7050
9.5025e-18	272.693	7060
9.45468e-18	270.927	7070
9.41096e-18	269.379	7080
9.38109e-18	268.259	7090
9.51662e-18	273.063	7100
9.46399e-18	271.365	7110
9.479e-18	271.659	7120
9.51946e-18	273.422	7130
9.43875e-18	270.277	7140
9.55569e-18	274.481	7150
9.49276e-18	272.41	7160
9.49486e-18	272.303	7170
9.50071e-18	272.596	7180
9.51666e-18	273.192	7190
9.43556e-18	270.212	7200
9.47304e-18	271.565	7210
9.51719e-18	273.117	7220
9.55409e-18	274.492	7230
9.59843e-18	276.029	7240
9.63648e-18	277.606	7250
9.47709e-18	271.803	7260
9.5002e-18	272.467	7270
9.6366e-18	277.421	7280
9.57368e-18	275.323	7290
9.5941e-18	275.858	7300
9.55487e-18	274.559	7310
9.56017e-18	274.749	7320
9.53966e-18	273.949	7330
9.73833e-18	281.139	7340
9.6084e-18	276.529	7350
9.51412e-18	273.109	7360
9.62977e-18	277.24	7370
9.49401e-18	272.352	7380
9.59532e-18	275.918	7390
9.67945e-18	279.063	7400
9.63455e-18	277.45	7410
9.56969e-18	275.146	7420
9.59231e-18	275.963	7430
9.50715e-18	272.792	7440
9.53927e-18	274.074	7450
9.52878e-18	273.643	7460
9.4399e-18	270.331	7470
9.59209e-18	275.929	7480
9.55652e-18	274.637	7490
9.44076e-18	270.537	7500
9.5214e-18	273.228	7510
9.62548e-18	277.086	7520
9.41149e-18	269.6	7530
9.37239e-18	267.794	7540
9.42833e-18	270.022	7550
9.38188e-18	268.419	7560
9.27872e-18	264.519	7570
9.35735e-18	267.434	7580
9.22935e-18	262.834	7590
9.23627e-18	262.986	7600
9.25142e-18	263.612	7610
9.25647e-18	263.715	7620
9.23574e-18	263.061	7630
9.25426e-18	263.591	7640
9.27197e-18	264.359	7650
9.34711e-18	267.025	7660
9.33245e-18	266.507	7670
9.28493e-18	264.849	7680
9.25547e-18	263.837	7690
9.19273e-18	261.458	7700
9.29357e-18	265.206	7710
9.10063e-18	258.191	7720
9.11593e-18	258.701	7730
9.12646e-18	259.126	7740
9.06262e-18	256.712	7750
9.15094e-18	260.019	7760
9.04619e-18	256.163	7770
9.11615e-18	258.668	7780
9.19017e-18	261.28	7790
9.24799e-18	263.509	7800
9.20523e-18	261.86	7810
9.3482e-18	267.056	7820
9.27066e-18	264.374	7830
9.26092e-18	263.937	7840
9.22372e-18	262.663	7850
9.272e-18	264.32	7860
9.28216e-18	264.734	7870
9.09924e-18	258.118	7880
9.23853e-18	263.054	7890
9.29805e-18	265.221	7900
9.32596e-18	266.243	7910
9.39132e-18	268.69	7920
9.31689e-18	266.03	7930
9.19687e-18	261.683	7940
9.28763e-18	264.828	7950
9.30459e-18	265.522	7960
9.34997e-18	267.06	7970
9.41876e-18	269.625	7980
9.46109e-18	271.17	7990
9.35716e-18	267.478	8000
9.30609e-18	265.552	8010
9.27504e-18	264.51	8020
9.30799e-18	265.638	8030
9.28639e-18	264.888	8040
9.35591e-18	267.402	8050
9.38946e-18	268.479	8060
9.5309e-18	273.756	8070
9.30547e-18	265.703	8080
9.30144e-18	265.255	8090
9.36048e-18	267.644	8100
9.22088e-18	262.554	8110
9.4744e-18	271.455	8120
9.48258e-18	272.145	8130
9.34796e-18	267.057	8140
9.51309e-18	272.933	8150
9.43643e-18	270.324	8160
9.44461e-18	270.507	8170
9.49065e-18	272.337	8180
9.37057e-18	267.876	8190
9.47214e-18	271.578	8200
9.38114e-18	268.329	8210
9.41025e-18	269.258	8220
9.57434e-18	275.317	8230
9.44763e-18	270.631	8240
9.54081e-18	274.058	8250
9.5332e-18	273.823	8260
9.41924e-18	269.711	8270
9.50804e-18	272.887	8280
9.4222e-18	269.746	8290
9.46704e-18	271.327	8300
9.51178e-18	273.069	8310
9.42468e-18	269.752	8320
9.5009e-18	272.742	8330
9.37817e-18	268.151	8340
9.30107e-18	265.567	8350
9.30135e-18	265.337	8360
9.33749e-18	266.642	8370
9.49836e-18	272.528	8380
9.37442e-18	268.15	8390
9.41542e-18	269.376	8400
9.47026e-18	271.624	8410
9.32554e-18	266.283	8420
9.2757e-18	264.416	8430
9.38422e-18	268.407	8440
9.35941e-18	267.617	8450
9.34825e-18	266.889	8460
9.57266e-18	275.175	8470
9.40691e-18	269.362	8480
9.40849e-18	269.331	8490
9.33881e-18	266.71	8500
9.39879e-18	268.921	8510
9.39764e-18	268.911	8520
9.35146e-18	267.244	8530
9.3603e-18	267.569	8540
9.35026e-18	267.144	8550
9.37667e-18	268.13	8560
9.31439e-18	265.909	8570
9.29622e-18	265.295	8580
9.36301e-18	267.456	8590
9.3911e-18	268.643	8600
9.46639e-18	271.373	8610
9.45621e-18	271.001	8620
9.4139e-18	269.539	8630
9.35075e-18	267.248	8640
9.30409e-18	265.524	8650
9.19865e-18	261.755	8660
9.27849e-18	264.494	8670
9.44671e-18	270.553	8680
9.48869e-18	272.146	8690
9.47417e-18	271.719	8700
9.48585e-18	272.024	8710
9.57997e-18	275.475	8720
9.31494e-18	266.04	8730
9.30891e-18	265.62	8740
9.4006e-18	268.946	8750
9.43418e-18	270.173	8760
9.44964e-18	270.857	8770
9.26745e-18	264.315	8780
9.2581e-18	263.857	8790
9.35628e-18	267.292	8800
9.30551e-18	265.583	8810
9.34658e-18	267.019	8820
9.35189e-18	267.263	8830
9.30122e-18	265.387	8840
9.42236e-18	269.754	8850
9.31434e-18	265.966	8860
9.32862e-18	266.237	8870
9.36253e-18	267.728	8880
9.34479e-18	266.941	8890
9.38394e-18	268.345	8900
9.43233e-18	270.169	8910
9.41118e-18	269.399	8920
9.25013e-18	263.534	8930
9.42982e-18	270.094	8940
9.27629e-18	264.551	8950
9.27297e-18	264.361	8960
9.37064e-18	267.815	8970
9.49937e-18	272.535	8980
9.50026e-18	272.565	8990
9.47009e-18	271.506	9000
9.36791e-18	267.893	9010
9.26723e-18	264.206	9020
9.28172e-18	264.739	9030
9.26971e-18	264.282	9040
9.32373e-18	266.213	9050
9.25378e-18	263.807	9060
9.23002e-18	262.757	9070
9.29193e-18	265.021	9080
9.31143e-18	265.891	9090
9.24247e-18	263.315	9100
9.23271e-18	262.869	9110
9.34695e-18	266.985	9120
9.3486e-18	267.234	9130
9.12626e-18	259.138	9140
9.18492e-18	261.223	9150
9.0509e-18	256.392	9160
9.22753e-18	262.596	9170
9.28023e-18	264.693	9180
9.19206e-18	261.445	9190
9.2622e-18	263.922	9200
9.29175e-18	265.122	9210
9.2117e-18	262.081	9220
9.18794e-18	261.34	9230
9.17856e-18	260.958	9240
9.13007e-18	259.247	9250
9.22045e-18	262.414	9260
9.29825e-18	265.294	9270
9.16186e-18	260.447	9280
9.15873e-18	260.207	9290
9.08371e-18	257.544	9300
9.18453e-18	261.128	9310
9.3019e-18	265.36	9320
9.36564e-18	267.829	9330
9.2819e-18	264.674	9340
9.2215e-18	262.497	9350
9.30519e-18	265.566	9360
9.23944e-18	263.218	9370
9.21707e-18	262.397	9380
9.28551e-18	264.851	9390
9.25067e-18	263.462	9400
9.43138e-18	270.127	9410
9.38634e-18	268.449	9420
9.3993e-18	268.933	9430
9.44023e-18	270.44	9440
9.25251e-18	263.663	9450
9.38537e-18	268.444	9460
9.36315e-18	267.603	9470
9.45989e-18	271.057	9480
9.4672e-18	271.484	9490
9.39394e-18	268.699	9500
9.38832e-18	268.616	9510
9.28211e-18	264.747	9520
9.18954e-18	261.41	9530
9.38101e-18	268.206	9540
9.46108e-18	271.118	9550
9.56937e-18	275.075	9560
9.51153e-18	273.125	9570
9.42578e-18	269.922	9580
9.47614e-18	271.712	9590
9.49843e-18	272.529	9600
9.50339e-18	272.743	9610
9.65907e-18	278.249	9620
9.52738e-18	273.748	9630
9.48719e-18	272.005	9640
9.58561e-18	275.742	9650
9.54676e-18	274.172	9660
9.58786e-18	275.828	9670
9.53534e-18	273.824	9680
9.44159e-18	270.632	9690
9.45481e-18	270.903	9700
9.66942e-18	278.616	9710
9.60428e-18	276.491	9720
9.52511e-18	273.506	9730
9.67567e-18	278.774	9740
9.78093e-18	282.76	9750
9.77565e-18	282.503	9760
9.70365e-18	280.081	9770
9.67448e-18	278.791	9780
9.66183e-18	278.452	9790
9.61188e-18	276.679	9800
9.65037e-18	278.062	9810
9.56169e-18	274.754	9820
9.62072e-18	276.964	9830
9.60733e-18	276.543	9840
9.62858e-18	277.251	9850
9.40356e-18	269.231	9860
9.43733e-18	270.221	9870
9.50548e-18	272.729	9880
9.44564e-18	270.746	9890
9.44585e-18	270.578	9900
9.46783e-18	271.418	9910
9.41562e-18	269.607	9920
9.42028e-18	269.743	9930
9.26902e-18	264.231	9940
9.24735e-18	263.501	9950
9.35176e-18	267.27	9960
9.20963e-18	262.133	9970
9.35402e-18	267.172	9980
9.3528e-18	267.4	9990
9.23435e-18	263.038	10000
9.15758e-18	260.182	10010
9.33425e-18	266.564	10020
9.26248e-18	264.012	10030
9.24348e-18	263.414	10040
9.16613e-18	260.498	10050
9.2425e-18	263.239	10060
9.2847e-18	264.874	10070
9.19155e-18	261.486	10080
9.24218e-18	263.202	10090
9.23266e-18	262.921	10100
9.36153e-18	267.513	10110
9.36691e-18	267.875	10120
9.39454e-18	268.698	10130
9.30208e-18	265.605	10140
9.21255e-18	262.225	10150
9.3081e-18	265.599	10160
9.38276e-18	268.345	10170
9.30314e-18	265.575	10180
9.13006e-18	259.281	10190
9.27822e-18	264.504	10200
9.28127e-18	264.651	10210
9.38007e-18	268.234	10220
9.24413e-18	263.499	10230
9.30003e-18	265.367	10240
9.2604e-18	263.935	10250
9.29095e-18	264.987	10260
9.40856e-18	269.327	10270
9.37725e-18	268.084	10280
9.49443e-18	272.407	10290
9.35594e-18	267.399	10300
9.35738e-18	267.583	10310
9.23143e-18	262.81	10320
9.36263e-18	267.619	10330
9.47215e-18	271.598	10340
9.51723e-18	273.282	10350
9.40962e-18	269.411	10360
9.25747e-18	263.849	10370
9.36117e-18	267.497	10380
9.48349e-18	271.912	10390
9.4076e-18	269.321	10400
9.39435e-18	268.85	10410
9.2726e-18	264.319	10420
9.45109e-18	270.759	10430
9.4871e-18	272.146	10440
9.3655e-18	267.871	10450
9.31238e-18	265.807	10460
9.23984e-18	263.232	10470
9.3314e-18	266.441	10480
9.37319e-18	267.981	10490
9.36748e-18	267.776	10500
9.28036e-18	264.826	10510
9.16542e-18	260.475	10520
9.27448e-18	264.262	10530
9.37161e-18	268.098	10540
9.14357e-18	259.697	10550
9.32665e-18	266.244	10560
9.46569e-18	271.336	10570
9.37568e-18	268.062	10580
9.44321e-18	270.54	10590
9.39185e-18	268.777	10600
9.48614e-18	271.937	10610
9.49161e-18	272.37	10620
9.41847e-18	269.624	10630
9.38519e-18	268.628	10640
9.24981e-18	263.414	10650
9.32567e-18	266.271	10660
9.43141e-18	270.057	10670
9.41762e-18	269.712	10680
9.35708e-18	267.447	10690
9.35002e-18	267.154	10700
9.43184e-18	270.153	10710
9.21932e-18	262.309	10720
9.29722e-18	265.267	10730
9.44304e-18	270.505	10740
9.461e-18	271.155	10750
9.44647e-18	270.688	10760
9.43726e-18	270.297	10770
9.39686e-18	268.915	10780
9.45556e-18	270.909	10790
9.54606e-18	274.125	10800
9.57808e-18	275.526	10810
9.46104e-18	271.244	10820
9.46863e-18	271.384	10830
9.53661e-18	273.918	10840
9.41343e-18	269.497	10850
9.39016e-18	268.702	10860
9.22433e-18	262.62	10870
9.36135e-18	267.521	10880
9.41618e-18	269.574	10890
9.42438e-18	269.813	10900
9.4267e-18	269.991	10910
9.48332e-18	272.027	10920
9.37332e-18	267.929	10930
9.3842e-18	268.505	10940
9.45169e-18	270.76	10950
9.41904e-18	269.763	10960
9.395e-18	268.781	10970
9.42476e-18	269.914	10980
9.39313e-18	268.681	10990
9.54316e-18	274.027	11000
9.48318e-18	272.024	11010
9.4855e-18	272.062	11020
9.40751e-18	269.286	11030
9.41616e-18	269.502	11040
9.53153e-18	273.729	11050
9.52116e-18	273.33	11060
9.64369e-18	277.676	11070
9.58276e-18	275.634	11080
9.51868e-18	273.352	11090
9.42952e-18	270.022	11100
9.44514e-18	270.633	11110
9.41168e-18	269.353	11120
9.6181e-18	276.807	11130
9.57642e-18	275.391	11140
9.52311e-18	273.471	11150
9.60992e-18	276.556	11160
9.44045e-18	270.379	11170
9.49979e-18	272.616	11180
9.36209e-18	267.591	11190
9.40388e-18	269.095	11200
9.46524e-18	271.261	11210
9.42547e-18	269.987	11220
9.34037e-18	266.785	11230
9.52368e-18	273.334	11240
9.45521e-18	271.013	11250
9.50578e-18	272.771	11260
9.38023e-18	268.351	11270
9.35e-18	267.161	11280
9.37871e-18	268.161	11290
9.48266e-18	271.947	11300
9.46513e-18	271.382	11310
9.48565e-18	272.013	11320
9.51547e-18	273.192	11330
9.39937e-18	268.936	11340
9.45191e-18	270.914	11350
9.2913e-18	265.119	11360
9.26618e-18	264.114	11370
9.50293e-18	272.615	11380
9.51541e-18	273.141	11390
9.38737e-18	268.754	11400
9.19199e-18	261.474	11410
9.26301e-18	263.937	11420
9.32535e-18	266.336	11430
9.2963e-18	265.126	11440
9.39609e-18	268.918	11450
9.20341e-18	261.792	11460
9.36154e-18	267.605	11470
9.31419e-18	265.946	11480
9.20755e-18	262.131	11490
9.16558e-18	260.447	11500
9.27716e-18	264.525	11510
9.31727e-18	265.922	11520
9.41821e-18	269.539	11530
9.3889e-18	268.696	11540
9.35923e-18	267.529	11550
9.37487e-18	267.993	11560
9.4483e-18	270.758	11570
9.28674e-18	264.832	11580
9.39177e-18	268.633	11590
9.3746e-18	268.218	11600
9.26363e-18	264.051	11610
9.22497e-18	262.655	11620
9.24291e-18	263.299	11630
9.24478e-18	263.354	11640
9.3327e-18	266.401	11650
9.27306e-18	264.523	11660
9.26449e-18	264.041	11670
9.4016e-18	268.974	11680
9.46593e-18	271.324	11690
9.37115e-18	268.061	11700
9.30425e-18	265.622	11710
9.22091e-18	262.525	11720
9.29889e-18	265.245	11730
9.31661e-18	266.005	11740
9.28842e-18	264.925	11750
9.32437e-18	266.266	11760
9.32803e-18	266.381	11770
9.31875e-18	265.997	11780
9.43454e-18	270.19	11790
9.37906e-18	268.318	11800
9.26739e-18	264.185	11810
9.38464e-18	268.305	11820
9.45832e-18	271.069	11830
9.50781e-18	272.912	11840
9.42589e-18	269.981	11850
9.44036e-18	270.433	11860
9.42708e-18	270.03	11870
9.34169e-18	266.847	11880
9.36942e-18	267.835	11890
9.51807e-18	273.317	11900
9.36705e-18	267.874	11910
9.41138e-18	269.295	11920
9.42126e-18	269.67	11930
9.42683e-18	270.095	11940
9.3135e-18	265.788	11950
9.42604e-18	269.937	11960
9.41177e-18	269.347	11970
9.42225e-18	269.877	11980
9.49431e-18	272.301	11990
9.49676e-18	272.576	12000
9.30388e-18	265.576	12010
9.41402e-18	269.372	12020
9.38561e-18	268.51	12030
9.40425e-18	269.129	12040
9.37035e-18	267.904	12050
9.24782e-18	263.543	12060
9.45683e-18	270.861	12070
9.38358e-18	268.575	12080
9.2871e-18	264.806	12090
9.32233e-18	266.149	12100
9.42506e-18	269.869	12110
9.47935e-18	271.806	12120
9.52916e-18	273.603	12130
9.2737e-18	264.62	12140
9.16247e-18	260.295	12150
9.28216e-18	264.656	12160
9.39905e-18	268.863	12170
9.36179e-18	267.729	12180
9.25635e-18	263.771	12190
9.32451e-18	266.164	12200
9.29643e-18	265.21	12210
9.36928e-18	267.824	12220
9.31579e-18	265.95	12230
9.21841e-18	262.505	12240
9.18852e-18	261.307	12250
9.18227e-18	261.115	12260
9.24176e-18	263.203	12270
9.28544e-18	264.852	12280
9.17822e-18	261.03	12290
9.1402e-18	259.513	12300
9.31523e-18	265.833	12310
9.28901e-18	264.971	12320
9.28596e-18	264.771	12330
9.27622e-18	264.494	12340
9.04746e-18	256.513	12350
9.13531e-18	259.121	12360
9.27188e-18	264.295	12370
9.18058e-18	261.114	12380
9.21496e-18	262.228	12390
9.28936e-18	264.955	12400
9.28757e-18	264.958	12410
9.20141e-18	261.805	12420
9.19176e-18	261.398	12430
9.29466e-18	265.104	12440
9.22219e-18	262.7	12450
9.12219e-18	258.849	12460
9.23772e-18	263.135	12470
9.1063e-18	258.372	12480
9.23821e-18	263.089	12490
9.27519e-18	264.485	12500
9.18171e-18	261.051	12510
9.16412e-18	260.657	12520
8.94635e-18	252.445	12530
9.13381e-18	259.365	12540
9.05575e-18	256.575	12550
9.11638e-18	258.692	12560
8.97839e-18	253.789	12570
9.14323e-18	259.675	12580
9.05577e-18	256.459	12590
9.17101e-18	260.724	12600
8.98909e-18	254.214	12610
9.03602e-18	255.685	12620
9.07395e-18	257.172	12630
9.0473e-18	256.213	12640
8.99849e-18	254.587	12650
8.8718e-18	249.805	12660
9.05088e-18	256.234	12670
9.10009e-18	258.183	12680
8.93049e-18	252.09	12690
8.93005e-18	251.862	12700
8.94611e-18	252.655	12710
9.00646e-18	254.699	12720
8.94725e-18	252.575	12730
9.07192e-18	257.064	12740
9.01938e-18	255.154	12750
9.12281e-18	258.97	12760
9.02152e-18	255.339	12770
9.13313e-18	259.165	12780
9.08174e-18	257.57	12790
9.02331e-18	255.325	12800
9.16373e-18	260.406	12810
9.18247e-18	261.019	12820
9.21309e-18	262.282	12830
9.12238e-18	258.924	12840
9.13119e-18	259.276	12850
9.03233e-18	255.584	12860
9.07518e-18	257.143	12870
9.24019e-18	263.112	12880
9.23793e-18	263.076	12890
9.20731e-18	261.99	12900
9.19046e-18	261.378	12910
9.25179e-18	263.543	12920
9.18197e-18	261.073	12930
9.17583e-18	260.852	12940
9.25629e-18	263.687	12950
9.27329e-18	264.343	12960
9.18033e-18	261.127	12970
9.11385e-18	258.483	12980
9.27572e-18	264.386	12990
9.2863e-18	264.838	13000
9.14449e-18	259.76	13010
9.16256e-18	260.279	13020
9.29331e-18	265.02	13030
9.30859e-18	265.644	13040
9.15014e-18	259.919	13050
9.20837e-18	261.991	13060
9.19133e-18	261.369	13070
9.22677e-18	262.677	13080
9.16411e-18	260.354	13090
9.18054e-18	261.02	13100
9.11503e-18	258.663	13110
9.16895e-18	260.526	13120
9.16573e-18	260.417	13130
9.1675e-18	260.634	13140
9.07295e-18	257.013	13150
9.24144e-18	263.14	13160
9.17115e-18	260.679	13170
9.16997e-18	260.622	13180
9.18854e-18	261.305	13190
9.15527e-18	260.102	13200
9.07302e-18	257.142	13210
9.08964e-18	257.636	13220
9.16284e-18	260.387	13230
9.11628e-18	258.63	13240
9.16014e-18	260.316	13250
9.1356e-18	259.289	13260
9.13337e-18	259.457	13270
9.05023e-18	256.189	13280
9.10334e-18	258.274	13290
9.12772e-18	259.027	13300
8.97772e-18	253.798	13310
8.92167e-18	251.572	13320
9.01481e-18	254.931	13330
8.92434e-18	251.792	13340
8.93633e-18	252.158	13350
8.91968e-18	251.364	13360
9.02836e-18	255.566	13370
8.99053e-18	254.09	13380
8.99481e-18	254.263	13390
8.93405e-18	252.136	13400
8.98282e-18	253.83	13410
8.87915e-18	250.062	13420
8.97691e-18	253.536	13430
9.04405e-18	256.089	13440
9.02732e-18	255.41	13450
9.00588e-18	254.661	13460
8.99488e-18	254.364	13470
8.98024e-18	253.671	13480
9.08838e-18	257.647	13490
9.08962e-18	257.611	13500
9.09237e-18	257.855	13510
9.05012e-18	256.196	13520
9.13717e-18	259.354	13530
9.21585e-18	262.231	13540
9.07227e-18	257.246	13550
9.08275e-18	257.263	13560
9.22864e-18	262.708	13570
9.19279e-18	261.428	13580
9.27029e-18	264.167	13590
9.24515e-18	263.444	13600
9.14305e-18	259.608	13610
9.18956e-18	261.255	13620
9.20669e-18	261.914	13630
9.237e-18	262.961	13640
9.22333e-18	262.487	13650
9.26171e-18	263.994	13660
9.09444e-18	257.841	13670
9.22681e-18	262.611	13680
9.26125e-18	263.833	13690
9.27026e-18	264.287	13700
9.0965e-18	257.943	13710
9.06588e-18	256.789	13720
9.15411e-18	260.001	13730
9.04168e-18	255.995	13740
9.073e-18	256.997	13750
9.23177e-18	262.752	13760
9.03677e-18	255.936	13770
9.04734e-18	255.943	13780
9.2759e-18	264.403	13790
9.16106e-18	260.415	13800
9.12277e-18	258.728	13810
9.1893e-18	261.323	13820
9.26283e-18	263.95	13830
9.2674e-18	264.086	13840
9.2217e-18	262.489	13850
9.24043e-18	263.109	13860
9.36895e-18	267.713	13870
9.29848e-18	265.377	13880
9.10209e-18	258.061	13890
9.23758e-18	263.066	13900
9.25829e-18	263.748	13910
9.27223e-18	264.252	13920
9.29282e-18	264.963	13930
9.29211e-18	264.964	13940
9.3007e-18	265.345	13950
9.15229e-18	260.096	13960
9.25795e-18	263.662	13970
9.276e-18	264.41	13980
9.33764e-18	266.685	13990
9.29413e-18	265.012	14000
9.44779e-18	270.579	14010
9.33602e-18	266.662	14020
9.15969e-18	260.279	14030
9.21611e-18	262.268	14040
9.21071e-18	262.048	14050
9.29132e-18	264.944	14060
9.29561e-18	265.09	14070
9.17538e-18	260.964	14080
9.0743e-18	256.994	14090
9.21627e-18	262.265	14100
9.25401e-18	263.658	14110
9.22185e-18	262.431	14120
9.26115e-18	263.908	14130
9.32454e-18	266.146	14140
9.30509e-18	265.597	14150
9.15811e-18	260.101	14160
9.19215e-18	261.355	14170
9.34513e-18	266.807	14180
9.36163e-18	267.621	14190
9.19976e-18	261.718	14200
9.21766e-18	262.203	14210
9.28835e-18	264.874	14220
9.277e-18	264.403	14230
9.41384e-18	269.425	14240
9.29755e-18	265.189	14250
9.36376e-18	267.544	14260
9.39422e-18	268.74	14270
9.33808e-18	266.701	14280
9.33943e-18	266.608	14290
9.23282e-18	262.959	14300
9.30807e-18	265.558	14310
9.3087e-18	265.589	14320
9.33002e-18	266.372	14330
9.3087e-18	265.657	14340
9.22333e-18	262.535	14350
9.23006e-18	262.682	14360
9.2821e-18	264.662	14370
9.34636e-18	266.985	14380
9.25292e-18	263.551	14390
9.31018e-18	265.683	14400
9.36683e-18	267.555	14410
9.29429e-18	265.178	14420
9.43095e-18	269.976	14430
9.29463e-18	265.079	14440
9.33188e-18	266.515	14450
9.26496e-18	264.067	14460
9.22952e-18	262.682	14470
9.3389e-18	266.732	14480
9.31449e-18	265.793	14490
9.38808e-18	268.51	14500
9.35551e-18	267.428	14510
9.28278e-18	264.66	14520
9.30394e-18	265.344	14530
9.4236e-18	269.832	14540
9.43487e-18	270.175	14550
9.48279e-18	271.853	14560
9.51448e-18	273.133	14570
9.38074e-18	268.365	14580
9.34662e-18	266.879	14590
9.44468e-18	270.534	14600
9.39088e-18	268.749	14610
9.18774e-18	261.283	14620
9.2013e-18	261.776	14630
9.21111e-18	262.081	14640
9.22508e-18	262.597	14650
9.23196e-18	262.811	14660
9.3384e-18	266.663	14670
9.35909e-18	267.455	14680
9.35739e-18	267.397	14690
9.24191e-18	263.258	14700
9.27655e-18	264.385	14710
9.30904e-18	265.59	14720
9.45597e-18	270.887	14730
9.4084e-18	269.329	14740
9.3162e-18	265.927	14750
9.32196e-18	266.122	14760
9.33993e-18	266.708	14770
9.34545e-18	267.033	14780
9.28353e-18	264.716	14790
9.24038e-18	263.197	14800
9.1944e-18	261.415	14810
9.36981e-18	267.784	14820
9.26022e-18	263.991	14830
9.0957e-18	257.929	14840
9.31351e-18	265.681	14850
9.33823e-18	266.677	14860
9.19114e-18	261.563	14870
9.23651e-18	262.747	14880
9.43737e-18	270.288	14890
9.29901e-18	265.419	14900
9.28433e-18	264.651	14910
9.17571e-18	260.951	14920
9.24075e-18	263.058	14930
9.30802e-18	265.563	14940
9.23731e-18	263.105	14950
9.33705e-18	266.596	14960
9.16635e-18	260.566	14970
9.19392e-18	261.509	14980
9.09338e-18	257.994	14990
9.08377e-18	257.421	15000
9.14212e-18	259.57	15010
9.2122e-18	262.126	15020
9.17823e-18	260.87	15030
9.33238e-18	266.484	15040
9.1798e-18	260.996	15050
9.15539e-18	260.123	15060
9.24302e-18	263.136	15070
9.30297e-18	265.508	15080
9.18811e-18	261.206	15090
9.27781e-18	264.488	15100
9.25904e-18	263.862	15110
9.31297e-18	265.767	15120
9.25696e-18	263.776	15130
9.19717e-18	261.629	15140
9.1453e-18	259.801	15150
9.29197e-18	264.895	15160
9.28022e-18	264.668	15170
9.25321e-18	263.661	15180
9.1299e-18	259.08	15190
9.39098e-18	268.427	15200
9.44132e-18	270.542	15210
9.30461e-18	265.465	15220
9.24235e-18	263.214	15230
9.30482e-18	265.474	15240
9.28239e-18	264.747	15250
9.27765e-18	264.588	15260
9.16071e-18	260.291	15270
9.23687e-18	262.987	15280
9.11523e-18	258.715	15290
9.16022e-18	260.248	15300
9.24414e-18	263.215	15310
9.25607e-18	263.755	15320
9.18441e-18	261.193	15330
9.15444e-18	259.976	15340
9.26721e-18	264.156	15350
9.17422e-18	260.739	15360
9.35342e-18	267.216	15370
9.21796e-18	262.427	15380
9.12211e-18	258.903	15390
9.15646e-18	260.034	15400
9.21245e-18	262.194	15410
9.15809e-18	260.155	15420
9.21787e-18	262.362	15430
9.30989e-18	265.501	15440
9.3424e-18	266.947	15450
9.22887e-18	262.711	15460
9.21073e-18	262.105	15470
9.23612e-18	262.929	15480
9.19914e-18	261.851	15490
9.18987e-18	261.145	15500
9.38231e-18	268.171	15510
9.46999e-18	271.531	15520
9.20039e-18	261.779	15530
9.38975e-18	268.499	15540
9.36169e-18	267.541	15550
9.37723e-18	268.108	15560
9.34093e-18	266.799	15570
9.36634e-18	267.768	15580
9.28516e-18	264.815	15590
9.34298e-18	266.7	15600
9.4418e-18	270.445	15610
9.3018e-18	265.458	15620
9.34387e-18	266.825	15630
9.31953e-18	266	15640
9.26289e-18	263.991	15650
9.33844e-18	266.612	15660
9.42231e-18	269.65	15670
9.31329e-18	265.973	15680
9.3258e-18	266.191	15690
9.34396e-18	266.893	15700
9.26563e-18	264.129	15710
9.34755e-18	266.965	15720
9.31533e-18	265.839	15730
9.27412e-18	264.451	15740
9.23613e-18	262.84	15750
9.31549e-18	265.794	15760
9.27637e-18	264.546	15770
9.18219e-18	260.981	15780
9.35059e-18	267.037	15790
9.30364e-18	265.381	15800
9.43429e-18	270.117	15810
9.35451e-18	267.248	15820
9.49309e-18	272.182	15830
9.40117e-18	269.032	15840
9.30746e-18	265.495	15850
9.44752e-18	270.629	15860
9.44549e-18	270.448	15870
9.46436e-18	271.276	15880
9.40997e-18	269.359	15890
9.20548e-18	261.947	15900
9.2412e-18	263.067	15910
9.3674e-18	267.77	15920
9.33006e-18	266.418	15930
9.30034e-18	265.307	15940
9.16374e-18	260.393	15950
9.22462e-18	262.559	15960
9.18867e-18	261.126	15970
9.41102e-18	269.297	15980
9.31331e-18	265.822	15990
9.17291e-18	260.774	16000
9.29014e-18	264.849	16010
9.43207e-18	270.033	16020
9.3524e-18	267.224	16030
9.32733e-18	266.271	16040
9.39879e-18	268.867	16050
9.24184e-18	263.266	16060
9.38816e-18	268.394	16070
9.3963e-18	268.817	16080
9.36163e-18	267.483	16090
9.48006e-18	271.778	16100
9.42617e-18	269.896	16110
9.40493e-18	269.052	16120
9.30092e-18	265.443	16130
9.28096e-18	264.487	16140
9.3032e-18	265.481	16150
9.21131e-18	261.983	16160
9.30827e-18	265.633	16170
9.28347e-18	264.666	16180
9.26944e-18	264.247	16190
9.24096e-18	263.068	16200
9.2736e-18	264.399	16210
9.19818e-18	261.638	16220
9.27713e-18	264.477	16230
9.26639e-18	264.081	16240
9.20098e-18	261.691	16250
9.28836e-18	264.772	16260
9.25492e-18	263.721	16270
9.19558e-18	261.516	16280
9.23907e-18	263.165	16290
9.14539e-18	259.611	16300
9.32527e-18	266.206	16310
9.20888e-18	262.127	16320
9.25468e-18	263.573	16330
9.33482e-18	266.532	16340
9.29063e-18	265.103	16350
9.31074e-18	265.558	16360
9.3564e-18	267.446	16370
9.31344e-18	265.696	16380
9.24095e-18	263.377	16390
9.17636e-18	260.759	16400
9.17565e-18	260.857	16410
9.16292e-18	260.322	16420
9.34085e-18	266.75	16430
9.31023e-18	265.715	16440
9.22984e-18	262.819	16450
9.26611e-18	264.008	16460
9.15163e-18	260.166	16470
9.02093e-18	255.137	16480
9.16062e-18	260.248	16490
9.18728e-18	261.285	16500
9.22819e-18	262.657	16510
9.22464e-18	262.53	16520
9.23352e-18	262.955	16530
9.26352e-18	263.96	16540
9.28385e-18	264.803	16550
9.17841e-18	260.905	16560
9.29045e-18	264.887	16570
9.2806e-18	264.696	16580
9.25287e-18	263.554	16590
9.24843e-18	263.517	16600
9.15255e-18	259.912	16610
9.15372e-18	260.101	16620
9.17084e-18	260.618	16630
9.14432e-18	259.651	16640
8.97808e-18	253.812	16650
9.2238e-18	262.256	16660
9.22891e-18	262.851	16670
9.29164e-18	264.873	16680
9.29813e-18	265.334	16690
9.22582e-18	262.68	16700
9.27415e-18	264.276	16710
9.29508e-18	265.086	16720
9.31681e-18	265.976	16730
9.26794e-18	264.071	16740
9.3101e-18	265.708	16750
9.28202e-18	264.554	16760
9.35125e-18	267.109	16770
9.4491e-18	270.709	16780
9.37839e-18	268.111	16790
9.3718e-18	267.984	16800
9.32435e-18	266.104	16810
9.37323e-18	268.006	16820
9.22029e-18	262.473	16830
9.16323e-18	260.306	16840
9.24458e-18	263.314	16850
9.30303e-18	265.315	16860
9.33262e-18	266.58	16870
9.29772e-18	265.29	16880
9.23328e-18	262.911	16890
9.19046e-18	261.269	16900
9.28416e-18	264.773	16910
9.22424e-18	262.536	16920
9.27195e-18	264.305	16930
9.19905e-18	261.773	16940
9.02546e-18	255.338	16950
9.1774e-18	260.838	16960
9.21182e-18	262.136	16970
9.13934e-18	259.535	16980
9.17689e-18	260.921	16990
9.11667e-18	258.691	17000
8.98915e-18	254.094	17010
9.04664e-18	256.098	17020
9.21439e-18	262.212	17030
8.97972e-18	253.937	17040
9.02159e-18	255.139	17050
9.17498e-18	260.743	17060
9.06222e-18	256.831	17070
9.0906e-18	257.693	17080
9.13777e-18	259.472	17090
9.06372e-18	256.729	17100
9.08209e-18	257.485	17110
9.08982e-18	257.649	17120
9.10288e-18	258.183	17130
9.05544e-18	256.552	17140
9.05255e-18	256.31	17150
9.12104e-18	258.927	17160
9.02132e-18	255.217	17170
9.01696e-18	254.91	17180
9.34399e-18	266.924	17190
9.19436e-18	261.508	17200
9.20747e-18	262.025	17210
9.19626e-18	261.44	17220
9.20188e-18	261.86	17230
9.19763e-18	261.625	17240
9.30406e-18	265.347	17250
9.29574e-18	265.13	17260
9.32355e-18	266.137	17270
9.35009e-18	267.153	17280
9.18468e-18	261.158	17290
9.252e-18	263.558	17300
9.22685e-18	262.576	17310
9.42604e-18	269.851	17320
9.43564e-18	270.117	17330
9.48588e-18	272.099	17340
9.36846e-18	267.819	17350
9.42089e-18	269.599	17360
9.43189e-18	270.147	17370
9.42258e-18	269.734	17380
9.27033e-18	264.294	17390
9.31255e-18	265.782	17400
9.35648e-18	267.338	17410
9.32279e-18	266.059	17420
9.35816e-18	267.47	17430
9.3675e-18	267.724	17440
9.48404e-18	271.942	17450
9.45589e-18	270.982	17460
9.20535e-18	262.021	17470
9.27057e-18	264.067	17480
9.39223e-18	268.719	17490
9.13395e-18	259.482	17500
9.20132e-18	261.595	17510
9.31722e-18	265.865	17520
9.28383e-18	264.777	17530
9.18028e-18	261.034	17540
9.28178e-18	264.439	17550
9.45949e-18	271.032	17560
9.44735e-18	270.654	17570
9.39286e-18	268.739	17580
9.38951e-18	268.485	17590
9.38823e-18	268.587	17600
9.35846e-18	267.349	17610
9.41218e-18	269.463	17620
9.33521e-18	266.549	17630
9.35556e-18	267.304	17640
9.27144e-18	264.18	17650
9.39297e-18	268.704	17660
9.39932e-18	268.882	17670
9.25571e-18	263.734	17680
9.48247e-18	271.811	17690
9.50007e-18	272.562	17700
9.41757e-18	269.597	17710
9.31361e-18	265.9	17720
9.32737e-18	266.213	17730
9.42744e-18	269.849	17740
9.43557e-18	270.313	17750
9.38345e-18	268.306	17760
9.52034e-18	273.178	17770
9.45674e-18	270.992	17780
9.48986e-18	272.045	17790
9.47991e-18	271.933	17800
9.41056e-18	269.21	17810
9.511e-18	272.993	17820
9.40642e-18	269.062	17830
9.45576e-18	271.053	17840
9.36623e-18	267.677	17850
9.54198e-18	273.905	17860
9.61969e-18	276.948	17870
9.4591e-18	271.163	17880
9.43558e-18	270.21	17890
9.40914e-18	269.24	17900
9.38098e-18	268.418	17910
9.28938e-18	264.944	17920
9.41364e-18	269.393	17930
9.31861e-18	266.102	17940
9.32644e-18	266.297	17950
9.27001e-18	264.145	17960
9.29234e-18	265.191	17970
9.10492e-18	258.232	17980
9.35009e-18	267.106	17990
9.28131e-18	264.667	18000
9.23784e-18	263.079	18010
9.21286e-18	262.137	18020
9.27066e-18	264.23	18030
9.3243e-18	266.155	18040
9.29525e-18	265.203	18050
9.21089e-18	262.088	18060
9.38904e-18	268.405	18070
9.42881e-18	270.044	18080
9.38033e-18	268.242	18090
9.52159e-18	273.21	18100
9.40969e-18	269.499	18110
9.31181e-18	265.639	18120
9.37786e-18	268.197	18130
9.32791e-18	266.287	18140
9.44026e-18	270.329	18150
9.4811e-18	271.87	18160
9.46138e-18	271.181	18170
9.54506e-18	274.134	18180
9.61457e-18	276.747	18190
9.44622e-18	270.61	18200
9.49371e-18	272.32	18210
9.49111e-18	272.376	18220
9.35292e-18	267.202	18230
9.51765e-18	273.107	18240
9.5019e-18	272.68	18250
9.46279e-18	271.138	18260
9.58641e-18	275.802	18270
9.38379e-18	268.292	18280
9.62675e-18	277.129	18290
9.65278e-18	278.139	18300
9.57529e-18	275.279	18310
9.40556e-18	269.173	18320
9.47718e-18	271.738	18330
9.46455e-18	271.226	18340
9.46039e-18	271.195	18350
9.38352e-18	268.362	18360
9.45653e-18	270.966	18370
9.38896e-18	268.571	18380
9.45885e-18	271.09	18390
9.36441e-18	267.657	18400
9.42773e-18	269.904	18410
9.30692e-18	265.723	18420
9.31407e-18	265.732	18430
9.36098e-18	267.625	18440
9.19707e-18	261.629	18450
9.18597e-18	261.202	18460
9.16609e-18	260.492	18470
9.24565e-18	263.243	18480
9.28783e-18	264.937	18490
9.20472e-18	261.973	18500
9.08769e-18	257.64	18510
9.24793e-18	263.332	18520
9.31875e-18	266.124	18530
9.08181e-18	257.498	18540
9.22101e-18	262.31	18550
9.29007e-18	265.003	18560
9.30348e-18	265.465	18570
9.33501e-18	266.565	18580
9.32289e-18	266.162	18590
9.25449e-18	263.764	18600
9.34492e-18	266.824	18610
9.33275e-18	266.596	18620
9.26188e-18	263.972	18630
9.19251e-18	261.472	18640
9.20844e-18	261.998	18650
9.24239e-18	263.303	18660
9.26906e-18	264.184	18670
9.07705e-18	257.346	18680
9.07962e-18	257.316	18690
9.12528e-18	258.983	18700
9.29074e-18	264.887	18710
9.15259e-18	260.204	18720
9.02623e-18	255.431	18730
9.10192e-18	258.144	18740
9.19155e-18	261.369	18750
9.20839e-18	262.09	18760
9.05865e-18	256.61	18770
9.15875e-18	260.151	18780
9.12245e-18	259.074	18790
9.07706e-18	257.162	18800
9.18298e-18	261.092	18810
9.18588e-18	261.197	18820
9.04934e-18	256.416	18830
9.10242e-18	258.075	18840
9.13181e-18	259.379	18850
9.13917e-18	259.465	18860
9.05483e-18	256.559	18870
8.9856e-18	253.978	18880
8.91691e-18	251.413	18890
9.05659e-18	256.552	18900
8.97575e-18	253.668	18910
9.00341e-18	254.559	18920
9.01028e-18	254.949	18930
9.01204e-18	254.966	18940
8.97284e-18	253.508	18950
8.95806e-18	253.019	18960
8.90011e-18	250.805	18970
8.9608e-18	253.173	18980
8.85054e-18	249.042	18990
8.8713e-18	249.819	19000
8.96582e-18	253.144	19010
9.09927e-18	258.074	19020
8.97101e-18	253.664	19030
8.78299e-18	246.532	19040
8.99032e-18	254.107	19050
8.93641e-18	252.225	19060
8.91732e-18	251.459	19070
9.00159e-18	254.56	19080
8.89917e-18	250.926	19090
8.82567e-18	248.189	19100
8.91497e-18	251.325	19110
8.96197e-18	253.177	19120
8.95627e-18	252.836	19130
8.91453e-18	251.51	19140
9.05927e-18	256.536	19150
9.1185e-18	258.787	19160
9.03936e-18	256.03	19170
9.0365e-18	255.818	19180
9.01595e-18	254.989	19190
9.10284e-18	258.228	19200
9.06892e-18	256.979	19210
9.11675e-18	258.61	19220
9.10909e-18	258.489	19230
9.06333e-18	256.748	19240
9.11369e-18	258.58	19250
9.17772e-18	260.935	19260
9.17188e-18	260.623	19270
9.16082e-18	260.307	19280
9.26925e-18	264.206	19290
9.217e-18	262.323	19300
9.28992e-18	264.975	19310
9.29459e-18	265.111	19320
9.25008e-18	263.669	19330
9.33452e-18	266.442	19340
9.42161e-18	269.722	19350
9.29032e-18	265.065	19360
9.30289e-18	265.391	19370
9.32695e-18	266.331	19380
9.25096e-18	263.579	19390
9.19955e-18	261.774	19400
9.29758e-18	265.079	19410
9.26086e-18	264.03	19420
9.28475e-18	264.698	19430
9.19324e-18	261.534	19440
9.22573e-18	262.648	19450
9.13171e-18	259.304	19460
9.22423e-18	262.499	19470
9.14402e-18	259.785	19480
9.17012e-18	260.688	19490
9.12552e-18	258.997	19500
9.24424e-18	263.281	19510
9.05761e-18	256.671	19520
9.11942e-18	258.783	19530
9.13659e-18	259.463	19540
9.07353e-18	257.158	19550
9.01573e-18	255.073	19560
9.15843e-18	260.111	19570
9.15133e-18	260.009	19580
9.03808e-18	255.937	19590
9.09567e-18	257.904	19600
9.0574e-18	256.642	19610
9.05507e-18	256.398	19620
9.15781e-18	260.121	19630
9.09691e-18	258.132	19640
9.06178e-18	256.722	19650
8.99361e-18	254.327	19660
8.99338e-18	254.112	19670
9.12418e-18	258.993	19680
9.03091e-18	255.716	19690
8.87068e-18	249.832	19700
8.9777e-18	253.623	19710
8.97114e-18	253.463	19720
9.10048e-18	258.111	19730
9.05102e-18	256.39	19740
8.92797e-18	251.938	19750
8.92036e-18	251.676	19760
8.89348e-18	250.544	19770
8.98583e-18	253.993	19780
9.02672e-18	255.447	19790
9.02986e-18	255.614	19800
9.1656e-18	260.434	19810
8.98466e-18	254.099	19820
9.00785e-18	254.709	19830
8.98607e-18	253.965	19840
8.9279e-18	252.034	19850
8.82169e-18	248.015	19860
9.01167e-18	254.831	19870
8.92746e-18	252.089	19880
8.86896e-18	249.688	19890
8.97504e-18	253.606	19900
8.99534e-18	254.286	19910
8.98674e-18	254.046	19920
9.00384e-18	254.612	19930
8.99994e-18	254.525	19940
8.97808e-18	253.723	19950
8.93769e-18	252.287	19960
8.89114e-18	250.571	19970
8.85358e-18	249.24	19980
8.80577e-18	247.478	19990
8.92438e-18	251.833	20000
