6.92839e-19	0.000291346	0
6.93836e-19	0.0353009	10
6.96463e-19	0.129129	20
7.00756e-19	0.283074	30
7.06776e-19	0.499318	40
7.14611e-19	0.781022	50
7.2438e-19	1.13248	60
7.36241e-19	1.55936	70
7.50397e-19	2.06895	80
7.67109e-19	2.67065	90
7.86711e-19	3.3765	100
8.09634e-19	4.20199	110
8.36435e-19	5.16716	120
8.67844e-19	6.29824	130
9.04822e-19	7.62986	140
9.48658e-19	9.20829	150
1.0011e-18	11.0965	160
1.06457e-18	13.3813	170
1.14248e-18	16.185	180
1.2397e-18	19.6831	190
1.36337e-18	24.1316	200
1.52409e-18	29.9113	210
1.73767e-18	37.5892	220
2.02685e-18	47.9827	230
2.41881e-18	62.0753	240
2.91455e-18	79.9466	250
3.31937e-18	94.8039	260
2.76086e-18	75.5943	270
1.27653e-18	21.3716	280
2.33669e-18	58.316	290
3.40434e-18	97.8191	300
3.19796e-18	90.7582	310
2.7398e-18	74.1886	320
2.37386e-18	60.8889	330
2.12628e-18	51.8764	340
1.97169e-18	46.2405	350
1.88678e-18	43.1334	360
1.85666e-18	42.0124	370
1.87388e-18	42.6047	380
1.93729e-18	44.8647	390
2.05179e-18	48.9658	400
2.22887e-18	55.3186	410
2.48639e-18	64.5667	420
2.83959e-18	77.2702	430
3.2447e-18	91.9277	440
3.36895e-18	96.8116	450
2.54902e-18	67.666	460
2.24277e-18	55.6393	470
2.86924e-18	78.1867	480
3.42828e-18	98.5711	490
3.50988e-18	101.778	500
3.33698e-18	95.5704	510
3.19641e-18	90.4233	520
3.18784e-18	90.0218	530
3.32996e-18	95.0618	540
3.61829e-18	105.397	550
4.00919e-18	119.476	560
4.44622e-18	135.297	570
4.34483e-18	132.356	580
3.15743e-18	89.5334	590
3.50581e-18	100.629	600
4.81327e-18	148.376	610
4.93931e-18	153.435	620
4.84743e-18	149.943	630
4.79504e-18	148.327	640
4.26979e-18	129.349	650
4.22397e-18	127.357	660
4.35719e-18	132.2	670
4.60851e-18	141.092	680
4.89001e-18	151.521	690
4.77525e-18	147.305	700
4.81137e-18	148.708	710
5.11368e-18	159.116	720
5.67528e-18	179.786	730
5.44853e-18	171.883	740
5.32372e-18	167.113	750
5.28235e-18	165.496	760
6.29777e-18	201.663	770
6.99959e-18	227.494	780
7.07397e-18	230.412	790
6.9533e-18	226.006	800
7.24621e-18	236.259	810
7.75138e-18	254.672	820
7.44558e-18	244.138	830
7.33103e-18	239.724	840
6.77321e-18	219.632	850
6.97022e-18	226.077	860
6.8254e-18	221.658	870
7.73235e-18	254.928	880
7.09763e-18	230.824	890
7.63811e-18	250.386	900
7.9549e-18	262.205	910
8.40341e-18	278.226	920
8.26744e-18	273.495	930
8.33846e-18	275.882	940
8.18938e-18	270.779	950
8.03257e-18	265.017	960
8.26134e-18	272.604	970
9.07016e-18	302.254	980
9.14968e-18	305.322	990
8.34032e-18	276.543	1000
8.82611e-18	293.178	1010
9.19765e-18	306.881	1020
8.06846e-18	267.162	1030
8.83895e-18	292.85	1040
8.77257e-18	293.275	1050
8.9476e-18	297.988	1060
8.52366e-18	283.281	1070
8.94896e-18	297.513	1080
8.78236e-18	292.847	1090
9.02315e-18	300.133	1100
9.33279e-18	311.572	1110
9.34001e-18	312.952	1120
8.23337e-18	271.893	1130
9.57231e-18	319.58	1140
1.00273e-17	337.733	1150
1.00372e-17	337.106	1160
9.42365e-18	314.038	1170
9.60415e-18	322.517	1180
9.8445e-18	329.447	1190
9.31712e-18	312.403	1200
9.37668e-18	313.665	1210
8.50154e-18	281.408	1220
9.70499e-18	326.21	1230
8.96027e-18	298.682	1240
9.43655e-18	316.045	1250
1.02217e-17	343.456	1260
1.03429e-17	348.834	1270
9.24944e-18	309.232	1280
9.55342e-18	318.911	1290
1.03762e-17	350.183	1300
9.37548e-18	313.496	1310
9.5216e-18	318.64	1320
9.74898e-18	327.233	1330
9.41772e-18	313.928	1340
1.03372e-17	348.022	1350
9.69715e-18	326.269	1360
9.45665e-18	315.877	1370
9.68206e-18	324.898	1380
9.15746e-18	305.919	1390
9.99258e-18	335.231	1400
9.91607e-18	333.747	1410
9.45316e-18	316.722	1420
9.68138e-18	324.712	1430
8.70185e-18	289.722	1440
9.67542e-18	323.977	1450
9.12736e-18	305.25	1460
8.46509e-18	280.681	1470
9.2446e-18	308.287	1480
9.6218e-18	322.5	1490
9.00494e-18	301.006	1500
8.2037e-18	271.319	1510
8.19417e-18	270.682	1520
7.73022e-18	254.317	1530
8.60619e-18	285.678	1540
8.74842e-18	290.769	1550
8.47602e-18	281.715	1560
7.84441e-18	258.012	1570
8.02876e-18	265.29	1580
7.81527e-18	256.942	1590
8.1465e-18	269.152	1600
7.89944e-18	260.715	1610
7.49853e-18	245.833	1620
8.00215e-18	263.492	1630
8.40349e-18	278.528	1640
8.09014e-18	267.337	1650
7.69923e-18	253.242	1660
8.21595e-18	271.967	1670
7.72852e-18	254.254	1680
7.99357e-18	263.404	1690
8.23832e-18	272.796	1700
8.30008e-18	274.307	1710
8.54834e-18	283.623	1720
8.91927e-18	297.245	1730
8.37726e-18	277.829	1740
8.24161e-18	272.637	1750
8.41714e-18	279.106	1760
8.62544e-18	286.104	1770
8.53976e-18	283.84	1780
8.11315e-18	267.993	1790
9.06873e-18	302.352	1800
8.58143e-18	285.522	1810
8.40721e-18	278.704	1820
8.16756e-18	270.337	1830
9.24302e-18	307.959	1840
9.35796e-18	313.78	1850
7.71886e-18	254.374	1860
8.34272e-18	277.148	1870
8.89602e-18	295.868	1880
8.56067e-18	284.591	1890
8.541e-18	283.688	1900
8.09753e-18	267.729	1910
7.95038e-18	262.346	1920
7.60056e-18	249.676	1930
7.57555e-18	248.691	1940
7.2617e-18	237.649	1950
7.01532e-18	228.473	1960
7.00649e-18	228.063	1970
7.0473e-18	229.56	1980
7.20416e-18	235.152	1990
7.18615e-18	234.714	2000
7.21883e-18	235.664	2010
7.33417e-18	239.951	2020
7.24617e-18	236.943	2030
7.17986e-18	234.187	2040
7.48438e-18	245.426	2050
7.35691e-18	240.737	2060
7.56033e-18	248.039	2070
7.55011e-18	247.983	2080
7.42035e-18	242.77	2090
7.88839e-18	259.889	2100
8.15009e-18	269.36	2110
8.12366e-18	268.511	2120
8.26903e-18	273.813	2130
8.23133e-18	272.363	2140
8.20994e-18	271.573	2150
8.22429e-18	272.176	2160
8.47162e-18	281.079	2170
8.20275e-18	271.736	2180
7.72898e-18	254.156	2190
8.18496e-18	270.359	2200
8.18054e-18	270.821	2210
7.96875e-18	262.862	2220
8.11863e-18	268.33	2230
8.12794e-18	268.66	2240
8.23711e-18	272.606	2250
8.27755e-18	274.156	2260
7.85103e-18	258.955	2270
7.73831e-18	254.608	2280
7.73651e-18	254.644	2290
7.67843e-18	252.465	2300
7.72673e-18	254.198	2310
7.65551e-18	251.606	2320
7.7404e-18	254.779	2330
7.68154e-18	252.609	2340
7.53384e-18	247.245	2350
7.47604e-18	245.202	2360
7.42844e-18	243.495	2370
7.19509e-18	235.151	2380
7.21529e-18	235.67	2390
7.3161e-18	239.323	2400
7.32974e-18	239.95	2410
7.2459e-18	236.813	2420
7.25003e-18	237.024	2430
7.22795e-18	236.125	2440
7.27574e-18	237.902	2450
7.21737e-18	235.86	2460
7.15674e-18	233.651	2470
7.20963e-18	235.478	2480
7.30401e-18	238.904	2490
7.34577e-18	240.498	2500
7.29276e-18	238.568	2510
7.25032e-18	236.908	2520
7.27698e-18	237.971	2530
7.29559e-18	238.637	2540
7.37162e-18	241.362	2550
7.33135e-18	239.975	2560
7.44964e-18	244.102	2570
7.50339e-18	246.229	2580
7.31635e-18	239.438	2590
7.2883e-18	238.442	2600
7.28569e-18	238.23	2610
7.32361e-18	239.696	2620
7.33348e-18	239.954	2630
7.24426e-18	237.007	2640
7.18971e-18	234.804	2650
7.20627e-18	235.356	2660
7.26238e-18	237.543	2670
7.13022e-18	232.65	2680
7.11667e-18	232.191	2690
7.28408e-18	238.147	2700
7.27325e-18	237.953	2710
7.13107e-18	232.69	2720
7.21579e-18	235.69	2730
7.25942e-18	237.378	2740
7.16818e-18	234.084	2750
7.16096e-18	233.771	2760
7.17082e-18	234.226	2770
7.09641e-18	231.413	2780
7.17089e-18	234.114	2790
7.10155e-18	231.722	2800
7.10202e-18	231.615	2810
7.19766e-18	235.05	2820
7.21937e-18	235.952	2830
7.13314e-18	232.872	2840
7.09869e-18	231.475	2850
7.21342e-18	235.609	2860
7.22862e-18	236.257	2870
7.25188e-18	237.101	2880
7.25971e-18	237.333	2890
7.15089e-18	233.475	2900
7.25762e-18	237.115	2910
7.40921e-18	242.776	2920
7.31711e-18	239.504	2930
7.34652e-18	240.444	2940
7.43972e-18	243.873	2950
7.30067e-18	238.907	2960
7.29698e-18	238.679	2970
7.3961e-18	242.26	2980
7.45358e-18	244.445	2990
7.33126e-18	239.949	3000
7.31456e-18	239.315	3010
7.37222e-18	241.419	3020
7.30727e-18	239.096	3030
7.2712e-18	237.821	3040
7.25865e-18	237.285	3050
7.27148e-18	237.766	3060
7.35393e-18	240.73	3070
7.29709e-18	238.736	3080
7.35173e-18	240.642	3090
7.23162e-18	236.413	3100
7.20225e-18	235.317	3110
7.27872e-18	237.965	3120
7.26485e-18	237.582	3130
7.26787e-18	237.646	3140
7.22756e-18	236.21	3150
7.19665e-18	235.111	3160
7.1173e-18	232.229	3170
7.17553e-18	234.227	3180
7.17034e-18	234.151	3190
7.15193e-18	233.455	3200
7.19142e-18	234.82	3210
7.19052e-18	234.86	3220
7.20655e-18	235.425	3230
7.13992e-18	233.02	3240
7.18555e-18	234.608	3250
7.2129e-18	235.682	3260
7.15341e-18	233.525	3270
7.17482e-18	234.247	3280
7.18244e-18	234.545	3290
7.20225e-18	235.269	3300
7.16509e-18	233.954	3310
7.13915e-18	232.927	3320
7.22692e-18	236.201	3330
7.1439e-18	233.205	3340
7.13089e-18	232.596	3350
7.21775e-18	235.839	3360
7.22506e-18	236.078	3370
7.22309e-18	236.026	3380
7.20466e-18	235.404	3390
7.12546e-18	232.511	3400
7.23621e-18	236.361	3410
7.36173e-18	241.062	3420
7.28363e-18	238.207	3430
7.21091e-18	235.572	3440
7.29629e-18	238.675	3450
7.26473e-18	237.504	3460
7.22857e-18	236.256	3470
7.15307e-18	233.541	3480
7.17104e-18	234.113	3490
7.10033e-18	231.522	3500
7.15564e-18	233.554	3510
7.17471e-18	234.249	3520
7.08836e-18	231.271	3530
7.03754e-18	229.225	3540
7.12588e-18	232.468	3550
7.12809e-18	232.568	3560
7.13245e-18	232.798	3570
7.08556e-18	230.952	3580
7.28718e-18	238.237	3590
7.16596e-18	234.068	3600
7.14211e-18	233.018	3610
7.22595e-18	236.095	3620
7.1909e-18	234.883	3630
7.24366e-18	236.65	3640
7.29667e-18	238.731	3650
7.27421e-18	237.814	3660
7.1988e-18	235.184	3670
7.24192e-18	236.619	3680
7.32369e-18	239.633	3690
7.18613e-18	234.77	3700
7.21596e-18	235.666	3710
7.22718e-18	236.236	3720
7.19899e-18	235.123	3730
7.26009e-18	237.278	3740
7.20654e-18	235.512	3750
7.14121e-18	232.987	3760
7.21156e-18	235.593	3770
7.13713e-18	232.955	3780
6.98381e-18	227.441	3790
7.09875e-18	231.373	3800
7.1667e-18	233.974	3810
7.06183e-18	230.276	3820
7.05895e-18	229.952	3830
7.07847e-18	230.81	3840
7.08339e-18	230.89	3850
7.12663e-18	232.555	3860
7.09663e-18	231.415	3870
7.12754e-18	232.505	3880
7.11565e-18	232.143	3890
7.0472e-18	229.701	3900
7.04609e-18	229.528	3910
7.12146e-18	232.336	3920
7.09483e-18	231.36	3930
7.08736e-18	231.087	3940
7.1539e-18	233.499	3950
7.17653e-18	234.291	3960
7.1648e-18	233.87	3970
7.17528e-18	234.261	3980
7.12256e-18	232.367	3990
7.12156e-18	232.335	4000
7.14418e-18	233.2	4010
7.03614e-18	229.211	4020
7.11615e-18	232.096	4030
7.0901e-18	231.238	4040
7.16092e-18	233.685	4050
7.09272e-18	231.309	4060
7.1663e-18	233.872	4070
7.15781e-18	233.61	4080
7.17321e-18	234.215	4090
7.08847e-18	231.15	4100
7.18256e-18	234.514	4110
7.13942e-18	232.93	4120
7.20717e-18	235.368	4130
7.24707e-18	236.857	4140
7.22021e-18	235.852	4150
7.36818e-18	241.158	4160
7.3662e-18	241.214	4170
7.22946e-18	236.253	4180
7.23905e-18	236.543	4190
7.24822e-18	236.843	4200
7.27941e-18	237.955	4210
7.40747e-18	242.54	4220
7.48213e-18	245.3	4230
7.43062e-18	243.498	4240
7.38557e-18	241.875	4250
7.31605e-18	239.333	4260
7.27826e-18	237.991	4270
7.32677e-18	239.698	4280
7.39449e-18	242.175	4290
7.33983e-18	240.196	4300
7.29969e-18	238.794	4310
7.32695e-18	239.696	4320
7.32873e-18	239.765	4330
7.27064e-18	237.74	4340
7.25487e-18	237.026	4350
7.36746e-18	241.197	4360
7.32257e-18	239.508	4370
7.36493e-18	241.128	4380
7.3021e-18	238.833	4390
7.31618e-18	239.337	4400
7.3349e-18	239.946	4410
7.39416e-18	242.211	4420
7.26553e-18	237.544	4430
7.2349e-18	236.389	4440
7.17139e-18	234.094	4450
7.25905e-18	237.155	4460
7.385e-18	241.796	4470
7.39828e-18	242.257	4480
7.37388e-18	241.477	4490
7.26332e-18	237.402	4500
7.3515e-18	240.502	4510
7.39954e-18	242.396	4520
7.27272e-18	237.764	4530
7.37287e-18	241.225	4540
7.55235e-18	247.89	4550
7.42432e-18	243.273	4560
7.35561e-18	240.794	4570
7.38623e-18	241.747	4580
7.43394e-18	243.631	4590
7.4166e-18	242.976	4600
7.5165e-18	246.463	4610
7.51284e-18	246.506	4620
7.35592e-18	240.811	4630
7.44814e-18	243.96	4640
7.55512e-18	247.962	4650
7.51818e-18	246.634	4660
7.44831e-18	244.1	4670
7.41713e-18	242.969	4680
7.4339e-18	243.607	4690
7.49862e-18	245.823	4700
7.47136e-18	245.008	4710
7.4262e-18	243.247	4720
7.52091e-18	246.65	4730
7.50488e-18	246.209	4740
7.3651e-18	241.102	4750
7.38195e-18	241.601	4760
7.45806e-18	244.451	4770
7.48389e-18	245.328	4780
7.43824e-18	243.78	4790
7.45991e-18	244.4	4800
7.53775e-18	247.283	4810
7.56596e-18	248.344	4820
7.55172e-18	247.902	4830
7.39071e-18	242.03	4840
7.39979e-18	242.327	4850
7.40738e-18	242.552	4860
7.42344e-18	243.22	4870
7.49239e-18	245.545	4880
7.56437e-18	248.307	4890
7.44389e-18	243.996	4900
7.37725e-18	241.476	4910
7.43056e-18	243.265	4920
7.50406e-18	246.142	4930
7.41451e-18	242.915	4940
7.35047e-18	240.438	4950
7.40615e-18	242.558	4960
7.45382e-18	244.174	4970
7.50144e-18	245.97	4980
7.46454e-18	244.672	4990
7.49328e-18	245.669	5000
7.46355e-18	244.648	5010
7.48391e-18	245.327	5020
7.54053e-18	247.367	5030
7.57683e-18	248.691	5040
7.6013e-18	249.577	5050
7.62873e-18	250.559	5060
7.60805e-18	249.849	5070
7.66655e-18	251.946	5080
7.61245e-18	249.966	5090
7.58772e-18	249.163	5100
7.55013e-18	247.713	5110
7.61933e-18	250.239	5120
7.51729e-18	246.651	5130
7.45188e-18	244.175	5140
7.51116e-18	246.34	5150
7.40923e-18	242.611	5160
7.52878e-18	246.925	5170
7.49774e-18	245.892	5180
7.47864e-18	245.169	5190
7.35378e-18	240.631	5200
7.43445e-18	243.538	5210
7.33349e-18	239.948	5220
7.28446e-18	238.101	5230
7.28584e-18	238.244	5240
7.34068e-18	239.977	5250
7.46042e-18	244.548	5260
7.25171e-18	237.092	5270
7.29643e-18	238.399	5280
7.3313e-18	239.885	5290
7.40449e-18	242.348	5300
7.37812e-18	241.663	5310
7.24747e-18	236.773	5320
7.30078e-18	238.681	5330
7.36491e-18	240.969	5340
7.35189e-18	240.661	5350
7.27393e-18	237.836	5360
7.17676e-18	234.201	5370
7.277e-18	237.835	5380
7.33463e-18	239.892	5390
7.39992e-18	242.266	5400
7.38783e-18	241.894	5410
7.29095e-18	238.422	5420
7.29792e-18	238.507	5430
7.34878e-18	240.497	5440
7.24353e-18	236.657	5450
7.20622e-18	235.327	5460
7.23911e-18	236.442	5470
7.21302e-18	235.586	5480
7.20655e-18	235.259	5490
7.21701e-18	235.726	5500
7.16078e-18	233.647	5510
7.08753e-18	231.001	5520
7.04049e-18	229.359	5530
7.07995e-18	230.678	5540
7.05656e-18	229.872	5550
7.04802e-18	229.586	5560
7.12554e-18	232.292	5570
7.0271e-18	228.911	5580
7.07968e-18	230.612	5590
7.10407e-18	231.692	5600
7.01365e-18	228.309	5610
6.97599e-18	226.996	5620
6.96015e-18	226.368	5630
7.12836e-18	232.391	5640
7.06844e-18	230.354	5650
7.03356e-18	228.99	5660
7.12484e-18	232.3	5670
7.13063e-18	232.507	5680
7.18723e-18	234.628	5690
7.1033e-18	231.531	5700
7.16312e-18	233.709	5710
7.16612e-18	233.838	5720
7.24479e-18	236.602	5730
7.19322e-18	234.794	5740
7.3032e-18	238.71	5750
7.37698e-18	241.471	5760
7.27449e-18	237.737	5770
7.29451e-18	238.502	5780
7.17531e-18	234.208	5790
7.31103e-18	238.934	5800
7.34391e-18	240.262	5810
7.38092e-18	241.531	5820
7.39434e-18	242.153	5830
7.23966e-18	236.444	5840
7.38353e-18	241.65	5850
7.4123e-18	242.674	5860
7.48493e-18	245.344	5870
7.42509e-18	243.272	5880
7.28135e-18	237.972	5890
7.47356e-18	244.846	5900
7.42794e-18	243.29	5910
7.45152e-18	244.081	5920
7.47709e-18	245.128	5930
7.49419e-18	245.603	5940
7.49282e-18	245.688	5950
7.45827e-18	244.327	5960
7.52745e-18	246.83	5970
7.51834e-18	246.534	5980
7.53026e-18	247.063	5990
7.39447e-18	242.026	6000
7.52383e-18	246.66	6010
7.527e-18	246.906	6020
7.57851e-18	248.633	6030
7.6895e-18	252.747	6040
7.60471e-18	249.723	6050
7.58732e-18	248.952	6060
7.6967e-18	252.995	6070
7.63867e-18	250.849	6080
7.68213e-18	252.522	6090
7.60111e-18	249.576	6100
7.57046e-18	248.399	6110
7.49926e-18	245.844	6120
7.55538e-18	247.879	6130
7.55711e-18	247.859	6140
7.57924e-18	248.752	6150
7.55676e-18	247.944	6160
7.4672e-18	244.702	6170
7.49884e-18	245.768	6180
7.54416e-18	247.442	6190
7.52915e-18	246.943	6200
7.5797e-18	248.74	6210
7.46596e-18	244.701	6220
7.433e-18	243.395	6230
7.43575e-18	243.506	6240
7.54068e-18	247.218	6250
7.63412e-18	250.778	6260
7.54126e-18	247.357	6270
7.497e-18	245.775	6280
7.59474e-18	249.176	6290
7.6666e-18	251.954	6300
7.53577e-18	247.234	6310
7.4738e-18	244.878	6320
7.48557e-18	245.35	6330
7.54842e-18	247.62	6340
7.47213e-18	244.919	6350
7.37434e-18	241.272	6360
7.52595e-18	246.777	6370
7.51507e-18	246.414	6380
7.48755e-18	245.499	6390
7.33339e-18	239.849	6400
7.44364e-18	243.781	6410
7.43367e-18	243.449	6420
7.36425e-18	240.995	6430
7.31024e-18	238.999	6440
7.38244e-18	241.574	6450
7.32504e-18	239.599	6460
7.31821e-18	239.18	6470
7.3763e-18	241.399	6480
7.41389e-18	242.652	6490
7.43552e-18	243.615	6500
7.38872e-18	241.823	6510
7.36669e-18	241.013	6520
7.4001e-18	242.244	6530
7.33803e-18	239.986	6540
7.43339e-18	243.35	6550
7.5483e-18	247.584	6560
7.47428e-18	244.93	6570
7.50481e-18	246.025	6580
7.52924e-18	246.867	6590
7.58077e-18	248.772	6600
7.51888e-18	246.612	6610
7.52925e-18	246.812	6620
7.62219e-18	250.251	6630
7.66269e-18	251.753	6640
7.51761e-18	246.469	6650
7.65385e-18	251.373	6660
7.63204e-18	250.663	6670
7.61253e-18	249.856	6680
7.59935e-18	249.507	6690
7.51889e-18	246.473	6700
7.50486e-18	246.079	6710
7.52893e-18	246.728	6720
7.64856e-18	251.272	6730
7.55039e-18	247.725	6740
7.44473e-18	243.866	6750
7.53438e-18	246.993	6760
7.60992e-18	249.824	6770
7.58958e-18	249.108	6780
7.47516e-18	245.026	6790
7.49648e-18	245.554	6800
7.64515e-18	251.038	6810
7.6333e-18	250.764	6820
7.43017e-18	243.348	6830
7.47673e-18	244.995	6840
7.58707e-18	248.895	6850
7.56891e-18	248.333	6860
7.62562e-18	250.321	6870
7.65773e-18	251.563	6880
7.51521e-18	246.402	6890
7.64278e-18	250.9	6900
7.6754e-18	252.223	6910
7.65979e-18	251.596	6920
7.62948e-18	250.556	6930
7.53077e-18	246.933	6940
7.53877e-18	247.147	6950
7.63899e-18	250.879	6960
7.57935e-18	248.766	6970
7.58741e-18	248.908	6980
7.65079e-18	251.256	6990
7.61147e-18	249.911	7000
7.48585e-18	245.411	7010
7.38689e-18	241.64	7020
7.59952e-18	249.376	7030
7.64873e-18	251.234	7040
7.55233e-18	247.824	7050
7.48504e-18	245.11	7060
7.69968e-18	253.025	7070
7.60069e-18	249.514	7080
7.52964e-18	246.833	7090
7.68595e-18	252.514	7100
7.62484e-18	250.366	7110
7.701e-18	252.952	7120
7.78063e-18	255.988	7130
7.73666e-18	254.289	7140
7.82497e-18	257.57	7150
7.82267e-18	257.477	7160
7.83258e-18	257.835	7170
7.88146e-18	259.572	7180
7.86894e-18	259.145	7190
7.80518e-18	256.91	7200
7.82687e-18	257.539	7210
7.8879e-18	259.888	7220
7.80051e-18	256.663	7230
7.77035e-18	255.535	7240
7.80866e-18	256.954	7250
7.97349e-18	262.812	7260
8.01861e-18	264.617	7270
7.94469e-18	261.881	7280
7.92736e-18	261.247	7290
7.918e-18	260.877	7300
7.96557e-18	262.524	7310
8.04197e-18	265.437	7320
7.94248e-18	261.766	7330
8.05131e-18	265.708	7340
8.08812e-18	266.904	7350
8.15072e-18	269.45	7360
8.00881e-18	264.191	7370
8.03599e-18	265.065	7380
8.05879e-18	266.067	7390
8.03405e-18	265.156	7400
7.98941e-18	263.422	7410
8.02458e-18	264.849	7420
7.8999e-18	260.178	7430
7.96015e-18	262.401	7440
7.94072e-18	261.791	7450
7.90548e-18	260.473	7460
7.91361e-18	260.583	7470
7.89751e-18	260.248	7480
7.82291e-18	257.474	7490
7.83937e-18	258.016	7500
7.84087e-18	258.145	7510
7.82289e-18	257.427	7520
7.89392e-18	259.972	7530
7.93779e-18	261.59	7540
7.86193e-18	258.933	7550
7.80809e-18	256.957	7560
7.65297e-18	251.374	7570
7.73218e-18	254.013	7580
7.83165e-18	257.793	7590
7.6089e-18	249.871	7600
7.7294e-18	253.885	7610
7.77989e-18	256.007	7620
7.60201e-18	249.53	7630
7.62007e-18	250.058	7640
7.73336e-18	254.107	7650
7.79761e-18	256.608	7660
7.65749e-18	251.593	7670
7.64342e-18	250.893	7680
7.68557e-18	252.425	7690
7.73147e-18	254.188	7700
7.67202e-18	251.966	7710
7.78743e-18	256.172	7720
7.75203e-18	254.811	7730
7.77402e-18	255.648	7740
7.78467e-18	256.065	7750
7.80412e-18	256.702	7760
7.84659e-18	258.288	7770
7.86669e-18	259.102	7780
7.7724e-18	255.582	7790
7.87263e-18	259.289	7800
7.96216e-18	262.422	7810
8.07954e-18	266.648	7820
8.07479e-18	266.534	7830
7.97393e-18	263.032	7840
7.91021e-18	260.552	7850
8.01421e-18	264.292	7860
8.04446e-18	265.369	7870
8.06266e-18	266.133	7880
7.96054e-18	262.437	7890
7.9478e-18	261.974	7900
7.94817e-18	261.953	7910
7.99627e-18	263.694	7920
7.95191e-18	262.151	7930
7.8815e-18	259.512	7940
7.82764e-18	257.694	7950
7.78202e-18	255.942	7960
7.81036e-18	256.962	7970
7.82906e-18	257.645	7980
7.76812e-18	255.498	7990
7.77216e-18	255.521	8000
7.89164e-18	259.903	8010
7.86335e-18	258.848	8020
7.9605e-18	262.318	8030
7.83833e-18	258.132	8040
7.77528e-18	255.642	8050
7.89262e-18	259.875	8060
7.92805e-18	261.246	8070
7.96656e-18	262.568	8080
7.94374e-18	261.844	8090
7.79725e-18	256.56	8100
7.84947e-18	258.219	8110
8.03414e-18	265.027	8120
7.91436e-18	260.801	8130
7.9929e-18	263.5	8140
7.99811e-18	263.733	8150
8.04973e-18	265.544	8160
8.13578e-18	268.651	8170
8.11327e-18	267.981	8180
8.13326e-18	268.518	8190
8.23144e-18	272.164	8200
8.24062e-18	272.63	8210
8.14864e-18	269.085	8220
8.22677e-18	272	8230
8.16716e-18	269.835	8240
8.19581e-18	270.928	8250
8.27098e-18	273.562	8260
8.20791e-18	271.364	8270
8.16268e-18	269.693	8280
8.10974e-18	267.779	8290
8.20416e-18	271.114	8300
8.14246e-18	269.014	8310
8.18318e-18	270.362	8320
8.13954e-18	268.934	8330
8.07274e-18	266.408	8340
8.13454e-18	268.66	8350
8.21189e-18	271.429	8360
8.08003e-18	266.738	8370
8.2458e-18	272.688	8380
8.1402e-18	268.82	8390
8.25084e-18	272.821	8400
8.17527e-18	270.266	8410
8.10602e-18	267.61	8420
8.12288e-18	268.221	8430
8.09177e-18	267.215	8440
8.00978e-18	264.143	8450
8.11058e-18	267.853	8460
8.03197e-18	264.931	8470
8.08506e-18	266.861	8480
8.06164e-18	266.003	8490
8.11063e-18	267.797	8500
8.08401e-18	266.878	8510
8.0748e-18	266.482	8520
8.09827e-18	267.313	8530
8.13371e-18	268.676	8540
7.99301e-18	263.6	8550
8.01025e-18	264.095	8560
8.08611e-18	266.978	8570
8.00962e-18	264.165	8580
7.95818e-18	262.251	8590
8.15187e-18	269.205	8600
8.07718e-18	266.7	8610
7.91544e-18	260.831	8620
7.88577e-18	259.638	8630
7.9305e-18	261.179	8640
8.1216e-18	268.156	8650
8.08247e-18	266.773	8660
8.10171e-18	267.529	8670
8.03379e-18	265.018	8680
8.10532e-18	267.55	8690
8.06523e-18	266.29	8700
8.02741e-18	264.704	8710
8.07989e-18	266.765	8720
7.9698e-18	262.738	8730
8.02645e-18	264.72	8740
7.93304e-18	261.511	8750
7.98966e-18	263.372	8760
7.99769e-18	263.75	8770
7.89001e-18	259.911	8780
7.89694e-18	259.978	8790
7.99052e-18	263.459	8800
7.97166e-18	262.789	8810
8.11916e-18	268.127	8820
7.97791e-18	263.103	8830
7.83601e-18	257.871	8840
7.99397e-18	263.479	8850
7.9673e-18	262.723	8860
7.98071e-18	262.998	8870
8.06505e-18	266.132	8880
8.02764e-18	264.807	8890
8.15231e-18	269.232	8900
8.17826e-18	270.293	8910
8.07704e-18	266.591	8920
8.03509e-18	265.181	8930
7.96989e-18	262.701	8940
7.96931e-18	262.685	8950
8.01243e-18	264.239	8960
8.00663e-18	264.007	8970
8.05796e-18	265.99	8980
7.94661e-18	261.912	8990
7.96923e-18	262.674	9000
7.93441e-18	261.52	9010
7.91881e-18	260.85	9020
7.93497e-18	261.433	9030
7.89133e-18	259.944	9040
7.84317e-18	258.095	9050
7.97077e-18	262.726	9060
8.01364e-18	264.293	9070
7.86083e-18	258.804	9080
7.91397e-18	260.662	9090
7.80526e-18	256.842	9100
7.81905e-18	257.228	9110
7.78941e-18	256.157	9120
7.91978e-18	260.789	9130
8.01804e-18	264.412	9140
7.92656e-18	261.28	9150
7.83727e-18	257.84	9160
7.95815e-18	262.268	9170
7.84135e-18	258.138	9180
7.916e-18	260.732	9190
7.9667e-18	262.538	9200
7.92866e-18	261.262	9210
7.87851e-18	259.396	9220
7.99088e-18	263.391	9230
8.06166e-18	265.997	9240
8.01703e-18	264.467	9250
7.98546e-18	263.251	9260
8.00091e-18	263.793	9270
8.00673e-18	264.154	9280
7.90623e-18	260.302	9290
8.03718e-18	265.159	9300
7.8887e-18	259.898	9310
7.93595e-18	261.419	9320
7.98791e-18	263.332	9330
8.00915e-18	264.152	9340
7.91875e-18	260.892	9350
7.89178e-18	259.85	9360
7.8655e-18	258.984	9370
7.8898e-18	259.772	9380
7.88415e-18	259.557	9390
7.85562e-18	258.601	9400
7.92857e-18	261.177	9410
7.86065e-18	258.764	9420
7.93935e-18	261.539	9430
7.90053e-18	260.217	9440
7.96661e-18	262.548	9450
7.96907e-18	262.651	9460
7.97455e-18	262.891	9470
7.95904e-18	262.335	9480
7.89585e-18	260.068	9490
7.968e-18	262.54	9500
8.0009e-18	263.824	9510
8.04315e-18	265.274	9520
8.07924e-18	266.77	9530
7.91687e-18	260.859	9540
7.84401e-18	258.098	9550
8.10129e-18	267.365	9560
8.03733e-18	265.139	9570
8.01807e-18	264.457	9580
8.04998e-18	265.586	9590
7.99215e-18	263.509	9600
8.06229e-18	266.034	9610
7.93573e-18	261.418	9620
8.04683e-18	265.458	9630
8.05364e-18	265.694	9640
8.04467e-18	265.357	9650
8.0848e-18	266.846	9660
8.03208e-18	264.929	9670
8.00714e-18	264.06	9680
7.98805e-18	263.352	9690
8.0813e-18	266.689	9700
8.1342e-18	268.628	9710
8.12388e-18	268.205	9720
8.22382e-18	271.834	9730
8.21842e-18	271.695	9740
8.15915e-18	269.566	9750
8.16216e-18	269.709	9760
8.059e-18	265.879	9770
8.18411e-18	270.353	9780
8.23972e-18	272.439	9790
8.13619e-18	268.808	9800
8.1372e-18	268.704	9810
8.22354e-18	271.844	9820
8.14831e-18	269.207	9830
8.07416e-18	266.466	9840
8.07755e-18	266.531	9850
8.04973e-18	265.68	9860
7.97575e-18	262.88	9870
8.00957e-18	264.143	9880
7.97494e-18	262.915	9890
7.98502e-18	263.204	9900
7.98615e-18	263.312	9910
7.9944e-18	263.563	9920
7.93718e-18	261.56	9930
7.90476e-18	260.368	9940
7.97645e-18	262.894	9950
7.99297e-18	263.585	9960
7.87779e-18	259.361	9970
7.98416e-18	263.124	9980
7.91723e-18	260.889	9990
7.84304e-18	258.136	10000
7.86692e-18	258.988	10010
7.82137e-18	257.321	10020
7.85009e-18	258.375	10030
7.90286e-18	260.24	10040
7.93728e-18	261.62	10050
7.75098e-18	254.788	10060
7.78787e-18	256.054	10070
7.87657e-18	259.286	10080
7.98021e-18	263.05	10090
7.89067e-18	259.913	10100
7.83024e-18	257.65	10110
7.89726e-18	260.013	10120
7.93726e-18	261.552	10130
7.84462e-18	258.185	10140
7.934e-18	261.274	10150
7.99309e-18	263.599	10160
7.93889e-18	261.583	10170
7.89007e-18	259.923	10180
7.81072e-18	256.855	10190
7.98077e-18	263.036	10200
7.87055e-18	259.183	10210
7.9187e-18	260.728	10220
7.96107e-18	262.415	10230
7.87313e-18	259.328	10240
7.90222e-18	260.16	10250
7.91633e-18	260.841	10260
7.83684e-18	257.814	10270
8.02739e-18	264.776	10280
7.92989e-18	261.288	10290
7.91985e-18	260.92	10300
8.03577e-18	264.98	10310
8.00546e-18	264.099	10320
7.99418e-18	263.504	10330
7.96595e-18	262.562	10340
8.05187e-18	265.611	10350
8.0679e-18	266.334	10360
7.9658e-18	262.415	10370
8.04251e-18	265.382	10380
8.10953e-18	267.727	10390
8.08264e-18	266.759	10400
8.14753e-18	269.108	10410
8.05276e-18	265.757	10420
8.15525e-18	269.361	10430
8.1391e-18	268.744	10440
8.15363e-18	269.335	10450
8.31733e-18	275.202	10460
8.18972e-18	270.755	10470
8.03098e-18	264.933	10480
8.12917e-18	268.366	10490
8.21985e-18	271.686	10500
8.17473e-18	270.146	10510
8.05799e-18	265.907	10520
7.99224e-18	263.599	10530
8.06233e-18	265.861	10540
8.21377e-18	271.533	10550
8.15939e-18	269.515	10560
8.07488e-18	266.555	10570
8.11981e-18	268.079	10580
8.04949e-18	265.566	10590
8.12678e-18	268.318	10600
8.07606e-18	266.598	10610
8.0656e-18	266.16	10620
8.08785e-18	266.973	10630
8.04704e-18	265.56	10640
7.96637e-18	262.566	10650
7.99063e-18	263.425	10660
7.92014e-18	260.934	10670
7.96916e-18	262.672	10680
7.85451e-18	258.585	10690
7.90821e-18	260.406	10700
7.92181e-18	261.052	10710
7.8676e-18	258.969	10720
7.96668e-18	262.511	10730
7.99649e-18	263.637	10740
7.96371e-18	262.624	10750
7.86785e-18	258.896	10760
8.00734e-18	264.098	10770
7.98807e-18	263.356	10780
7.92238e-18	260.975	10790
7.99553e-18	263.658	10800
7.86685e-18	259.093	10810
7.71351e-18	253.403	10820
7.87064e-18	259.064	10830
7.96381e-18	262.416	10840
7.962e-18	262.499	10850
7.80865e-18	256.965	10860
7.8102e-18	256.863	10870
7.94487e-18	261.736	10880
7.87363e-18	259.351	10890
7.80616e-18	256.835	10900
7.68086e-18	252.261	10910
7.81972e-18	257.253	10920
7.89253e-18	259.859	10930
7.90725e-18	260.412	10940
7.88919e-18	259.862	10950
7.82282e-18	257.404	10960
7.85909e-18	258.64	10970
7.92634e-18	261.209	10980
7.79162e-18	256.367	10990
7.9398e-18	261.474	11000
7.94377e-18	261.795	11010
7.97682e-18	262.915	11020
7.96879e-18	262.626	11030
8.01292e-18	264.378	11040
7.84362e-18	258.162	11050
7.88734e-18	259.677	11060
8.01783e-18	264.386	11070
8.08419e-18	266.841	11080
7.96618e-18	262.609	11090
8.01823e-18	264.399	11100
8.00204e-18	263.996	11110
7.90118e-18	260.09	11120
7.96736e-18	262.671	11130
7.90296e-18	260.318	11140
7.97843e-18	263.029	11150
7.94391e-18	261.681	11160
8.00516e-18	263.958	11170
7.95558e-18	262.209	11180
7.99981e-18	263.803	11190
7.88262e-18	259.692	11200
7.93931e-18	261.509	11210
8.05929e-18	265.908	11220
8.08328e-18	266.797	11230
8.03605e-18	265.163	11240
7.96273e-18	262.415	11250
7.93794e-18	261.653	11260
7.88604e-18	259.582	11270
8.04167e-18	265.272	11280
8.02279e-18	264.661	11290
7.96375e-18	262.552	11300
7.91593e-18	260.76	11310
7.97093e-18	262.696	11320
8.0227e-18	264.594	11330
7.95163e-18	262.055	11340
8.08025e-18	266.72	11350
7.97588e-18	262.954	11360
7.99734e-18	263.696	11370
8.05268e-18	265.728	11380
7.95796e-18	262.371	11390
8.09623e-18	267.162	11400
8.09573e-18	267.321	11410
8.08957e-18	267.01	11420
8.143e-18	268.983	11430
8.07392e-18	266.582	11440
7.91274e-18	260.719	11450
7.89891e-18	260.067	11460
8.05039e-18	265.598	11470
8.03597e-18	265.106	11480
8.10181e-18	267.473	11490
8.11451e-18	267.927	11500
8.07881e-18	266.716	11510
8.10789e-18	267.658	11520
8.05765e-18	265.981	11530
8.01494e-18	264.327	11540
7.99752e-18	263.744	11550
8.06677e-18	266.147	11560
8.10646e-18	267.613	11570
8.27222e-18	273.619	11580
8.14725e-18	269.195	11590
8.14294e-18	269.004	11600
8.10146e-18	267.492	11610
8.17569e-18	270.219	11620
8.01324e-18	264.229	11630
8.03136e-18	264.916	11640
8.19459e-18	270.758	11650
8.15777e-18	269.547	11660
8.16963e-18	269.928	11670
8.20077e-18	271.05	11680
8.2433e-18	272.616	11690
8.18645e-18	270.647	11700
8.07664e-18	266.603	11710
8.07848e-18	266.611	11720
8.25981e-18	273.151	11730
8.23026e-18	272.096	11740
8.10795e-18	267.832	11750
8.15716e-18	269.443	11760
8.17068e-18	269.949	11770
8.30832e-18	274.878	11780
8.34928e-18	276.483	11790
8.17729e-18	270.292	11800
8.17349e-18	270.123	11810
8.11068e-18	267.81	11820
8.21229e-18	271.422	11830
8.25338e-18	272.971	11840
8.24471e-18	272.713	11850
8.09131e-18	267.135	11860
8.29654e-18	274.405	11870
8.35595e-18	276.687	11880
8.23937e-18	272.513	11890
8.32256e-18	275.371	11900
8.3692e-18	277.172	11910
8.29883e-18	274.654	11920
8.25391e-18	272.951	11930
8.18409e-18	270.489	11940
8.11949e-18	268.206	11950
8.05868e-18	265.89	11960
8.16671e-18	269.819	11970
8.103e-18	267.549	11980
8.04183e-18	265.41	11990
8.00424e-18	263.969	12000
8.03686e-18	265.105	12010
8.0402e-18	265.345	12020
7.98951e-18	263.418	12030
7.91038e-18	260.635	12040
8.08689e-18	266.794	12050
8.10946e-18	267.806	12060
8.03829e-18	265.25	12070
8.03996e-18	265.22	12080
7.92706e-18	261.287	12090
7.91149e-18	260.553	12100
8.05246e-18	265.644	12110
8.03036e-18	265.026	12120
7.86199e-18	258.879	12130
7.8648e-18	258.893	12140
7.85343e-18	258.525	12150
7.90711e-18	260.393	12160
7.93364e-18	261.396	12170
8.01014e-18	264.146	12180
7.90775e-18	260.604	12190
8.0201e-18	264.451	12200
8.04152e-18	265.348	12210
7.95509e-18	262.209	12220
8.017e-18	264.333	12230
8.16062e-18	269.628	12240
8.14684e-18	269.121	12250
8.10956e-18	267.808	12260
8.06053e-18	266.067	12270
8.02703e-18	264.738	12280
8.05797e-18	265.882	12290
8.06004e-18	265.968	12300
8.07971e-18	266.735	12310
8.01307e-18	264.27	12320
7.98582e-18	263.361	12330
7.84044e-18	258.081	12340
7.93201e-18	261.243	12350
7.96929e-18	262.786	12360
7.94105e-18	261.658	12370
7.97247e-18	262.815	12380
8.00295e-18	263.905	12390
7.8984e-18	260.229	12400
7.94313e-18	261.726	12410
7.9162e-18	260.845	12420
7.91233e-18	260.603	12430
7.96283e-18	262.454	12440
7.94471e-18	261.836	12450
8.02312e-18	264.641	12460
8.06109e-18	265.942	12470
8.1151e-18	268.016	12480
8.13943e-18	268.81	12490
8.18055e-18	270.359	12500
8.16487e-18	269.753	12510
8.09783e-18	267.425	12520
8.13607e-18	268.662	12530
8.22043e-18	271.88	12540
8.13077e-18	268.514	12550
8.205e-18	271.144	12560
8.16571e-18	269.904	12570
8.22071e-18	271.747	12580
8.13698e-18	268.856	12590
8.13418e-18	268.654	12600
8.22522e-18	271.865	12610
8.27783e-18	273.896	12620
8.12875e-18	268.575	12630
8.123e-18	268.17	12640
8.21928e-18	271.748	12650
8.14711e-18	269.171	12660
8.09626e-18	267.365	12670
8.06838e-18	266.181	12680
8.21287e-18	271.528	12690
8.18705e-18	270.582	12700
8.15947e-18	269.566	12710
8.07236e-18	266.531	12720
7.93565e-18	261.435	12730
8.04669e-18	265.483	12740
8.02707e-18	264.872	12750
7.90871e-18	260.514	12760
7.95001e-18	262.039	12770
7.88885e-18	259.778	12780
7.98364e-18	263.13	12790
7.9267e-18	261.311	12800
7.74833e-18	254.643	12810
7.94234e-18	261.696	12820
7.86214e-18	258.899	12830
7.90506e-18	260.371	12840
7.81512e-18	257.209	12850
7.81974e-18	257.215	12860
7.93249e-18	261.36	12870
7.79984e-18	256.656	12880
7.83492e-18	257.892	12890
7.71072e-18	253.437	12900
7.77326e-18	255.512	12910
7.91327e-18	260.657	12920
7.79486e-18	256.527	12930
7.66825e-18	251.824	12940
7.77364e-18	255.549	12950
7.84795e-18	258.381	12960
7.90839e-18	260.505	12970
7.9316e-18	261.389	12980
7.79588e-18	256.513	12990
7.8511e-18	258.429	13000
7.859e-18	258.718	13010
7.83148e-18	257.75	13020
7.86731e-18	259.043	13030
7.87617e-18	259.305	13040
7.95892e-18	262.314	13050
7.92125e-18	261.033	13060
7.94932e-18	261.961	13070
7.98403e-18	263.255	13080
8.03038e-18	264.856	13090
8.01042e-18	264.292	13100
7.99575e-18	263.679	13110
7.93741e-18	261.684	13120
7.85012e-18	258.333	13130
7.89328e-18	260.014	13140
7.9561e-18	262.161	13150
8.00939e-18	264.189	13160
7.9575e-18	262.333	13170
7.95219e-18	262.098	13180
7.92369e-18	261.081	13190
7.91988e-18	260.913	13200
7.8765e-18	259.436	13210
7.96912e-18	262.58	13220
8.0427e-18	265.382	13230
7.9807e-18	263.214	13240
7.86676e-18	258.942	13250
7.95703e-18	262.35	13260
7.9415e-18	261.63	13270
8.01837e-18	264.492	13280
8.01703e-18	264.444	13290
7.99877e-18	263.791	13300
8.01361e-18	264.277	13310
8.08458e-18	266.89	13320
8.03268e-18	264.99	13330
8.07317e-18	266.424	13340
8.16476e-18	269.804	13350
8.14774e-18	269.088	13360
8.08674e-18	267.071	13370
8.10196e-18	267.49	13380
8.10188e-18	267.506	13390
8.08272e-18	266.834	13400
8.06913e-18	266.26	13410
8.21071e-18	271.414	13420
8.08128e-18	266.847	13430
8.10085e-18	267.369	13440
8.26969e-18	273.663	13450
8.09016e-18	267.088	13460
8.12962e-18	268.518	13470
8.15917e-18	269.538	13480
8.29968e-18	274.63	13490
8.2456e-18	272.711	13500
8.16703e-18	269.925	13510
8.27778e-18	273.786	13520
8.17694e-18	270.387	13530
8.0919e-18	267.169	13540
8.16293e-18	269.589	13550
8.31476e-18	275.204	13560
8.23177e-18	272.275	13570
8.23844e-18	272.408	13580
8.26131e-18	273.236	13590
8.2128e-18	271.642	13600
8.05261e-18	265.75	13610
8.14079e-18	268.855	13620
8.14147e-18	268.911	13630
8.13494e-18	268.696	13640
8.10492e-18	267.632	13650
8.10784e-18	267.707	13660
8.12133e-18	268.168	13670
8.0571e-18	265.962	13680
8.11738e-18	268.071	13690
8.09353e-18	267.229	13700
8.1832e-18	270.379	13710
8.16807e-18	269.839	13720
8.22205e-18	271.948	13730
8.12511e-18	268.343	13740
8.13578e-18	268.65	13750
8.17103e-18	270.041	13760
8.20712e-18	271.318	13770
8.10611e-18	267.654	13780
8.23158e-18	272.162	13790
8.18664e-18	270.582	13800
8.19522e-18	270.892	13810
8.14699e-18	269.139	13820
8.07713e-18	266.692	13830
8.16036e-18	269.503	13840
8.17291e-18	270.028	13850
8.17241e-18	270.181	13860
8.08659e-18	266.952	13870
8.12995e-18	268.449	13880
8.16608e-18	269.934	13890
8.01481e-18	264.347	13900
8.12283e-18	268.208	13910
8.07197e-18	266.503	13920
8.05435e-18	265.735	13930
8.09923e-18	267.495	13940
7.97359e-18	262.796	13950
8.05822e-18	265.951	13960
7.92191e-18	261.12	13970
7.86556e-18	258.837	13980
8.09218e-18	267.088	13990
8.12208e-18	268.23	14000
8.07785e-18	266.639	14010
8.0122e-18	264.352	14020
7.78656e-18	256.134	14030
7.97765e-18	262.821	14040
8.0569e-18	265.925	14050
8.05949e-18	265.991	14060
8.10566e-18	267.6	14070
8.16221e-18	269.755	14080
8.18426e-18	270.389	14090
8.24903e-18	272.784	14100
8.26359e-18	273.354	14110
8.2528e-18	273.004	14120
8.20657e-18	271.308	14130
8.14404e-18	269.053	14140
8.16123e-18	269.598	14150
8.2335e-18	272.252	14160
8.07749e-18	266.69	14170
8.21363e-18	271.467	14180
8.23538e-18	272.365	14190
8.14781e-18	269.23	14200
8.19833e-18	270.968	14210
8.14474e-18	269.116	14220
8.17393e-18	270.006	14230
8.20457e-18	271.212	14240
8.18409e-18	270.48	14250
8.24901e-18	272.82	14260
8.16144e-18	269.715	14270
8.11787e-18	268.082	14280
8.15006e-18	269.246	14290
8.19546e-18	270.874	14300
8.20825e-18	271.315	14310
8.29875e-18	274.607	14320
8.34828e-18	276.404	14330
8.29229e-18	274.464	14340
8.13375e-18	268.714	14350
8.17235e-18	269.998	14360
8.26196e-18	273.202	14370
8.28138e-18	274.043	14380
8.15453e-18	269.437	14390
8.23823e-18	272.401	14400
8.20566e-18	271.32	14410
8.27237e-18	273.619	14420
8.21115e-18	271.493	14430
8.19318e-18	270.75	14440
8.22937e-18	272.099	14450
8.25064e-18	272.834	14460
8.17937e-18	270.315	14470
8.10599e-18	267.667	14480
8.30689e-18	274.785	14490
8.29082e-18	274.366	14500
8.18476e-18	270.631	14510
8.13091e-18	268.518	14520
8.12157e-18	268.181	14530
8.27263e-18	273.569	14540
8.31219e-18	275.145	14550
8.20527e-18	271.279	14560
8.15751e-18	269.557	14570
8.14e-18	268.915	14580
8.13465e-18	268.614	14590
8.18251e-18	270.422	14600
8.13891e-18	268.964	14610
8.02295e-18	264.68	14620
8.02118e-18	264.483	14630
8.16668e-18	269.86	14640
8.10805e-18	267.713	14650
8.1431e-18	268.975	14660
8.10515e-18	267.661	14670
8.09416e-18	267.166	14680
8.18816e-18	270.56	14690
8.23856e-18	272.486	14700
8.16175e-18	269.687	14710
8.12044e-18	268.234	14720
8.15377e-18	269.324	14730
8.20562e-18	271.195	14740
8.24155e-18	272.551	14750
8.2171e-18	271.712	14760
8.20595e-18	271.13	14770
8.34507e-18	276.331	14780
8.24524e-18	272.713	14790
8.16996e-18	270.009	14800
8.08004e-18	266.735	14810
8.1845e-18	270.408	14820
8.22903e-18	272.101	14830
8.10916e-18	267.837	14840
8.06563e-18	266.182	14850
8.12544e-18	268.295	14860
8.10984e-18	267.725	14870
8.19184e-18	270.768	14880
8.26539e-18	273.363	14890
8.27426e-18	273.745	14900
8.23243e-18	272.275	14910
8.07478e-18	266.466	14920
8.16756e-18	269.83	14930
8.26128e-18	273.182	14940
8.13995e-18	269.02	14950
8.2123e-18	271.438	14960
8.21064e-18	271.432	14970
8.26571e-18	273.358	14980
8.31778e-18	275.353	14990
8.27044e-18	273.521	15000
8.25435e-18	273.055	15010
8.21378e-18	271.454	15020
8.18897e-18	270.662	15030
8.23968e-18	272.458	15040
8.14296e-18	269.059	15050
8.10648e-18	267.607	15060
8.17578e-18	270.139	15070
8.21376e-18	271.443	15080
8.21844e-18	271.745	15090
8.1868e-18	270.543	15100
8.20269e-18	271.173	15110
8.14743e-18	269.095	15120
8.22322e-18	271.841	15130
8.20805e-18	271.418	15140
8.16418e-18	269.681	15150
8.37704e-18	277.296	15160
8.3156e-18	275.358	15170
8.18368e-18	270.498	15180
8.1724e-18	270.041	15190
8.15174e-18	269.294	15200
8.19549e-18	270.82	15210
8.22797e-18	272.038	15220
8.16838e-18	269.909	15230
8.20592e-18	271.245	15240
8.13427e-18	268.716	15250
8.15707e-18	269.49	15260
8.04283e-18	265.393	15270
8.18561e-18	270.437	15280
8.29858e-18	274.555	15290
8.26443e-18	273.373	15300
8.38268e-18	277.576	15310
8.13984e-18	269.01	15320
8.10869e-18	267.658	15330
8.13886e-18	268.907	15340
8.18269e-18	270.255	15350
8.30434e-18	274.811	15360
8.21868e-18	271.772	15370
8.1748e-18	270.163	15380
8.07748e-18	266.602	15390
8.15833e-18	269.531	15400
8.14899e-18	269.231	15410
8.0961e-18	267.304	15420
8.14152e-18	268.877	15430
8.10211e-18	267.507	15440
8.1466e-18	269.147	15450
8.08143e-18	266.829	15460
8.11415e-18	267.848	15470
8.20402e-18	271.194	15480
8.09632e-18	267.211	15490
8.24738e-18	272.717	15500
8.17516e-18	270.266	15510
8.191e-18	270.576	15520
8.24541e-18	272.737	15530
8.2193e-18	271.743	15540
8.17016e-18	269.994	15550
8.21403e-18	271.516	15560
8.13224e-18	268.649	15570
8.15773e-18	269.455	15580
8.12839e-18	268.535	15590
8.11158e-18	267.834	15600
8.21777e-18	271.659	15610
8.22488e-18	271.962	15620
8.09521e-18	267.381	15630
8.05816e-18	265.893	15640
8.1584e-18	269.5	15650
8.07997e-18	266.767	15660
8.06884e-18	266.214	15670
8.15562e-18	269.463	15680
8.10282e-18	267.63	15690
8.02967e-18	264.888	15700
7.95502e-18	262.187	15710
7.98989e-18	263.411	15720
8.16215e-18	269.663	15730
8.01295e-18	264.372	15740
8.04836e-18	265.502	15750
8.05383e-18	265.809	15760
8.17645e-18	270.15	15770
8.06685e-18	266.307	15780
8.02562e-18	264.707	15790
8.057e-18	265.951	15800
8.00776e-18	264.075	15810
7.96528e-18	262.629	15820
8.034e-18	265.028	15830
8.06359e-18	266.084	15840
8.05502e-18	265.877	15850
8.03434e-18	265.03	15860
8.07327e-18	266.455	15870
8.08754e-18	266.99	15880
7.9897e-18	263.594	15890
8.00267e-18	263.731	15900
8.14017e-18	268.91	15910
8.15069e-18	269.276	15920
8.0848e-18	267.009	15930
7.97426e-18	262.928	15940
8.02158e-18	264.544	15950
8.01074e-18	264.312	15960
8.0324e-18	264.928	15970
7.98971e-18	263.538	15980
7.93917e-18	261.768	15990
7.81505e-18	257.117	16000
7.86543e-18	259.079	16010
7.76889e-18	255.469	16020
7.81203e-18	257.025	16030
7.85778e-18	258.652	16040
7.89666e-18	260.135	16050
7.81199e-18	257.159	16060
7.78084e-18	255.877	16070
7.86953e-18	259.114	16080
7.86218e-18	258.872	16090
7.86308e-18	258.887	16100
7.86626e-18	259.054	16110
7.84036e-18	258.072	16120
7.85256e-18	258.492	16130
7.87998e-18	259.562	16140
7.83954e-18	258.04	16150
7.79228e-18	256.326	16160
7.87797e-18	259.357	16170
8.05483e-18	265.79	16180
7.99981e-18	264.005	16190
7.94547e-18	261.789	16200
8.06027e-18	266.034	16210
7.96865e-18	262.771	16220
7.85392e-18	258.669	16230
7.83655e-18	257.871	16240
7.8618e-18	258.808	16250
8.0151e-18	264.353	16260
8.04867e-18	265.669	16270
7.87825e-18	259.551	16280
7.87137e-18	259.164	16290
7.89682e-18	260.121	16300
7.9278e-18	261.255	16310
7.94131e-18	261.76	16320
7.87005e-18	259.145	16330
7.8921e-18	260.06	16340
7.76289e-18	255.275	16350
7.88485e-18	259.616	16360
7.88579e-18	259.755	16370
7.81173e-18	257.091	16380
7.86614e-18	258.995	16390
7.85231e-18	258.541	16400
7.89781e-18	260.1	16410
7.90309e-18	260.359	16420
7.90326e-18	260.336	16430
7.9279e-18	261.218	16440
8.03559e-18	265.171	16450
7.81645e-18	257.347	16460
7.78992e-18	256.182	16470
7.95367e-18	262.209	16480
7.95157e-18	262.011	16490
8.05813e-18	265.969	16500
7.94893e-18	261.992	16510
7.97863e-18	263.088	16520
8.03606e-18	265.197	16530
7.93494e-18	261.572	16540
7.85924e-18	258.792	16550
7.82773e-18	257.619	16560
7.91923e-18	260.903	16570
7.97021e-18	262.753	16580
8.01891e-18	264.451	16590
8.0111e-18	264.417	16600
7.86078e-18	258.766	16610
7.99491e-18	263.627	16620
7.91436e-18	260.837	16630
7.96398e-18	262.56	16640
7.96921e-18	262.659	16650
7.93428e-18	261.555	16660
7.85475e-18	258.656	16670
7.98267e-18	263.045	16680
8.00784e-18	264.256	16690
7.89644e-18	260.068	16700
8.04517e-18	265.431	16710
7.99901e-18	263.88	16720
7.95432e-18	262.163	16730
8.00782e-18	264.108	16740
8.04267e-18	265.399	16750
7.96801e-18	262.735	16760
8.03955e-18	265.187	16770
8.1679e-18	269.915	16780
8.00819e-18	264.226	16790
8.01926e-18	264.426	16800
8.03294e-18	265.127	16810
7.9974e-18	263.742	16820
8.07327e-18	266.416	16830
8.10921e-18	267.798	16840
8.08931e-18	267.164	16850
8.06502e-18	266.198	16860
8.06604e-18	266.289	16870
7.96963e-18	262.726	16880
8.07316e-18	266.432	16890
8.07793e-18	266.751	16900
7.92852e-18	261.336	16910
7.93238e-18	261.322	16920
8.05487e-18	265.778	16930
8.12959e-18	268.547	16940
8.01985e-18	264.595	16950
7.91821e-18	260.92	16960
7.92851e-18	261.184	16970
8.01962e-18	264.562	16980
8.01442e-18	264.325	16990
8.02704e-18	264.88	17000
7.95454e-18	262.187	17010
8.01529e-18	264.364	17020
8.0651e-18	266.156	17030
8.11963e-18	268.146	17040
8.13495e-18	268.778	17050
7.94668e-18	261.947	17060
7.95152e-18	262.139	17070
8.04613e-18	265.412	17080
8.04434e-18	265.505	17090
7.96232e-18	262.468	17100
8.06773e-18	266.316	17110
7.95245e-18	262.233	17120
7.94821e-18	261.872	17130
8.08437e-18	266.927	17140
8.09596e-18	267.198	17150
8.05053e-18	265.77	17160
7.93855e-18	261.661	17170
8.00405e-18	263.882	17180
8.12538e-18	268.451	17190
8.06381e-18	266.08	17200
8.10572e-18	267.684	17210
7.99956e-18	263.906	17220
7.9374e-18	261.49	17230
8.0737e-18	266.573	17240
8.09023e-18	267.133	17250
7.99705e-18	263.729	17260
7.96242e-18	262.522	17270
7.9699e-18	262.722	17280
8.05492e-18	265.856	17290
8.02298e-18	264.694	17300
7.99831e-18	263.739	17310
8.04199e-18	265.374	17320
8.02755e-18	264.867	17330
8.03491e-18	265.103	17340
8.03958e-18	265.288	17350
8.07299e-18	266.491	17360
7.9216e-18	261.097	17370
7.94478e-18	261.851	17380
8.08104e-18	266.663	17390
8.03098e-18	265.091	17400
7.88155e-18	259.558	17410
8.06172e-18	265.96	17420
8.03747e-18	265.304	17430
7.98764e-18	263.291	17440
8.05657e-18	265.903	17450
8.04042e-18	265.285	17460
8.09764e-18	267.395	17470
8.03687e-18	265.225	17480
8.03679e-18	265.142	17490
8.11734e-18	268.075	17500
8.00969e-18	264.229	17510
8.07109e-18	266.386	17520
8.03699e-18	265.275	17530
7.96286e-18	262.498	17540
7.90968e-18	260.628	17550
7.94461e-18	261.815	17560
7.88197e-18	259.546	17570
8.00498e-18	263.942	17580
8.06599e-18	266.179	17590
8.02877e-18	264.92	17600
8.12429e-18	268.281	17610
8.08165e-18	266.925	17620
8.01434e-18	264.353	17630
8.11007e-18	267.723	17640
8.10981e-18	267.891	17650
8.00581e-18	264.102	17660
8.03624e-18	265.051	17670
8.01579e-18	264.52	17680
8.01709e-18	264.441	17690
8.0415e-18	265.335	17700
8.03176e-18	264.965	17710
8.10128e-18	267.392	17720
8.13451e-18	268.756	17730
8.01984e-18	264.613	17740
7.88199e-18	259.63	17750
7.94457e-18	261.716	17760
8.04268e-18	265.459	17770
8.00872e-18	264.118	17780
8.02864e-18	264.816	17790
8.11536e-18	268.015	17800
8.01985e-18	264.651	17810
8.07422e-18	266.414	17820
8.12484e-18	268.354	17830
8.16022e-18	269.646	17840
8.07068e-18	266.386	17850
8.08854e-18	267.112	17860
8.12068e-18	268.066	17870
8.21348e-18	271.652	17880
8.12811e-18	268.49	17890
8.11364e-18	267.882	17900
8.15359e-18	269.391	17910
8.14034e-18	268.883	17920
8.17929e-18	270.361	17930
8.06141e-18	266.074	17940
8.16936e-18	269.886	17950
8.14124e-18	269.053	17960
8.07734e-18	266.635	17970
8.11456e-18	268.019	17980
8.11949e-18	268.075	17990
8.0494e-18	265.723	18000
8.12508e-18	268.252	18010
8.15129e-18	269.462	18020
8.03157e-18	264.906	18030
8.15603e-18	269.491	18040
8.00867e-18	264.241	18050
8.02428e-18	264.651	18060
8.11988e-18	268.175	18070
8.05228e-18	265.72	18080
8.0272e-18	264.751	18090
8.05897e-18	266.05	18100
8.04928e-18	265.68	18110
8.01565e-18	264.42	18120
8.04901e-18	265.594	18130
8.08569e-18	266.849	18140
8.10556e-18	267.727	18150
8.10361e-18	267.557	18160
8.21341e-18	271.517	18170
8.16699e-18	269.937	18180
8.12972e-18	268.507	18190
8.1118e-18	267.903	18200
8.04143e-18	265.398	18210
7.97279e-18	262.864	18220
8.07271e-18	266.451	18230
8.09107e-18	267.122	18240
8.07435e-18	266.569	18250
7.99902e-18	263.931	18260
7.9867e-18	263.212	18270
8.13626e-18	268.867	18280
8.13425e-18	268.586	18290
8.22426e-18	271.932	18300
8.12855e-18	268.559	18310
8.04975e-18	265.706	18320
8.06461e-18	266.156	18330
8.12039e-18	268.195	18340
8.07666e-18	266.652	18350
8.09969e-18	267.423	18360
8.12082e-18	268.278	18370
8.03705e-18	265.154	18380
8.10298e-18	267.526	18390
8.1506e-18	269.273	18400
8.10919e-18	267.887	18410
8.11202e-18	267.816	18420
8.13219e-18	268.7	18430
8.0456e-18	265.519	18440
8.06412e-18	266.192	18450
8.02619e-18	264.837	18460
8.0284e-18	264.861	18470
8.00521e-18	264.117	18480
7.93832e-18	261.68	18490
7.94295e-18	261.74	18500
7.929e-18	261.393	18510
7.84956e-18	258.48	18520
7.76301e-18	255.313	18530
7.8546e-18	258.575	18540
7.88356e-18	259.728	18550
7.91368e-18	260.712	18560
7.89961e-18	260.265	18570
7.88263e-18	259.655	18580
7.91034e-18	260.661	18590
7.77411e-18	255.815	18600
7.74913e-18	254.723	18610
7.81274e-18	257.17	18620
7.73271e-18	254.244	18630
7.71519e-18	253.59	18640
7.73092e-18	254.179	18650
7.66468e-18	251.776	18660
7.71297e-18	253.441	18670
7.75928e-18	255.206	18680
7.75934e-18	255.209	18690
7.68785e-18	252.664	18700
7.68161e-18	252.339	18710
7.67815e-18	252.265	18720
7.6739e-18	252.083	18730
7.6949e-18	252.917	18740
7.65214e-18	251.297	18750
7.68554e-18	252.592	18760
7.64948e-18	251.207	18770
7.73364e-18	254.246	18780
7.83549e-18	257.888	18790
7.83337e-18	257.906	18800
7.78179e-18	255.993	18810
7.73499e-18	254.425	18820
7.68564e-18	252.437	18830
7.72016e-18	253.86	18840
7.75796e-18	255.033	18850
7.84177e-18	258.172	18860
7.8102e-18	257.053	18870
7.82805e-18	257.699	18880
7.76279e-18	255.336	18890
7.82917e-18	257.653	18900
7.88961e-18	259.901	18910
7.8969e-18	260.134	18920
7.81055e-18	257.142	18930
7.74215e-18	254.513	18940
7.84616e-18	258.271	18950
8.00159e-18	263.93	18960
7.8715e-18	259.276	18970
8.00423e-18	263.962	18980
7.92806e-18	261.397	18990
7.8239e-18	257.578	19000
7.77964e-18	255.845	19010
7.97137e-18	262.721	19020
8.00195e-18	264.092	19030
7.91285e-18	260.751	19040
7.89341e-18	260.072	19050
7.84703e-18	258.395	19060
7.79553e-18	256.426	19070
7.90699e-18	260.561	19080
7.77088e-18	255.652	19090
7.9413e-18	261.753	19100
7.83048e-18	257.82	19110
7.77471e-18	255.705	19120
7.8805e-18	259.497	19130
7.95274e-18	262.119	19140
7.98963e-18	263.544	19150
7.88302e-18	259.682	19160
7.85406e-18	258.66	19170
7.9126e-18	260.621	19180
7.99581e-18	263.716	19190
7.98207e-18	263.247	19200
7.92297e-18	261.066	19210
7.84869e-18	258.453	19220
7.95425e-18	262.195	19230
7.95053e-18	262.203	19240
7.87285e-18	259.25	19250
7.83643e-18	257.998	19260
7.87914e-18	259.515	19270
7.78656e-18	256.199	19280
7.83612e-18	257.933	19290
7.85465e-18	258.542	19300
7.90607e-18	260.495	19310
7.81698e-18	257.331	19320
7.80531e-18	256.812	19330
7.83372e-18	257.834	19340
7.87105e-18	259.144	19350
7.88011e-18	259.555	19360
7.9882e-18	263.33	19370
8.01335e-18	264.457	19380
7.89369e-18	260.062	19390
7.95873e-18	262.326	19400
8.00621e-18	264.109	19410
7.95051e-18	262.11	19420
7.98739e-18	263.289	19430
8.13065e-18	268.578	19440
7.99228e-18	263.709	19450
7.90946e-18	260.561	19460
7.95004e-18	262.003	19470
7.98069e-18	263.175	19480
7.94619e-18	261.977	19490
7.96617e-18	262.624	19500
8.07146e-18	266.366	19510
8.02866e-18	264.924	19520
7.94381e-18	261.909	19530
8.00243e-18	263.821	19540
8.12974e-18	268.549	19550
8.02192e-18	264.67	19560
8.09889e-18	267.503	19570
7.90461e-18	260.47	19580
7.89667e-18	260.201	19590
7.99681e-18	263.597	19600
8.06136e-18	266.13	19610
7.98659e-18	263.41	19620
7.75368e-18	255.12	19630
7.86151e-18	258.678	19640
8.01745e-18	264.485	19650
7.97191e-18	262.892	19660
7.93388e-18	261.518	19670
7.92537e-18	261.138	19680
7.9354e-18	261.581	19690
7.85889e-18	258.881	19700
7.72864e-18	253.937	19710
8.02146e-18	264.597	19720
7.92787e-18	261.304	19730
8.012e-18	264.171	19740
8.00501e-18	264.218	19750
7.79113e-18	256.289	19760
7.97499e-18	262.896	19770
7.98008e-18	263.225	19780
7.88335e-18	259.68	19790
7.85617e-18	258.672	19800
7.9132e-18	260.645	19810
7.99851e-18	263.808	19820
8.01424e-18	264.346	19830
7.98812e-18	263.537	19840
7.91243e-18	260.712	19850
7.93104e-18	261.341	19860
8.01957e-18	264.593	19870
7.84183e-18	258.256	19880
7.88232e-18	259.484	19890
8.0001e-18	263.985	19900
7.89532e-18	260.042	19910
7.94905e-18	262.044	19920
7.91972e-18	260.994	19930
7.83373e-18	257.87	19940
7.84431e-18	258.254	19950
7.92018e-18	260.94	19960
7.89807e-18	260.217	19970
7.95868e-18	262.458	19980
7.96337e-18	262.512	19990
7.94849e-18	262.046	20000
