6.92839e-19	0.00029259	0
6.9384e-19	0.0354515	10
6.96476e-19	0.129678	20
7.00784e-19	0.284273	30
7.06825e-19	0.50142	40
7.14686e-19	0.784282	50
7.24488e-19	1.13716	60
7.36388e-19	1.56572	70
7.50589e-19	2.07727	80
7.67353e-19	2.68121	90
7.87013e-19	3.38958	100
8.10002e-19	4.21791	110
8.36877e-19	5.18627	120
8.68367e-19	6.32089	130
9.05435e-19	7.65637	140
9.4937e-19	9.23905	150
1.00192e-18	11.1319	160
1.06551e-18	13.4218	170
1.14355e-18	16.2313	180
1.24092e-18	19.7356	190
1.36475e-18	24.1912	200
1.52567e-18	29.9787	210
1.73947e-18	37.6658	220
2.02892e-18	48.0703	230
2.42118e-18	62.1754	240
2.91717e-18	80.0573	250
3.32164e-18	94.9037	260
2.76116e-18	75.6248	270
1.27865e-18	21.4646	280
2.34172e-18	58.519	290
3.40756e-18	97.9582	300
3.20063e-18	90.8779	310
2.74279e-18	74.321	320
2.37735e-18	61.0408	330
2.13029e-18	52.0487	340
1.97624e-18	46.4337	350
1.8919e-18	43.349	360
1.8624e-18	42.2525	370
1.88035e-18	42.8726	380
1.94462e-18	45.1654	390
2.06017e-18	49.3062	400
2.23855e-18	55.7084	410
2.49766e-18	65.0156	420
2.85237e-18	77.776	430
3.25661e-18	92.4074	440
3.36974e-18	96.9008	450
2.53805e-18	67.3124	460
2.26479e-18	56.4765	470
2.89002e-18	78.9981	480
3.441e-18	99.0926	490
3.5196e-18	102.189	500
3.34987e-18	96.0952	510
3.21507e-18	91.1577	520
3.21398e-18	91.0277	530
3.36565e-18	96.4141	540
3.66504e-18	107.152	550
4.06371e-18	121.518	560
4.48186e-18	136.699	570
4.24927e-18	129.09	580
3.04038e-18	85.239	590
3.6967e-18	107.562	600
4.87174e-18	150.681	610
4.91604e-18	152.687	620
4.82726e-18	149.312	630
4.78129e-18	147.918	640
4.26038e-18	129.117	650
4.22778e-18	127.572	660
4.3943e-18	133.642	670
4.6485e-18	142.65	680
4.91058e-18	152.4	690
4.79308e-18	148.078	700
4.79699e-18	148.279	710
5.21551e-18	162.914	720
5.67927e-18	180.119	730
5.41864e-18	170.963	740
5.27278e-18	165.363	750
5.42423e-18	170.592	760
6.43499e-18	206.866	770
7.15361e-18	233.121	780
7.26921e-18	237.715	790
6.96303e-18	226.576	800
7.29432e-18	238.099	810
7.83342e-18	257.823	820
7.53285e-18	247.351	830
7.67967e-18	252.493	840
6.84929e-18	222.703	850
7.10717e-18	231.492	860
7.3348e-18	238.668	870
7.25397e-18	237.377	880
7.89867e-18	259.94	890
7.60378e-18	250.172	900
8.38787e-18	277.32	910
8.29856e-18	274.892	920
8.39916e-18	278.637	930
7.81077e-18	257.567	940
8.23316e-18	271.717	950
8.90883e-18	296.774	960
8.44169e-18	280.312	970
8.27071e-18	273.687	980
8.00048e-18	264.316	990
8.02518e-18	264.6	1000
8.46759e-18	281.222	1010
8.85586e-18	294.14	1020
8.23607e-18	272.798	1030
8.8622e-18	294.241	1040
9.28556e-18	310.779	1050
8.95522e-18	298.732	1060
8.80197e-18	293.157	1070
8.94916e-18	297.935	1080
8.38826e-18	278.807	1090
8.78104e-18	291.15	1100
9.07261e-18	303.237	1110
8.23836e-18	272.838	1120
9.33074e-18	311.439	1130
8.97737e-18	300.094	1140
8.56037e-18	284.074	1150
9.46336e-18	316.066	1160
8.16555e-18	270.974	1170
9.69675e-18	324.697	1180
9.21662e-18	308.619	1190
9.14082e-18	305.211	1200
9.07648e-18	302.309	1210
9.6488e-18	324.016	1220
8.62009e-18	286.556	1230
8.94263e-18	297.794	1240
8.257e-18	272.155	1250
9.16877e-18	306.011	1260
8.83715e-18	294.363	1270
8.51217e-18	283.591	1280
8.31497e-18	273.489	1290
9.51672e-18	318.933	1300
9.79016e-18	328.461	1310
9.32512e-18	312.419	1320
8.75986e-18	291.658	1330
8.54762e-18	283.485	1340
9.23943e-18	308.017	1350
9.56234e-18	320.229	1360
9.84881e-18	330.909	1370
8.4774e-18	282.361	1380
8.6313e-18	286.11	1390
9.31164e-18	311.301	1400
9.37557e-18	313.588	1410
9.35409e-18	313.001	1420
9.41226e-18	314.619	1430
9.87615e-18	331.87	1440
8.44122e-18	281.056	1450
9.40143e-18	313.911	1460
9.64121e-18	323.525	1470
9.12771e-18	303.967	1480
1.01334e-17	341.204	1490
9.86581e-18	331.31	1500
9.92993e-18	334.216	1510
8.12806e-18	268.986	1520
9.37813e-18	312.696	1530
9.64657e-18	324.57	1540
8.65007e-18	286.822	1550
9.54663e-18	319.554	1560
9.64091e-18	323.209	1570
9.76576e-18	328.141	1580
8.15571e-18	269.972	1590
9.06135e-18	302.35	1600
8.89298e-18	295.984	1610
9.38994e-18	313.703	1620
9.8349e-18	330.398	1630
9.66759e-18	324.431	1640
9.29236e-18	311.006	1650
9.06195e-18	301.768	1660
9.38724e-18	315.204	1670
8.22622e-18	271.506	1680
8.27487e-18	274.091	1690
9.03125e-18	301.732	1700
9.0697e-18	303.068	1710
8.85934e-18	294.501	1720
8.33194e-18	275.163	1730
8.70426e-18	289.78	1740
7.58547e-18	249.388	1750
8.2111e-18	271.446	1760
7.66617e-18	251.818	1770
7.64038e-18	251.777	1780
7.14452e-18	232.552	1790
7.87268e-18	259.337	1800
7.47154e-18	245.272	1810
7.0163e-18	228.713	1820
6.67117e-18	216.112	1830
6.39999e-18	206.28	1840
6.67287e-18	215.903	1850
6.70702e-18	217.272	1860
6.52354e-18	210.957	1870
6.43529e-18	207.353	1880
6.76007e-18	218.928	1890
7.03638e-18	229.078	1900
7.11734e-18	232.13	1910
6.84074e-18	222.26	1920
7.11309e-18	231.728	1930
6.54733e-18	212.294	1940
6.98677e-18	226.579	1950
7.71484e-18	254.011	1960
7.66482e-18	251.218	1970
8.53259e-18	282.784	1980
8.95329e-18	298.561	1990
8.0434e-18	266.474	2000
7.58199e-18	248.171	2010
8.52966e-18	283.006	2020
8.34756e-18	277.16	2030
7.43786e-18	243.955	2040
8.07751e-18	266.136	2050
8.60547e-18	285.901	2060
8.27214e-18	274.099	2070
7.72684e-18	254.446	2080
7.54421e-18	247.541	2090
7.63533e-18	250.917	2100
7.62556e-18	250.419	2110
7.63059e-18	250.936	2120
7.34246e-18	240.287	2130
7.33438e-18	240.071	2140
7.31639e-18	239.147	2150
7.41847e-18	243.054	2160
7.0965e-18	231.671	2170
6.82345e-18	221.525	2180
7.00944e-18	228.169	2190
7.21956e-18	235.854	2200
7.15435e-18	233.455	2210
7.12216e-18	232.304	2220
7.05629e-18	230.028	2230
7.07292e-18	230.347	2240
7.16084e-18	233.887	2250
6.95355e-18	226.085	2260
7.09056e-18	231.163	2270
6.95652e-18	226.388	2280
6.99917e-18	227.802	2290
7.02016e-18	228.544	2300
7.12332e-18	232.341	2310
7.04407e-18	229.602	2320
6.96054e-18	226.413	2330
7.10345e-18	231.55	2340
7.09743e-18	231.354	2350
7.03076e-18	229.269	2360
6.69297e-18	216.807	2370
6.80947e-18	220.994	2380
6.77168e-18	219.672	2390
6.76683e-18	219.583	2400
6.81567e-18	221.182	2410
6.81707e-18	221.228	2420
6.9268e-18	225.252	2430
6.90519e-18	224.442	2440
6.9376e-18	225.62	2450
6.93944e-18	225.659	2460
6.95767e-18	226.408	2470
6.90847e-18	224.5	2480
7.07797e-18	230.641	2490
7.09963e-18	231.448	2500
7.11207e-18	231.976	2510
7.09908e-18	231.479	2520
7.05674e-18	229.872	2530
7.14222e-18	233.041	2540
7.13928e-18	232.87	2550
7.21952e-18	235.891	2560
7.18867e-18	234.614	2570
7.28373e-18	238.127	2580
7.266e-18	237.49	2590
7.3432e-18	240.261	2600
7.32771e-18	239.767	2610
7.24923e-18	236.954	2620
7.25822e-18	237.2	2630
7.29808e-18	238.59	2640
7.27797e-18	238.056	2650
7.27698e-18	237.748	2660
7.40652e-18	242.565	2670
7.41598e-18	242.943	2680
7.30892e-18	239.08	2690
7.33372e-18	239.913	2700
7.33149e-18	239.877	2710
7.30284e-18	238.888	2720
7.28544e-18	238.146	2730
7.28686e-18	238.198	2740
7.41289e-18	242.768	2750
7.39719e-18	242.271	2760
7.4515e-18	244.089	2770
7.48888e-18	245.591	2780
7.49888e-18	245.855	2790
7.55138e-18	247.816	2800
7.46721e-18	244.77	2810
7.61622e-18	250.069	2820
7.64207e-18	251.082	2830
7.61345e-18	250.064	2840
7.62177e-18	250.332	2850
7.65853e-18	251.7	2860
7.62399e-18	250.424	2870
7.60158e-18	249.619	2880
7.69031e-18	252.783	2890
7.71882e-18	253.848	2900
7.66804e-18	252.052	2910
7.63881e-18	250.851	2920
7.70258e-18	253.267	2930
7.67937e-18	252.459	2940
7.62588e-18	250.421	2950
7.68074e-18	252.407	2960
7.80672e-18	256.993	2970
7.74941e-18	255.063	2980
7.65518e-18	251.486	2990
7.81995e-18	257.407	3000
7.83589e-18	258.118	3010
7.82764e-18	257.794	3020
7.78367e-18	256.21	3030
7.75774e-18	255.272	3040
7.72443e-18	254.018	3050
7.82921e-18	257.756	3060
7.92128e-18	261.121	3070
7.8448e-18	258.43	3080
7.81866e-18	257.495	3090
7.82255e-18	257.507	3100
7.83999e-18	258.248	3110
7.95344e-18	262.223	3120
7.928e-18	261.515	3130
7.87162e-18	259.343	3140
7.75681e-18	255.212	3150
7.84481e-18	258.358	3160
7.86597e-18	259.101	3170
7.97665e-18	263.115	3180
7.95185e-18	262.307	3190
7.92951e-18	261.412	3200
7.9527e-18	262.403	3210
7.91449e-18	260.747	3220
8.05554e-18	266.007	3230
8.12608e-18	268.473	3240
8.13237e-18	268.829	3250
8.02264e-18	264.977	3260
7.95107e-18	262.161	3270
7.95168e-18	262.241	3280
8.01593e-18	264.544	3290
8.09805e-18	267.523	3300
8.13591e-18	268.917	3310
8.13598e-18	268.838	3320
8.20461e-18	271.397	3330
8.14002e-18	269.061	3340
8.14476e-18	269.209	3350
8.06153e-18	266.215	3360
8.14185e-18	269.041	3370
8.25377e-18	273.125	3380
8.23329e-18	272.422	3390
8.239e-18	272.598	3400
8.21476e-18	271.794	3410
8.18819e-18	270.762	3420
8.21324e-18	271.614	3430
8.38821e-18	277.972	3440
8.39926e-18	278.454	3450
8.26917e-18	273.675	3460
8.33033e-18	275.866	3470
8.35066e-18	276.717	3480
8.24672e-18	272.865	3490
8.31433e-18	275.409	3500
8.21196e-18	271.633	3510
8.28797e-18	274.336	3520
8.26261e-18	273.488	3530
8.37938e-18	277.644	3540
8.41709e-18	279.015	3550
8.34446e-18	276.538	3560
8.2051e-18	271.406	3570
8.25781e-18	273.195	3580
8.29075e-18	274.564	3590
8.35072e-18	276.526	3600
8.35146e-18	276.802	3610
8.26478e-18	273.594	3620
8.23695e-18	272.461	3630
8.3597e-18	277.012	3640
8.31258e-18	275.315	3650
8.30841e-18	275.036	3660
8.41307e-18	278.966	3670
8.3697e-18	277.395	3680
8.39308e-18	278.169	3690
8.38809e-18	278.127	3700
8.26761e-18	273.593	3710
8.4281e-18	279.41	3720
8.41479e-18	279.02	3730
8.3244e-18	275.725	3740
8.37008e-18	277.295	3750
8.37249e-18	277.515	3760
8.24818e-18	272.984	3770
8.27784e-18	273.99	3780
8.2743e-18	273.878	3790
8.31074e-18	275.115	3800
8.33836e-18	276.233	3810
8.24883e-18	273.077	3820
8.22623e-18	272.032	3830
8.23749e-18	272.515	3840
8.41569e-18	279.038	3850
8.29976e-18	274.707	3860
8.41983e-18	279.196	3870
8.3693e-18	277.302	3880
8.38419e-18	277.896	3890
8.26059e-18	273.463	3900
8.28803e-18	274.336	3910
8.23291e-18	272.444	3920
8.22926e-18	272.264	3930
8.23788e-18	272.465	3940
8.29995e-18	274.743	3950
8.23291e-18	272.547	3960
8.23081e-18	272.168	3970
8.22653e-18	272.229	3980
8.13897e-18	269.046	3990
8.20888e-18	271.41	4000
8.22894e-18	272.187	4010
8.18348e-18	270.759	4020
8.11523e-18	268.095	4030
8.12652e-18	268.536	4040
8.2563e-18	273.158	4050
8.22134e-18	271.95	4060
8.17515e-18	270.428	4070
8.09041e-18	267.119	4080
8.13778e-18	269.053	4090
8.1029e-18	267.64	4100
8.125e-18	268.515	4110
8.14393e-18	269.134	4120
8.02788e-18	265.138	4130
7.9888e-18	263.474	4140
8.0943e-18	267.412	4150
7.98606e-18	263.487	4160
8.04829e-18	265.585	4170
8.15993e-18	269.754	4180
8.1683e-18	270.034	4190
8.16521e-18	269.957	4200
8.13814e-18	268.9	4210
8.14432e-18	269.221	4220
8.15535e-18	269.529	4230
8.2201e-18	271.938	4240
8.21055e-18	271.599	4250
8.12005e-18	268.385	4260
8.01283e-18	264.426	4270
8.01761e-18	264.616	4280
8.13491e-18	268.841	4290
8.09798e-18	267.379	4300
8.30692e-18	275.066	4310
8.11435e-18	268.149	4320
8.15322e-18	269.474	4330
8.13067e-18	268.753	4340
8.1727e-18	270.127	4350
8.16188e-18	270.003	4360
8.04131e-18	265.364	4370
8.19853e-18	271.071	4380
8.2088e-18	271.555	4390
8.19022e-18	270.8	4400
8.20814e-18	271.516	4410
8.14582e-18	269.23	4420
8.18705e-18	270.781	4430
8.02707e-18	264.897	4440
8.19742e-18	271.009	4450
8.11669e-18	268.297	4460
8.04687e-18	265.565	4470
8.1939e-18	270.894	4480
8.26837e-18	273.707	4490
8.15624e-18	269.592	4500
8.16956e-18	270.147	4510
8.15026e-18	269.353	4520
8.15946e-18	269.743	4530
8.11219e-18	268.001	4540
8.17266e-18	270.284	4550
8.03621e-18	265.387	4560
8.00275e-18	263.978	4570
8.15538e-18	269.546	4580
8.20912e-18	271.501	4590
8.14246e-18	269.162	4600
8.19479e-18	270.957	4610
8.15874e-18	269.761	4620
8.01622e-18	264.599	4630
8.04306e-18	265.441	4640
8.02949e-18	265.033	4650
8.05178e-18	265.778	4660
8.09393e-18	267.33	4670
8.19794e-18	271.143	4680
8.24637e-18	272.77	4690
8.27043e-18	273.775	4700
8.08683e-18	267.156	4710
8.23576e-18	272.446	4720
8.14074e-18	269.023	4730
8.22477e-18	272.111	4740
8.13665e-18	268.884	4750
8.09194e-18	267.337	4760
8.03411e-18	265.203	4770
8.17289e-18	270.107	4780
8.21711e-18	271.844	4790
8.22452e-18	272.075	4800
8.19547e-18	271.045	4810
8.17743e-18	270.428	4820
8.25509e-18	273.079	4830
8.27145e-18	273.842	4840
8.17299e-18	270.308	4850
8.17346e-18	270.192	4860
8.18641e-18	270.718	4870
8.12968e-18	268.706	4880
8.05758e-18	266.057	4890
8.2124e-18	271.498	4900
8.14517e-18	269.421	4910
7.98645e-18	263.524	4920
8.02916e-18	264.892	4930
8.17269e-18	270.214	4940
8.14983e-18	269.421	4950
8.12944e-18	268.652	4960
8.09526e-18	267.476	4970
8.02252e-18	264.753	4980
8.03232e-18	265.085	4990
8.19202e-18	270.798	5000
8.21992e-18	271.887	5010
8.28786e-18	274.347	5020
8.2622e-18	273.519	5030
8.22012e-18	271.859	5040
8.1503e-18	269.551	5050
8.09398e-18	267.3	5060
8.14309e-18	269.155	5070
8.1141e-18	268.087	5080
8.16532e-18	269.881	5090
8.20424e-18	271.332	5100
8.1762e-18	270.375	5110
8.04607e-18	265.678	5120
8.15677e-18	269.472	5130
8.17212e-18	270.35	5140
8.15114e-18	269.29	5150
8.16433e-18	270.024	5160
8.13872e-18	268.949	5170
8.10598e-18	267.854	5180
8.16188e-18	269.707	5190
8.2493e-18	272.946	5200
8.20303e-18	271.288	5210
8.16609e-18	270.101	5220
8.00859e-18	264.297	5230
7.94136e-18	261.861	5240
8.01841e-18	264.617	5250
7.93067e-18	261.4	5260
8.06907e-18	266.451	5270
7.9845e-18	263.435	5280
7.91535e-18	260.915	5290
8.04096e-18	265.4	5300
7.977e-18	263.162	5310
7.9829e-18	263.308	5320
7.95634e-18	262.443	5330
7.93404e-18	261.585	5340
7.89964e-18	260.375	5350
7.83365e-18	257.983	5360
7.87723e-18	259.47	5370
7.87973e-18	259.61	5380
7.91062e-18	260.753	5390
7.90671e-18	260.581	5400
7.84841e-18	258.582	5410
7.80274e-18	256.702	5420
8.00634e-18	264.21	5430
7.89089e-18	260.045	5440
7.89859e-18	260.271	5450
7.76554e-18	255.507	5460
7.8912e-18	259.997	5470
7.84357e-18	258.339	5480
7.87086e-18	259.237	5490
7.89101e-18	260.105	5500
7.78947e-18	256.282	5510
7.92255e-18	261.078	5520
7.9382e-18	261.749	5530
7.88975e-18	259.985	5540
7.8806e-18	259.655	5550
7.92388e-18	261.16	5560
7.96246e-18	262.674	5570
7.89701e-18	260.203	5580
7.87081e-18	259.352	5590
7.83586e-18	257.922	5600
7.96351e-18	262.67	5610
7.88851e-18	259.917	5620
7.79394e-18	256.623	5630
7.95279e-18	262.11	5640
8.05033e-18	265.788	5650
8.06036e-18	266.104	5660
8.01904e-18	264.734	5670
7.97414e-18	263.009	5680
8.03275e-18	265.129	5690
8.04091e-18	265.425	5700
7.98185e-18	263.335	5710
7.97979e-18	263.183	5720
7.92869e-18	261.444	5730
7.98878e-18	263.483	5740
8.05748e-18	265.954	5750
8.04652e-18	265.702	5760
7.98714e-18	263.456	5770
7.92013e-18	261.055	5780
8.06012e-18	266.098	5790
8.05341e-18	265.8	5800
8.14862e-18	269.289	5810
8.14022e-18	269.061	5820
7.96774e-18	262.922	5830
7.91078e-18	260.697	5840
7.97691e-18	263.046	5850
7.99758e-18	263.882	5860
8.06677e-18	266.355	5870
8.01663e-18	264.548	5880
7.99009e-18	263.599	5890
8.06869e-18	266.405	5900
8.09682e-18	267.447	5910
8.14295e-18	269.094	5920
8.09246e-18	267.385	5930
8.00344e-18	264.092	5940
8.10034e-18	267.447	5950
8.22941e-18	272.224	5960
8.11906e-18	268.353	5970
8.13563e-18	268.742	5980
8.31771e-18	275.437	5990
8.21642e-18	271.757	6000
8.24298e-18	272.722	6010
8.25847e-18	273.379	6020
8.21086e-18	271.506	6030
8.20892e-18	271.609	6040
8.1294e-18	268.677	6050
8.13921e-18	268.902	6060
8.18925e-18	270.836	6070
8.18078e-18	270.441	6080
8.24055e-18	272.702	6090
8.18698e-18	270.742	6100
8.15979e-18	269.725	6110
8.14596e-18	269.192	6120
8.26883e-18	273.711	6130
8.1152e-18	268.138	6140
8.10878e-18	267.886	6150
8.15888e-18	269.71	6160
8.19156e-18	270.734	6170
8.25815e-18	273.4	6180
8.14278e-18	269.117	6190
8.1285e-18	268.577	6200
8.14662e-18	269.275	6210
8.13101e-18	268.71	6220
8.13458e-18	268.757	6230
8.19719e-18	271.158	6240
8.05138e-18	265.877	6250
8.10056e-18	267.498	6260
8.10765e-18	267.952	6270
8.00405e-18	264.036	6280
8.12679e-18	268.585	6290
8.16798e-18	269.946	6300
8.27418e-18	273.816	6310
8.1539e-18	269.625	6320
8.0659e-18	266.445	6330
7.97562e-18	263.086	6340
8.07848e-18	266.802	6350
8.184e-18	270.537	6360
8.1511e-18	269.479	6370
8.09788e-18	267.514	6380
8.08255e-18	266.909	6390
8.13679e-18	268.843	6400
8.17095e-18	270.189	6410
8.11203e-18	267.981	6420
8.1324e-18	268.79	6430
8.05565e-18	265.978	6440
8.03385e-18	265.229	6450
7.92038e-18	261.098	6460
8.06118e-18	266.076	6470
8.12244e-18	268.413	6480
8.07166e-18	266.587	6490
8.05314e-18	265.824	6500
8.08846e-18	267.19	6510
8.0206e-18	264.816	6520
7.95885e-18	262.495	6530
8.05027e-18	265.631	6540
8.13995e-18	269.101	6550
7.9529e-18	262.279	6560
8.01632e-18	264.546	6570
7.94105e-18	261.837	6580
7.97143e-18	262.901	6590
8.02396e-18	264.855	6600
8.01428e-18	264.378	6610
8.05291e-18	265.965	6620
7.91656e-18	260.907	6630
7.9305e-18	261.502	6640
7.96793e-18	262.737	6650
8.01321e-18	264.471	6660
7.95227e-18	262.243	6670
7.99315e-18	263.751	6680
7.83091e-18	257.97	6690
7.74525e-18	254.737	6700
7.87126e-18	259.244	6710
7.86645e-18	259.134	6720
7.8655e-18	259.068	6730
7.81328e-18	257.241	6740
7.85979e-18	258.918	6750
7.82036e-18	257.486	6760
7.81297e-18	257.184	6770
7.79112e-18	256.434	6780
7.80345e-18	256.83	6790
7.94399e-18	261.886	6800
7.94881e-18	262.136	6810
7.89649e-18	260.265	6820
7.94913e-18	262.104	6830
7.9333e-18	261.536	6840
7.93453e-18	261.578	6850
7.99654e-18	263.808	6860
8.00815e-18	264.248	6870
8.04044e-18	265.443	6880
7.91043e-18	260.786	6890
7.95619e-18	262.313	6900
7.99185e-18	263.599	6910
8.03716e-18	265.299	6920
8.06757e-18	266.431	6930
8.07641e-18	266.724	6940
8.13154e-18	268.68	6950
8.13264e-18	268.772	6960
8.16986e-18	270.059	6970
8.20008e-18	271.164	6980
8.26221e-18	273.438	6990
8.17301e-18	270.175	7000
8.35473e-18	276.844	7010
8.09298e-18	267.451	7020
8.26333e-18	273.369	7030
8.25869e-18	273.395	7040
8.26654e-18	273.56	7050
8.2594e-18	273.367	7060
8.28277e-18	274.223	7070
8.27219e-18	273.759	7080
8.21248e-18	271.649	7090
8.07173e-18	266.744	7100
8.04054e-18	265.221	7110
8.28118e-18	274.185	7120
8.13854e-18	269.056	7130
8.11317e-18	267.965	7140
8.26411e-18	273.458	7150
8.26579e-18	273.681	7160
8.14222e-18	269.117	7170
8.18097e-18	270.437	7180
8.19154e-18	270.91	7190
8.15322e-18	269.534	7200
8.2035e-18	271.253	7210
8.26839e-18	273.706	7220
8.21913e-18	271.91	7230
8.08283e-18	266.957	7240
8.15155e-18	269.447	7250
8.1281e-18	268.592	7260
7.95523e-18	262.417	7270
8.03975e-18	265.415	7280
8.02936e-18	264.984	7290
8.16445e-18	269.837	7300
8.19356e-18	270.993	7310
8.12497e-18	268.556	7320
8.03047e-18	264.916	7330
8.19341e-18	271.016	7340
8.08644e-18	267.092	7350
8.11448e-18	268.137	7360
8.04084e-18	265.45	7370
8.1182e-18	268.17	7380
8.15453e-18	269.498	7390
8.10851e-18	267.873	7400
8.05247e-18	265.987	7410
7.9074e-18	260.573	7420
8.02391e-18	264.833	7430
8.12464e-18	268.465	7440
8.09249e-18	267.31	7450
8.13301e-18	268.691	7460
8.14934e-18	269.407	7470
8.16978e-18	269.925	7480
8.23367e-18	272.467	7490
8.25387e-18	273.066	7500
8.29891e-18	274.843	7510
8.18867e-18	270.733	7520
8.2157e-18	271.749	7530
8.24219e-18	272.589	7540
8.2976e-18	274.746	7550
8.18645e-18	270.663	7560
8.1905e-18	270.989	7570
8.12922e-18	268.557	7580
8.30131e-18	274.733	7590
8.37699e-18	277.553	7600
8.34194e-18	276.362	7610
8.25567e-18	273.221	7620
8.38507e-18	277.807	7630
8.32377e-18	275.731	7640
8.36189e-18	276.969	7650
8.29492e-18	274.701	7660
8.35502e-18	276.681	7670
8.43735e-18	279.84	7680
8.26352e-18	273.512	7690
8.2344e-18	272.427	7700
8.33525e-18	276.037	7710
8.323e-18	275.611	7720
8.33919e-18	276.199	7730
8.36172e-18	276.981	7740
8.39453e-18	278.23	7750
8.36218e-18	277.016	7760
8.42199e-18	279.258	7770
8.21472e-18	271.773	7780
8.27458e-18	273.847	7790
8.31244e-18	275.329	7800
8.30788e-18	275.06	7810
8.25894e-18	273.37	7820
8.31624e-18	275.318	7830
8.31632e-18	275.404	7840
8.23576e-18	272.573	7850
8.11903e-18	268.149	7860
8.24821e-18	272.858	7870
8.32155e-18	275.637	7880
8.17542e-18	270.373	7890
8.1128e-18	268.005	7900
8.1474e-18	269.196	7910
8.24823e-18	272.938	7920
8.223e-18	272.059	7930
8.03596e-18	265.445	7940
8.00173e-18	263.882	7950
8.09446e-18	267.367	7960
8.07046e-18	266.421	7970
8.13614e-18	268.984	7980
8.08385e-18	266.934	7990
8.05699e-18	266.019	8000
8.02945e-18	265.122	8010
7.98062e-18	263.267	8020
7.95281e-18	262.205	8030
8.05089e-18	265.689	8040
8.19323e-18	271.016	8050
7.9781e-18	263.178	8060
8.16452e-18	269.825	8070
8.06955e-18	266.495	8080
8.07417e-18	266.644	8090
8.07094e-18	266.522	8100
8.02887e-18	265.022	8110
7.99394e-18	263.73	8120
8.04423e-18	265.554	8130
7.98103e-18	263.29	8140
7.95557e-18	262.37	8150
8.00184e-18	263.925	8160
7.94323e-18	262.116	8170
7.96392e-18	262.512	8180
7.96368e-18	262.713	8190
7.88852e-18	259.912	8200
7.99272e-18	263.645	8210
7.93728e-18	261.723	8220
7.98107e-18	263.271	8230
7.97291e-18	263.027	8240
7.96987e-18	262.792	8250
7.9561e-18	262.43	8260
7.85526e-18	258.799	8270
7.88277e-18	259.694	8280
8.01902e-18	264.527	8290
8.04977e-18	265.838	8300
7.89028e-18	260.034	8310
7.98441e-18	263.327	8320
7.94557e-18	262.048	8330
7.94949e-18	262.108	8340
7.90003e-18	260.349	8350
7.96558e-18	262.691	8360
7.92387e-18	261.269	8370
7.9606e-18	262.416	8380
8.04999e-18	265.785	8390
8.00614e-18	264.217	8400
7.9998e-18	263.909	8410
8.00812e-18	264.247	8420
7.95542e-18	262.347	8430
7.97693e-18	263.066	8440
8.08424e-18	267.004	8450
8.06098e-18	266.141	8460
8.06656e-18	266.333	8470
8.13417e-18	268.714	8480
8.21511e-18	271.779	8490
8.16402e-18	269.853	8500
8.22957e-18	272.237	8510
8.18734e-18	270.707	8520
8.3198e-18	275.371	8530
8.376e-18	277.517	8540
8.2977e-18	274.717	8550
8.33318e-18	275.986	8560
8.39764e-18	278.316	8570
8.37046e-18	277.332	8580
8.32938e-18	275.962	8590
8.32785e-18	275.678	8600
8.37414e-18	277.53	8610
8.31837e-18	275.548	8620
8.33616e-18	276.046	8630
8.35642e-18	276.821	8640
8.28394e-18	274.259	8650
8.30751e-18	275.067	8660
8.27651e-18	273.988	8670
8.25232e-18	273.075	8680
8.27056e-18	273.69	8690
8.27225e-18	273.846	8700
8.20993e-18	271.569	8710
8.23393e-18	272.289	8720
8.30501e-18	275.045	8730
8.24464e-18	272.85	8740
8.20496e-18	271.364	8750
8.25565e-18	273.079	8760
8.23303e-18	272.522	8770
8.12817e-18	268.565	8780
8.22003e-18	271.913	8790
8.14278e-18	269.118	8800
8.19436e-18	271.069	8810
8.00153e-18	264.037	8820
8.09712e-18	267.389	8830
8.12323e-18	268.459	8840
8.11325e-18	268.045	8850
8.09194e-18	267.333	8860
8.03747e-18	265.366	8870
8.01916e-18	264.655	8880
8.11351e-18	268.013	8890
8.06921e-18	266.586	8900
7.95005e-18	262.121	8910
8.00627e-18	264.131	8920
8.1817e-18	270.472	8930
8.05968e-18	266.263	8940
8.01136e-18	264.33	8950
8.13841e-18	268.951	8960
8.06044e-18	266.245	8970
8.00313e-18	264.015	8980
8.11705e-18	268.239	8990
7.97192e-18	262.977	9000
8.00542e-18	264.075	9010
8.08282e-18	266.947	9020
8.08276e-18	266.959	9030
8.10127e-18	267.616	9040
8.07179e-18	266.642	9050
8.04325e-18	265.504	9060
8.04055e-18	265.476	9070
8.10544e-18	267.639	9080
8.08338e-18	267.11	9090
8.13515e-18	268.735	9100
8.11132e-18	268.101	9110
8.05762e-18	265.998	9120
8.06586e-18	266.316	9130
8.03957e-18	265.435	9140
8.0503e-18	265.752	9150
8.16231e-18	269.835	9160
8.1195e-18	268.333	9170
8.04243e-18	265.598	9180
8.07792e-18	266.776	9190
8.17158e-18	270.056	9200
8.2157e-18	271.817	9210
8.17029e-18	270.082	9220
8.14885e-18	269.386	9230
8.13455e-18	268.812	9240
8.24442e-18	272.688	9250
8.28454e-18	274.305	9260
8.09905e-18	267.63	9270
8.07795e-18	266.779	9280
8.22291e-18	271.858	9290
8.31571e-18	275.338	9300
8.33503e-18	276.153	9310
8.23594e-18	272.545	9320
8.18427e-18	270.614	9330
8.15561e-18	269.696	9340
8.1093e-18	267.862	9350
8.19792e-18	271.125	9360
8.08251e-18	267.036	9370
8.13197e-18	268.648	9380
8.25474e-18	273.137	9390
8.26312e-18	273.513	9400
8.17852e-18	270.435	9410
8.11784e-18	268.294	9420
8.22957e-18	272.206	9430
8.21822e-18	271.823	9440
8.28086e-18	274.079	9450
8.27103e-18	273.76	9460
8.27018e-18	273.861	9470
8.18534e-18	270.656	9480
8.28529e-18	274.258	9490
8.37011e-18	277.343	9500
8.25531e-18	273.175	9510
8.26558e-18	273.628	9520
8.27109e-18	273.684	9530
8.27835e-18	274.144	9540
8.35505e-18	276.644	9550
8.36795e-18	277.361	9560
8.29016e-18	274.423	9570
8.31233e-18	275.322	9580
8.28413e-18	274.261	9590
8.25106e-18	273.041	9600
8.35833e-18	276.88	9610
8.2595e-18	273.448	9620
8.18942e-18	270.737	9630
8.34022e-18	276.272	9640
8.33492e-18	276.093	9650
8.23488e-18	272.476	9660
8.21402e-18	271.78	9670
8.23868e-18	272.599	9680
8.27153e-18	273.737	9690
8.31105e-18	275.258	9700
8.16536e-18	269.965	9710
8.24764e-18	272.895	9720
8.11243e-18	268.112	9730
8.10214e-18	267.631	9740
8.21197e-18	271.663	9750
8.12547e-18	268.524	9760
8.14778e-18	269.2	9770
8.20806e-18	271.63	9780
8.0914e-18	267.299	9790
7.98792e-18	263.599	9800
8.00293e-18	264.012	9810
8.19117e-18	270.876	9820
8.25271e-18	273.143	9830
8.17883e-18	270.478	9840
8.17079e-18	270.144	9850
8.19111e-18	270.827	9860
8.1918e-18	270.909	9870
8.19835e-18	271.16	9880
8.08234e-18	266.998	9890
8.21978e-18	271.801	9900
8.23935e-18	272.729	9910
8.15054e-18	269.368	9920
8.07974e-18	266.982	9930
7.98123e-18	263.29	9940
8.03155e-18	265.079	9950
8.1142e-18	268.05	9960
8.17783e-18	270.457	9970
7.98974e-18	263.641	9980
8.09197e-18	267.214	9990
8.10013e-18	267.649	10000
8.01697e-18	264.622	10010
7.98469e-18	263.347	10020
8.08981e-18	267.241	10030
8.10759e-18	267.854	10040
8.02731e-18	264.95	10050
8.11987e-18	268.231	10060
8.17354e-18	270.27	10070
8.11374e-18	268.144	10080
8.09041e-18	267.177	10090
8.1057e-18	267.798	10100
8.14303e-18	269.177	10110
8.08833e-18	267.151	10120
8.09593e-18	267.452	10130
8.28261e-18	274.075	10140
8.26698e-18	273.749	10150
8.22535e-18	272.18	10160
8.25253e-18	273.017	10170
8.26185e-18	273.532	10180
8.30455e-18	274.9	10190
8.41311e-18	278.93	10200
8.17178e-18	270.306	10210
8.33234e-18	275.819	10220
8.41849e-18	279.136	10230
8.28619e-18	274.362	10240
8.30275e-18	274.939	10250
8.24719e-18	272.85	10260
8.2885e-18	274.402	10270
8.26014e-18	273.339	10280
8.34492e-18	276.451	10290
8.24912e-18	273.018	10300
8.28655e-18	274.366	10310
8.22537e-18	272.212	10320
8.16203e-18	269.868	10330
8.03159e-18	265.221	10340
8.17794e-18	270.206	10350
8.37022e-18	277.345	10360
8.23366e-18	272.533	10370
8.18569e-18	270.724	10380
8.14453e-18	269.235	10390
8.16631e-18	269.904	10400
8.29437e-18	274.599	10410
8.21726e-18	271.875	10420
8.15488e-18	269.579	10430
8.21738e-18	271.847	10440
8.10181e-18	267.78	10450
8.08321e-18	266.918	10460
8.12358e-18	268.469	10470
8.10143e-18	267.674	10480
8.10148e-18	267.608	10490
8.19979e-18	271.199	10500
8.21766e-18	271.855	10510
8.186e-18	270.813	10520
8.12312e-18	268.492	10530
8.07799e-18	266.853	10540
8.07772e-18	266.767	10550
8.18159e-18	270.53	10560
8.20543e-18	271.493	10570
8.12553e-18	268.518	10580
8.17031e-18	270.153	10590
8.1776e-18	270.404	10600
8.23685e-18	272.599	10610
8.05719e-18	266.146	10620
8.07449e-18	266.676	10630
8.13825e-18	268.966	10640
8.12836e-18	268.642	10650
8.15683e-18	269.655	10660
8.10841e-18	267.997	10670
8.03222e-18	265.161	10680
8.07541e-18	266.683	10690
8.10002e-18	267.654	10700
8.04663e-18	265.69	10710
8.08151e-18	266.962	10720
8.11128e-18	267.959	10730
8.12278e-18	268.543	10740
8.04932e-18	265.76	10750
8.02973e-18	265.124	10760
8.06117e-18	266.248	10770
7.96563e-18	262.76	10780
8.05811e-18	266.078	10790
8.05805e-18	266.111	10800
8.06623e-18	266.392	10810
8.09495e-18	267.419	10820
8.07298e-18	266.603	10830
8.06111e-18	266.248	10840
8.11861e-18	268.221	10850
8.20461e-18	271.443	10860
8.03183e-18	265.235	10870
8.07213e-18	266.515	10880
8.19227e-18	270.939	10890
8.14183e-18	269.214	10900
8.07635e-18	266.726	10910
8.1432e-18	269.23	10920
8.01987e-18	264.766	10930
8.0418e-18	265.543	10940
8.0116e-18	264.415	10950
8.14424e-18	269.18	10960
8.12763e-18	268.614	10970
8.11513e-18	268.187	10980
8.1552e-18	269.634	10990
8.02008e-18	264.823	11000
7.97106e-18	262.896	11010
8.11127e-18	268.018	11020
8.15908e-18	269.673	11030
8.25042e-18	273.125	11040
8.15941e-18	269.801	11050
8.16472e-18	269.927	11060
8.23638e-18	272.567	11070
8.19885e-18	271.243	11080
8.20482e-18	271.447	11090
8.24133e-18	272.658	11100
8.24256e-18	272.778	11110
8.28229e-18	274.246	11120
8.25256e-18	273.104	11130
8.29173e-18	274.524	11140
8.3892e-18	278.101	11150
8.28444e-18	274.395	11160
8.20155e-18	271.275	11170
8.32979e-18	275.859	11180
8.35713e-18	276.935	11190
8.34528e-18	276.532	11200
8.19364e-18	271.088	11210
8.32031e-18	275.508	11220
8.33836e-18	276.17	11230
8.42306e-18	279.361	11240
8.28364e-18	274.263	11250
8.30451e-18	275.033	11260
8.25615e-18	273.268	11270
8.33125e-18	275.939	11280
8.32862e-18	275.933	11290
8.36057e-18	277.002	11300
8.33909e-18	276.296	11310
8.39306e-18	278.241	11320
8.30538e-18	275.029	11330
8.43318e-18	279.588	11340
8.42405e-18	279.422	11350
8.51149e-18	282.506	11360
8.31211e-18	275.447	11370
8.32497e-18	275.642	11380
8.42687e-18	279.412	11390
8.49083e-18	281.741	11400
8.43527e-18	279.773	11410
8.49043e-18	281.783	11420
8.39734e-18	278.406	11430
8.34128e-18	276.346	11440
8.36168e-18	277.009	11450
8.44857e-18	280.206	11460
8.43798e-18	279.873	11470
8.37567e-18	277.695	11480
8.34724e-18	276.517	11490
8.44022e-18	279.913	11500
8.32429e-18	275.786	11510
8.36414e-18	277.081	11520
8.38799e-18	278.154	11530
8.36688e-18	277.307	11540
8.27574e-18	274.038	11550
8.18178e-18	270.658	11560
8.22116e-18	272.035	11570
8.18712e-18	270.761	11580
8.31944e-18	275.45	11590
8.40813e-18	278.809	11600
8.29093e-18	274.58	11610
8.31175e-18	275.238	11620
8.28076e-18	274.11	11630
8.28954e-18	274.518	11640
8.22786e-18	272.311	11650
8.0374e-18	265.393	11660
8.16905e-18	270.018	11670
8.15537e-18	269.671	11680
8.1886e-18	270.735	11690
8.21993e-18	272.033	11700
8.06856e-18	266.644	11710
8.18893e-18	270.707	11720
8.13494e-18	269.045	11730
7.95537e-18	262.44	11740
8.0361e-18	265.302	11750
8.0178e-18	264.639	11760
8.07417e-18	266.66	11770
8.17197e-18	270.275	11780
8.07939e-18	266.892	11790
8.07598e-18	266.73	11800
8.00808e-18	264.329	11810
8.07379e-18	266.649	11820
8.12455e-18	268.493	11830
8.1441e-18	269.292	11840
8.09955e-18	267.554	11850
8.15547e-18	269.762	11860
8.11052e-18	267.944	11870
8.09547e-18	267.529	11880
8.06724e-18	266.429	11890
8.18806e-18	270.759	11900
8.10033e-18	267.783	11910
8.03698e-18	265.314	11920
8.16993e-18	270.078	11930
8.25227e-18	273.09	11940
8.24253e-18	272.882	11950
7.99962e-18	264.026	11960
8.14953e-18	269.36	11970
8.1953e-18	271.023	11980
8.3173e-18	275.462	11990
8.28843e-18	274.521	12000
8.06033e-18	266.255	12010
8.25724e-18	273.179	12020
8.33281e-18	276.058	12030
8.33728e-18	276.243	12040
8.24461e-18	272.951	12050
8.20791e-18	271.526	12060
8.25622e-18	273.326	12070
8.15317e-18	269.605	12080
8.19815e-18	271.125	12090
8.1686e-18	270.182	12100
8.28904e-18	274.377	12110
8.39776e-18	278.402	12120
8.34903e-18	276.663	12130
8.33847e-18	276.297	12140
8.25253e-18	273.241	12150
8.18596e-18	270.669	12160
8.30557e-18	275.124	12170
8.27334e-18	273.953	12180
8.18184e-18	270.592	12190
8.21904e-18	271.966	12200
8.1095e-18	267.995	12210
8.14731e-18	269.393	12220
8.27506e-18	273.98	12230
8.10589e-18	267.859	12240
8.14732e-18	269.37	12250
8.07639e-18	266.705	12260
8.12182e-18	268.464	12270
8.11811e-18	268.311	12280
8.18356e-18	270.698	12290
8.20231e-18	271.313	12300
8.23789e-18	272.662	12310
8.08264e-18	267.122	12320
8.08672e-18	267.153	12330
8.10573e-18	267.801	12340
8.20177e-18	271.328	12350
8.19128e-18	270.978	12360
8.16963e-18	270.169	12370
8.23379e-18	272.372	12380
8.23503e-18	272.652	12390
8.23803e-18	272.533	12400
8.16167e-18	269.932	12410
8.18678e-18	270.749	12420
8.20887e-18	271.62	12430
8.27205e-18	273.823	12440
8.2509e-18	273.163	12450
8.23658e-18	272.525	12460
8.2755e-18	274.023	12470
8.36927e-18	277.372	12480
8.16741e-18	270.185	12490
8.16443e-18	269.917	12500
8.27823e-18	274.076	12510
8.30601e-18	275.103	12520
8.23063e-18	272.421	12530
8.23399e-18	272.482	12540
8.28558e-18	274.33	12550
8.29933e-18	274.936	12560
8.16017e-18	269.773	12570
8.21273e-18	271.755	12580
8.12372e-18	268.603	12590
8.08783e-18	267.246	12600
8.09323e-18	267.451	12610
8.06173e-18	266.137	12620
8.23759e-18	272.695	12630
8.18245e-18	270.583	12640
8.12468e-18	268.619	12650
8.06676e-18	266.495	12660
8.01933e-18	264.75	12670
8.05269e-18	265.87	12680
8.06924e-18	266.588	12690
7.95093e-18	262.24	12700
8.01858e-18	264.73	12710
7.92459e-18	261.391	12720
7.89028e-18	259.973	12730
8.00325e-18	264.171	12740
7.99191e-18	263.68	12750
8.02547e-18	264.991	12760
7.9548e-18	262.399	12770
7.91299e-18	260.893	12780
7.97322e-18	263.067	12790
8.01692e-18	264.573	12800
7.98133e-18	263.477	12810
7.94921e-18	262.135	12820
8.01144e-18	264.468	12830
8.02845e-18	265.035	12840
8.06706e-18	266.421	12850
8.03017e-18	265.233	12860
8.07106e-18	266.504	12870
8.09162e-18	267.371	12880
8.16062e-18	269.741	12890
8.20462e-18	271.441	12900
8.2353e-18	272.519	12910
8.13667e-18	269.067	12920
8.15028e-18	269.273	12930
8.36136e-18	277.157	12940
8.21263e-18	271.775	12950
8.18697e-18	270.836	12960
8.2554e-18	273.225	12970
8.3112e-18	275.289	12980
8.24944e-18	273.045	12990
8.15005e-18	269.531	13000
8.04588e-18	265.683	13010
8.26989e-18	273.715	13020
8.27419e-18	273.953	13030
8.08873e-18	267.327	13040
8.1294e-18	268.6	13050
8.28025e-18	274.119	13060
8.24548e-18	272.915	13070
8.32975e-18	275.901	13080
8.24191e-18	272.806	13090
8.2834e-18	274.255	13100
8.28228e-18	274.323	13110
8.06465e-18	266.404	13120
8.19909e-18	271.11	13130
8.28104e-18	274.235	13140
8.24259e-18	272.89	13150
8.24586e-18	272.855	13160
8.1764e-18	270.489	13170
8.1098e-18	268.034	13180
8.20249e-18	271.289	13190
8.26453e-18	273.608	13200
8.1786e-18	270.578	13210
8.07376e-18	266.743	13220
8.08458e-18	267.149	13230
8.12028e-18	268.294	13240
8.13376e-18	268.895	13250
8.19387e-18	270.93	13260
8.17053e-18	270.254	13270
8.05129e-18	265.94	13280
8.03203e-18	265.216	13290
8.11378e-18	268.093	13300
8.06166e-18	266.322	13310
8.09151e-18	267.243	13320
8.00154e-18	264.243	13330
7.94366e-18	261.897	13340
8.06678e-18	266.458	13350
7.94417e-18	262.095	13360
7.93071e-18	261.501	13370
8.06111e-18	266.103	13380
8.06863e-18	266.612	13390
8.04369e-18	265.581	13400
8.01514e-18	264.674	13410
7.99194e-18	263.701	13420
8.07807e-18	266.814	13430
8.03324e-18	265.262	13440
8.11634e-18	268.294	13450
7.97913e-18	263.277	13460
8.01817e-18	264.677	13470
8.12801e-18	268.599	13480
8.11611e-18	268.29	13490
8.08792e-18	267.219	13500
8.08624e-18	267.154	13510
8.11499e-18	268.191	13520
8.16432e-18	269.915	13530
8.17398e-18	270.434	13540
8.01882e-18	264.758	13550
8.12617e-18	268.541	13560
8.17288e-18	270.235	13570
8.12783e-18	268.794	13580
8.0851e-18	267.044	13590
8.05936e-18	266.198	13600
7.9888e-18	263.576	13610
8.0555e-18	266.097	13620
7.9514e-18	262.265	13630
8.00849e-18	264.379	13640
7.98675e-18	263.525	13650
7.94334e-18	262.046	13660
7.95613e-18	262.423	13670
8.08263e-18	267.015	13680
8.02832e-18	265.111	13690
7.90753e-18	260.762	13700
7.91925e-18	261.091	13710
7.9414e-18	261.94	13720
7.94407e-18	261.965	13730
7.97561e-18	263.212	13740
7.8483e-18	258.667	13750
7.91336e-18	260.796	13760
7.8383e-18	258.301	13770
7.93098e-18	261.427	13780
7.97344e-18	263.081	13790
8.03944e-18	265.457	13800
7.98761e-18	263.641	13810
7.92773e-18	261.506	13820
7.85e-18	258.604	13830
7.89666e-18	260.256	13840
8.00455e-18	264.194	13850
7.93894e-18	261.852	13860
7.91426e-18	260.936	13870
7.87494e-18	259.579	13880
7.97419e-18	263.094	13890
7.98715e-18	263.576	13900
8.00461e-18	264.252	13910
7.99337e-18	263.796	13920
7.97928e-18	263.295	13930
7.94293e-18	262.086	13940
7.77406e-18	255.874	13950
7.8944e-18	260.158	13960
8.00893e-18	264.309	13970
7.88666e-18	260.129	13980
7.88628e-18	259.816	13990
8.03071e-18	265.223	14000
7.95267e-18	262.369	14010
7.97368e-18	263.059	14020
7.97209e-18	262.979	14030
8.0639e-18	266.355	14040
8.068e-18	266.499	14050
7.99016e-18	263.754	14060
8.00365e-18	264.156	14070
8.01379e-18	264.425	14080
8.12438e-18	268.632	14090
8.06433e-18	266.219	14100
8.19853e-18	271.266	14110
8.1905e-18	270.938	14120
8.24083e-18	272.645	14130
8.25672e-18	273.398	14140
8.17506e-18	270.391	14150
8.32603e-18	275.733	14160
8.27159e-18	274.019	14170
8.05108e-18	265.821	14180
8.34629e-18	276.53	14190
8.34304e-18	276.505	14200
8.23105e-18	272.465	14210
8.2468e-18	272.875	14220
8.23597e-18	272.629	14230
8.09675e-18	267.592	14240
8.13363e-18	268.898	14250
8.18998e-18	270.845	14260
8.28615e-18	274.315	14270
8.23083e-18	272.509	14280
8.12638e-18	268.566	14290
8.26062e-18	273.467	14300
8.18309e-18	270.665	14310
8.14502e-18	269.325	14320
8.17153e-18	270.213	14330
8.12448e-18	268.564	14340
8.18868e-18	270.892	14350
8.1133e-18	268.162	14360
7.96971e-18	263.028	14370
8.02209e-18	264.8	14380
8.09811e-18	267.59	14390
8.12657e-18	268.653	14400
7.95672e-18	262.525	14410
7.96474e-18	262.81	14420
8.0433e-18	265.553	14430
8.02101e-18	264.854	14440
8.13214e-18	268.746	14450
8.00425e-18	264.329	14460
7.98965e-18	263.666	14470
8.03391e-18	265.158	14480
8.14e-18	269.094	14490
8.04341e-18	265.658	14500
8.07661e-18	266.796	14510
8.12394e-18	268.531	14520
8.12107e-18	268.392	14530
8.11773e-18	268.367	14540
8.03222e-18	265.219	14550
8.05897e-18	266.142	14560
8.01929e-18	264.826	14570
8.09898e-18	267.567	14580
8.04846e-18	265.82	14590
7.96611e-18	262.899	14600
7.88865e-18	259.995	14610
7.88942e-18	260.161	14620
7.90627e-18	260.645	14630
7.93565e-18	261.679	14640
8.02778e-18	265.143	14650
7.8919e-18	260.074	14660
7.923e-18	261.347	14670
7.88302e-18	259.693	14680
8.00844e-18	264.305	14690
7.92424e-18	261.423	14700
7.81022e-18	257.184	14710
7.93325e-18	261.514	14720
7.98547e-18	263.549	14730
7.93314e-18	261.663	14740
7.95106e-18	262.234	14750
7.9265e-18	261.433	14760
7.89603e-18	260.293	14770
8.01404e-18	264.481	14780
8.0648e-18	266.353	14790
8.06818e-18	266.563	14800
7.96047e-18	262.691	14810
7.93507e-18	261.663	14820
7.96112e-18	262.627	14830
8.01687e-18	264.709	14840
7.90888e-18	260.865	14850
7.87638e-18	259.498	14860
7.9861e-18	263.482	14870
8.05171e-18	265.875	14880
8.11394e-18	268.254	14890
7.98904e-18	263.56	14900
8.10158e-18	267.757	14910
8.05976e-18	266.195	14920
7.98783e-18	263.622	14930
7.9919e-18	263.713	14940
8.04916e-18	265.835	14950
8.03773e-18	265.398	14960
8.00057e-18	264.097	14970
8.06832e-18	266.407	14980
8.10267e-18	267.774	14990
8.05609e-18	266.062	15000
8.11628e-18	268.258	15010
8.08661e-18	267.215	15020
8.0869e-18	267.149	15030
8.16967e-18	270.169	15040
8.14011e-18	269.096	15050
8.13392e-18	268.992	15060
8.01527e-18	264.58	15070
8.05338e-18	266.023	15080
8.04018e-18	265.409	15090
8.07078e-18	266.657	15100
8.07732e-18	266.793	15110
8.06242e-18	266.368	15120
8.05161e-18	265.938	15130
8.07241e-18	266.653	15140
7.99064e-18	263.653	15150
8.09316e-18	267.43	15160
8.12934e-18	268.657	15170
8.06498e-18	266.455	15180
8.02522e-18	264.926	15190
8.18665e-18	270.78	15200
8.12193e-18	268.469	15210
8.10766e-18	267.973	15220
8.03652e-18	265.383	15230
8.04381e-18	265.62	15240
8.02641e-18	265.022	15250
8.03114e-18	265.138	15260
7.99341e-18	263.796	15270
8.00576e-18	264.293	15280
7.97583e-18	263.2	15290
8.07141e-18	266.63	15300
7.94081e-18	261.91	15310
8.01148e-18	264.459	15320
7.97283e-18	263.088	15330
7.88658e-18	259.974	15340
7.9291e-18	261.46	15350
7.97987e-18	263.318	15360
7.91357e-18	260.978	15370
7.92098e-18	261.171	15380
7.95961e-18	262.573	15390
7.92961e-18	261.544	15400
7.84449e-18	258.413	15410
7.86321e-18	259.15	15420
7.82495e-18	257.719	15430
7.91665e-18	260.982	15440
7.87261e-18	259.546	15450
7.81723e-18	257.418	15460
7.85725e-18	258.895	15470
7.88734e-18	259.921	15480
7.97984e-18	263.326	15490
7.91528e-18	260.986	15500
7.95465e-18	262.359	15510
7.91654e-18	261.104	15520
8.04401e-18	265.548	15530
8.02618e-18	265.068	15540
7.97439e-18	263.112	15550
8.03139e-18	265.184	15560
8.04755e-18	265.654	15570
8.1697e-18	270.228	15580
7.98376e-18	263.557	15590
8.00271e-18	264.124	15600
8.06437e-18	266.286	15610
8.16186e-18	269.94	15620
8.04207e-18	265.617	15630
8.08673e-18	267.035	15640
8.12994e-18	268.839	15650
8.12563e-18	268.615	15660
8.09743e-18	267.541	15670
8.16369e-18	269.871	15680
8.15983e-18	269.813	15690
8.22503e-18	272.174	15700
8.13416e-18	268.897	15710
8.08632e-18	267.183	15720
8.15005e-18	269.466	15730
8.08092e-18	266.999	15740
8.10191e-18	267.727	15750
8.11204e-18	268.065	15760
8.13048e-18	268.817	15770
8.05825e-18	266.156	15780
8.11859e-18	268.327	15790
8.08972e-18	267.249	15800
8.05414e-18	266.096	15810
7.96034e-18	262.605	15820
8.02426e-18	264.868	15830
8.1077e-18	267.873	15840
8.07498e-18	266.862	15850
7.86786e-18	259.341	15860
7.96863e-18	262.797	15870
7.95175e-18	262.323	15880
7.99448e-18	263.918	15890
8.02397e-18	264.794	15900
8.13485e-18	268.983	15910
7.99448e-18	263.907	15920
8.01974e-18	264.721	15930
8.15104e-18	269.489	15940
8.11642e-18	268.3	15950
7.99068e-18	263.699	15960
8.10403e-18	267.801	15970
8.04676e-18	265.792	15980
8.07761e-18	266.824	15990
8.09633e-18	267.515	16000
8.03398e-18	265.435	16010
8.05094e-18	265.716	16020
8.14476e-18	269.26	16030
8.23706e-18	272.65	16040
8.15853e-18	269.779	16050
8.13944e-18	269.095	16060
8.21134e-18	271.66	16070
8.15167e-18	269.567	16080
8.17964e-18	270.557	16090
8.15268e-18	269.591	16100
8.08306e-18	267.054	16110
8.12384e-18	268.509	16120
8.14569e-18	269.28	16130
8.15095e-18	269.473	16140
8.05401e-18	266.095	16150
8.22403e-18	272.03	16160
8.29903e-18	274.89	16170
8.22181e-18	272.075	16180
8.24146e-18	272.808	16190
8.23928e-18	272.58	16200
8.27005e-18	273.85	16210
8.27267e-18	273.881	16220
8.18696e-18	270.897	16230
8.0792e-18	266.933	16240
8.21853e-18	271.829	16250
8.22581e-18	272.243	16260
8.1997e-18	271.295	16270
8.21255e-18	271.646	16280
8.2392e-18	272.784	16290
8.05461e-18	266.057	16300
8.1427e-18	269.147	16310
8.07699e-18	266.989	16320
8.00563e-18	264.162	16330
8.19198e-18	270.913	16340
8.15207e-18	269.578	16350
8.17176e-18	270.205	16360
8.08445e-18	267.122	16370
8.12016e-18	268.366	16380
8.30905e-18	275.164	16390
8.18068e-18	270.656	16400
8.19889e-18	271.236	16410
8.2008e-18	271.279	16420
8.20273e-18	271.395	16430
8.18281e-18	270.714	16440
8.13537e-18	268.88	16450
8.30331e-18	275.029	16460
8.21382e-18	271.775	16470
8.31648e-18	275.474	16480
8.2238e-18	272.198	16490
8.20998e-18	271.576	16500
8.25093e-18	273.094	16510
8.263e-18	273.59	16520
8.16069e-18	269.85	16530
8.16388e-18	270.021	16540
8.17222e-18	270.184	16550
8.23073e-18	272.32	16560
8.31203e-18	275.285	16570
8.35831e-18	277.029	16580
8.29401e-18	274.645	16590
8.35833e-18	277	16600
8.33167e-18	275.998	16610
8.30052e-18	274.869	16620
8.37875e-18	277.769	16630
8.40769e-18	278.709	16640
8.40939e-18	278.943	16650
8.373e-18	277.519	16660
8.38056e-18	277.824	16670
8.33328e-18	276.114	16680
8.26182e-18	273.517	16690
8.3446e-18	276.429	16700
8.42696e-18	279.474	16710
8.32857e-18	275.958	16720
8.26754e-18	273.669	16730
8.32447e-18	275.777	16740
8.28482e-18	274.328	16750
8.32409e-18	275.73	16760
8.26363e-18	273.608	16770
8.28808e-18	274.415	16780
8.30799e-18	275.207	16790
8.27039e-18	273.781	16800
8.27058e-18	273.901	16810
8.16712e-18	270.04	16820
8.28674e-18	274.381	16830
8.38507e-18	277.864	16840
8.38421e-18	278.012	16850
8.24074e-18	272.767	16860
8.38031e-18	277.696	16870
8.40544e-18	278.668	16880
8.41427e-18	279.027	16890
8.42354e-18	279.19	16900
8.51621e-18	282.758	16910
8.52304e-18	282.824	16920
8.49158e-18	281.917	16930
8.35315e-18	276.785	16940
8.60512e-18	285.68	16950
8.71365e-18	289.835	16960
8.61926e-18	286.491	16970
8.6193e-18	286.398	16980
8.60817e-18	286.069	16990
8.53356e-18	283.275	17000
8.55645e-18	284.145	17010
8.5518e-18	283.961	17020
8.53366e-18	283.318	17030
8.54536e-18	283.662	17040
8.58338e-18	285.159	17050
8.52205e-18	282.882	17060
8.63593e-18	287.039	17070
8.50177e-18	282.169	17080
8.56603e-18	284.479	17090
8.55602e-18	284.072	17100
8.69063e-18	288.977	17110
8.56656e-18	284.645	17120
8.50212e-18	282.109	17130
8.57094e-18	284.703	17140
8.44479e-18	280.115	17150
8.52646e-18	283.088	17160
8.45223e-18	280.388	17170
8.51242e-18	282.607	17180
8.39156e-18	278.24	17190
8.47521e-18	281.236	17200
8.42026e-18	279.139	17210
8.58164e-18	285.122	17220
8.40497e-18	278.708	17230
8.40829e-18	278.861	17240
8.3102e-18	275.178	17250
8.41651e-18	279.073	17260
8.43601e-18	279.817	17270
8.41061e-18	278.926	17280
8.3967e-18	278.362	17290
8.34039e-18	276.32	17300
8.26591e-18	273.733	17310
8.22707e-18	272.202	17320
8.28043e-18	274.138	17330
8.25953e-18	273.442	17340
8.34016e-18	276.265	17350
8.28119e-18	274.282	17360
8.20923e-18	271.641	17370
8.15487e-18	269.662	17380
8.12506e-18	268.597	17390
8.19848e-18	271.234	17400
8.24503e-18	272.943	17410
8.24435e-18	272.88	17420
8.17157e-18	270.327	17430
8.11832e-18	268.347	17440
8.23412e-18	272.508	17450
8.24888e-18	273.084	17460
8.22383e-18	272.188	17470
8.15176e-18	269.514	17480
8.18531e-18	270.702	17490
8.24999e-18	273.195	17500
8.10857e-18	267.955	17510
8.13866e-18	269.091	17520
8.10024e-18	267.686	17530
8.13716e-18	268.977	17540
8.22954e-18	272.388	17550
8.06339e-18	266.375	17560
8.15725e-18	269.759	17570
8.12415e-18	268.454	17580
8.2875e-18	274.439	17590
8.28741e-18	274.434	17600
8.14712e-18	269.439	17610
8.18739e-18	270.823	17620
8.20216e-18	271.373	17630
8.18569e-18	270.783	17640
8.28771e-18	274.383	17650
8.39477e-18	278.277	17660
8.30687e-18	275.246	17670
8.25088e-18	273.167	17680
8.31416e-18	275.311	17690
8.27776e-18	274.124	17700
8.1841e-18	270.75	17710
8.27663e-18	273.978	17720
8.35693e-18	276.989	17730
8.3293e-18	275.956	17740
8.28616e-18	274.4	17750
8.27046e-18	273.95	17760
8.21504e-18	271.688	17770
8.21526e-18	271.96	17780
8.24578e-18	272.941	17790
8.14779e-18	269.389	17800
8.2196e-18	271.977	17810
8.31883e-18	275.519	17820
8.30682e-18	275.278	17830
8.20261e-18	271.266	17840
8.24319e-18	272.925	17850
8.196e-18	271.201	17860
8.17607e-18	270.326	17870
8.23861e-18	272.698	17880
8.26513e-18	273.663	17890
8.1035e-18	267.9	17900
8.14295e-18	269.153	17910
8.13933e-18	269.134	17920
8.29174e-18	274.565	17930
8.11713e-18	268.458	17940
8.17832e-18	270.432	17950
8.15557e-18	269.681	17960
8.12772e-18	268.697	17970
8.1893e-18	270.855	17980
8.18528e-18	270.83	17990
8.08414e-18	267.059	18000
8.22483e-18	272.118	18010
8.22595e-18	272.323	18020
8.14093e-18	269.147	18030
8.19637e-18	271.188	18040
8.23084e-18	272.29	18050
8.23734e-18	272.553	18060
8.27328e-18	274.031	18070
8.22429e-18	272.13	18080
8.18233e-18	270.607	18090
8.19761e-18	271.257	18100
8.20644e-18	271.56	18110
8.14678e-18	269.342	18120
8.26051e-18	273.5	18130
8.18126e-18	270.678	18140
8.13508e-18	268.947	18150
8.05196e-18	266.057	18160
8.0437e-18	265.567	18170
8.14306e-18	269.193	18180
8.14193e-18	269.292	18190
7.99496e-18	263.849	18200
8.13815e-18	269.032	18210
7.97142e-18	263.108	18220
8.03111e-18	265.123	18230
8.11181e-18	268.099	18240
8.14428e-18	269.332	18250
7.94332e-18	262.102	18260
7.97864e-18	263.169	18270
8.06741e-18	266.524	18280
8.04641e-18	265.732	18290
7.94789e-18	262.272	18300
7.95933e-18	262.564	18310
8.00968e-18	264.425	18320
7.95604e-18	262.572	18330
7.96979e-18	262.987	18340
8.00393e-18	264.161	18350
8.01141e-18	264.544	18360
7.97032e-18	262.99	18370
8.01294e-18	264.474	18380
7.96087e-18	262.803	18390
7.95428e-18	262.329	18400
7.98226e-18	263.439	18410
8.06721e-18	266.46	18420
7.91829e-18	261.236	18430
7.96793e-18	262.871	18440
7.97631e-18	263.208	18450
7.97146e-18	263.019	18460
8.06838e-18	266.53	18470
7.94828e-18	262.288	18480
7.90712e-18	260.712	18490
8.0017e-18	264.078	18500
8.0455e-18	265.665	18510
8.12333e-18	268.542	18520
7.98863e-18	263.724	18530
8.0002e-18	264.024	18540
8.03705e-18	265.361	18550
8.10532e-18	267.875	18560
8.04382e-18	265.721	18570
7.94589e-18	262.145	18580
8.02751e-18	265.026	18590
8.09176e-18	267.377	18600
8.01791e-18	264.81	18610
8.0215e-18	264.719	18620
8.07512e-18	266.793	18630
8.03637e-18	265.406	18640
8.0587e-18	266.145	18650
8.073e-18	266.732	18660
8.02731e-18	265.032	18670
8.09969e-18	267.64	18680
8.03146e-18	265.292	18690
7.98144e-18	263.379	18700
8.12881e-18	268.605	18710
8.14061e-18	269.204	18720
8.13602e-18	268.979	18730
8.12726e-18	268.682	18740
8.23454e-18	272.463	18750
8.16477e-18	270.118	18760
7.92293e-18	261.403	18770
8.01295e-18	264.462	18780
8.02467e-18	264.987	18790
8.07102e-18	266.585	18800
8.0854e-18	267.156	18810
7.97468e-18	263.311	18820
8.05964e-18	266.096	18830
8.12905e-18	268.695	18840
8.0994e-18	267.744	18850
7.97685e-18	263.327	18860
8.12847e-18	268.602	18870
8.13607e-18	268.963	18880
8.24311e-18	272.859	18890
8.12557e-18	268.753	18900
8.1337e-18	268.745	18910
8.19086e-18	270.97	18920
8.15128e-18	269.625	18930
8.24353e-18	272.723	18940
8.38131e-18	277.864	18950
8.23959e-18	272.891	18960
8.10251e-18	267.767	18970
8.21257e-18	271.729	18980
8.22674e-18	272.207	18990
8.44434e-18	280.064	19000
8.40096e-18	278.628	19010
8.36957e-18	277.357	19020
8.4655e-18	280.786	19030
8.37447e-18	277.769	19040
8.39009e-18	278.125	19050
8.38608e-18	278.123	19060
8.31093e-18	275.269	19070
8.36554e-18	277.275	19080
8.40572e-18	278.719	19090
8.47215e-18	281.119	19100
8.38324e-18	278.033	19110
8.26707e-18	273.701	19120
8.2233e-18	272.108	19130
8.34438e-18	276.544	19140
8.28902e-18	274.491	19150
8.34002e-18	276.316	19160
8.46562e-18	280.853	19170
8.42554e-18	279.55	19180
8.30272e-18	275.114	19190
8.35259e-18	276.604	19200
8.43729e-18	279.989	19210
8.32171e-18	275.746	19220
8.32422e-18	275.727	19230
8.37853e-18	277.858	19240
8.26419e-18	273.551	19250
8.32952e-18	276.007	19260
8.37073e-18	277.416	19270
8.34635e-18	276.644	19280
8.39347e-18	278.314	19290
8.23676e-18	272.646	19300
8.22723e-18	272.248	19310
8.25555e-18	273.282	19320
8.36234e-18	277.073	19330
8.31129e-18	275.424	19340
8.21577e-18	271.833	19350
8.25273e-18	273.238	19360
8.10024e-18	267.71	19370
8.25329e-18	273.156	19380
8.21181e-18	271.672	19390
8.28742e-18	274.502	19400
8.15437e-18	269.689	19410
8.11309e-18	268.094	19420
8.19753e-18	271.231	19430
8.16789e-18	270.096	19440
8.16404e-18	270.019	19450
8.26762e-18	273.611	19460
8.33456e-18	276.233	19470
8.33097e-18	275.99	19480
8.32768e-18	275.932	19490
8.33854e-18	276.253	19500
8.32423e-18	275.737	19510
8.35576e-18	276.88	19520
8.46795e-18	281.039	19530
8.29398e-18	274.723	19540
8.25884e-18	273.428	19550
8.39062e-18	278.141	19560
8.364e-18	277.292	19570
8.21284e-18	271.83	19580
8.39046e-18	278.071	19590
8.40718e-18	278.879	19600
8.35323e-18	276.732	19610
8.42752e-18	279.5	19620
8.36142e-18	277.228	19630
8.33732e-18	276.235	19640
8.38632e-18	278.03	19650
8.4186e-18	279.13	19660
8.40889e-18	278.799	19670
8.3747e-18	277.677	19680
8.3244e-18	275.725	19690
8.31583e-18	275.421	19700
8.44188e-18	280.063	19710
8.34796e-18	276.621	19720
8.39147e-18	278.219	19730
8.39303e-18	278.175	19740
8.40462e-18	278.711	19750
8.27397e-18	274.033	19760
8.27761e-18	274.037	19770
8.36341e-18	277.226	19780
8.31658e-18	275.431	19790
8.30894e-18	275.288	19800
8.35637e-18	276.908	19810
8.17098e-18	270.353	19820
8.06263e-18	266.27	19830
8.20985e-18	271.631	19840
8.22124e-18	272.006	19850
8.20184e-18	271.362	19860
8.2471e-18	272.952	19870
8.22612e-18	272.258	19880
8.19681e-18	271.132	19890
8.27554e-18	273.955	19900
8.24201e-18	272.824	19910
8.30763e-18	275.18	19920
8.26047e-18	273.545	19930
8.16961e-18	270.173	19940
8.21125e-18	271.676	19950
8.28764e-18	274.345	19960
8.36683e-18	277.387	19970
8.32131e-18	275.648	19980
8.23243e-18	272.536	19990
8.26158e-18	273.464	20000
