6.92839e-19	0.0002837	0
6.93814e-19	0.034375	10
6.96384e-19	0.125747	20
7.00584e-19	0.275681	30
7.06473e-19	0.486326	40
7.1414e-19	0.760799	50
7.23702e-19	1.10334	60
7.35314e-19	1.51952	70
7.49178e-19	2.01655	80
7.6555e-19	2.6037	90
7.84761e-19	3.29284	100
8.07237e-19	4.09927	110
8.33529e-19	5.04278	120
8.64356e-19	6.14923	130
9.0067e-19	7.45279	140
9.43743e-19	8.99917	150
9.95303e-19	10.8505	160
1.05774e-18	13.0924	170
1.13441e-18	15.8457	180
1.23015e-18	19.2838	190
1.35198e-18	23.659	200
1.51042e-18	29.3501	210
1.72108e-18	36.9164	220
2.00642e-18	47.1652	230
2.39389e-18	61.0904	240
2.88714e-18	78.864	250
3.30563e-18	94.1917	260
2.80244e-18	76.9633	270
1.27372e-18	21.2503	280
2.26188e-18	55.4782	290
3.38305e-18	96.8986	300
3.19529e-18	90.5259	310
2.73377e-18	73.8343	320
2.3607e-18	60.2705	330
2.10593e-18	50.9908	340
1.94424e-18	45.09	350
1.85178e-18	41.702	360
1.81295e-18	40.2585	370
1.81948e-18	40.4574	380
1.86898e-18	42.2085	390
1.96455e-18	45.6199	400
2.11536e-18	51.0198	410
2.33719e-18	58.9733	420
2.64967e-18	70.1911	430
3.05165e-18	84.6643	440
3.39541e-18	97.2312	450
3.06532e-18	85.954	460
2.06058e-18	49.3377	470
2.43143e-18	61.9325	480
3.27744e-18	92.6299	490
3.54364e-18	102.63	500
3.37451e-18	96.618	510
3.17437e-18	89.3238	520
3.09248e-18	86.2661	530
3.15536e-18	88.4341	540
3.36704e-18	95.9772	550
3.71515e-18	108.469	560
4.13015e-18	123.438	570
4.42182e-18	134.215	580
3.73808e-18	110.276	590
2.8981e-18	78.9304	600
4.20393e-18	125.417	610
4.92381e-18	152.209	620
4.71613e-18	144.93	630
4.65677e-18	142.477	640
4.63013e-18	141.83	650
4.1553e-18	124.621	660
4.17978e-18	125.168	670
4.34613e-18	131.24	680
4.5587e-18	138.718	690
4.93347e-18	152.381	700
4.79844e-18	147.686	710
4.83291e-18	148.811	720
5.08514e-18	157.507	730
5.52365e-18	173.732	740
5.28205e-18	165.103	750
5.39642e-18	168.879	760
5.80416e-18	183.493	770
6.47565e-18	207.573	780
7.14342e-18	231.913	790
7.03839e-18	228.665	800
6.79617e-18	219.325	810
7.42923e-18	241.959	820
7.82663e-18	256.758	830
8.01529e-18	263.261	840
8.24723e-18	272.058	850
6.67492e-18	215.926	860
7.61417e-18	248.355	870
6.98422e-18	226.368	880
8.62816e-18	285.412	890
8.19948e-18	270.406	900
7.57357e-18	247.827	910
8.50298e-18	280.254	920
8.53543e-18	282.497	930
7.44327e-18	243.04	940
7.91612e-18	258.995	950
8.79428e-18	290.992	960
8.9066e-18	295.571	970
8.58159e-18	283.744	980
8.42134e-18	277.75	990
8.77262e-18	290.382	1000
8.30336e-18	273.88	1010
8.27086e-18	272.155	1020
8.19424e-18	269.996	1030
7.80181e-18	255.358	1040
8.32787e-18	273.891	1050
7.95607e-18	260.999	1060
8.32613e-18	273.812	1070
9.18837e-18	304.432	1080
9.34756e-18	312.609	1090
8.0472e-18	263.903	1100
7.98284e-18	261.206	1110
8.66403e-18	286.403	1120
7.80514e-18	256.088	1130
7.599e-18	247.799	1140
8.82719e-18	291.893	1150
8.46298e-18	279.774	1160
8.98883e-18	297.742	1170
9.0893e-18	302.515	1180
8.42047e-18	277.616	1190
8.71717e-18	288.354	1200
8.21191e-18	270.454	1210
8.74732e-18	289.031	1220
8.82349e-18	292.696	1230
7.70146e-18	253.025	1240
7.88214e-18	256.951	1250
7.81648e-18	256.934	1260
8.23044e-18	270.706	1270
8.43549e-18	278.246	1280
7.92533e-18	260.327	1290
8.07682e-18	265.307	1300
8.39598e-18	276.677	1310
8.65068e-18	285.976	1320
8.66931e-18	287.684	1330
7.02846e-18	227.284	1340
7.53711e-18	245.152	1350
8.24779e-18	271.361	1360
8.39598e-18	277.172	1370
8.25246e-18	271.893	1380
8.42445e-18	278.612	1390
8.14757e-18	266.93	1400
8.36332e-18	276.514	1410
7.45175e-18	242.849	1420
7.83305e-18	256.753	1430
7.83014e-18	256.893	1440
7.74435e-18	253.56	1450
7.52408e-18	245.935	1460
7.51029e-18	245.013	1470
7.52027e-18	245.871	1480
7.32365e-18	238.07	1490
8.11629e-18	267.254	1500
7.34651e-18	239.749	1510
7.34212e-18	239.261	1520
7.18727e-18	233.624	1530
7.16855e-18	232.98	1540
7.32668e-18	238.46	1550
7.82581e-18	256.652	1560
7.48493e-18	244.806	1570
7.57679e-18	247.535	1580
7.42385e-18	242.228	1590
7.69025e-18	252.163	1600
6.90106e-18	223.645	1610
6.84761e-18	221.161	1620
7.50322e-18	245.38	1630
7.28751e-18	237.285	1640
6.951e-18	225.833	1650
7.34797e-18	238.867	1660
7.59556e-18	248.874	1670
7.84894e-18	257.149	1680
8.01552e-18	264.094	1690
7.77696e-18	255.108	1700
7.49611e-18	245.411	1710
6.80765e-18	220.318	1720
7.09659e-18	231.092	1730
6.26555e-18	200.436	1740
7.43204e-18	242.092	1750
7.52033e-18	245.877	1760
6.87561e-18	223.013	1770
6.81495e-18	220.15	1780
7.14896e-18	232.757	1790
6.82551e-18	220.607	1800
7.04219e-18	229.136	1810
6.64526e-18	214.31	1820
6.66554e-18	215.108	1830
7.00944e-18	227.486	1840
7.15415e-18	232.661	1850
7.45695e-18	243.659	1860
7.73535e-18	253.707	1870
7.47259e-18	244.793	1880
7.60547e-18	248.903	1890
7.57425e-18	248.565	1900
7.47731e-18	244.503	1910
7.40256e-18	241.761	1920
7.92166e-18	260.825	1930
7.92882e-18	261.246	1940
7.27182e-18	237.666	1950
7.19322e-18	234.693	1960
6.84691e-18	222.48	1970
6.72689e-18	217.166	1980
7.39876e-18	241.945	1990
7.29471e-18	238.505	2000
7.157e-18	233.219	2010
7.21177e-18	235.414	2020
6.90648e-18	224.447	2030
6.85979e-18	222.619	2040
6.86142e-18	222.621	2050
6.92699e-18	225.051	2060
6.89549e-18	223.962	2070
6.84512e-18	222.123	2080
6.89511e-18	223.967	2090
6.7821e-18	219.85	2100
6.95733e-18	226.108	2110
6.88467e-18	223.68	2120
6.81517e-18	221.027	2130
6.94687e-18	225.658	2140
7.33723e-18	239.859	2150
7.27062e-18	237.585	2160
7.41553e-18	242.556	2170
7.62972e-18	250.516	2180
7.6704e-18	252.024	2190
7.52275e-18	246.686	2200
7.79881e-18	256.278	2210
7.91238e-18	260.895	2220
7.77935e-18	255.931	2230
7.71741e-18	253.445	2240
8.25634e-18	272.882	2250
8.25373e-18	273.103	2260
8.20759e-18	271.336	2270
8.11745e-18	268.13	2280
7.9862e-18	263.423	2290
8.16825e-18	269.766	2300
8.10411e-18	267.633	2310
7.99506e-18	263.635	2320
8.37588e-18	277.171	2330
8.40116e-18	278.297	2340
8.41733e-18	278.972	2350
8.32998e-18	275.931	2360
8.29214e-18	274.327	2370
8.28509e-18	274.017	2380
8.49465e-18	281.808	2390
8.27867e-18	273.893	2400
8.35276e-18	276.6	2410
8.37757e-18	277.45	2420
8.32259e-18	275.615	2430
8.18789e-18	270.786	2440
8.01102e-18	264.237	2450
7.96286e-18	262.649	2460
7.88517e-18	259.715	2470
7.94904e-18	262.155	2480
7.84522e-18	258.382	2490
7.79753e-18	256.619	2500
7.70531e-18	253.347	2510
7.60867e-18	249.871	2520
7.55748e-18	247.967	2530
7.44684e-18	244.041	2540
7.41359e-18	242.798	2550
7.40887e-18	242.605	2560
7.4089e-18	242.558	2570
7.41588e-18	242.863	2580
7.39653e-18	242.216	2590
7.39102e-18	241.996	2600
7.32194e-18	239.506	2610
7.22459e-18	236.003	2620
7.19351e-18	234.848	2630
7.16077e-18	233.689	2640
7.24688e-18	236.667	2650
7.25671e-18	237.188	2660
7.17709e-18	234.241	2670
7.15037e-18	233.291	2680
7.25955e-18	237.248	2690
7.15408e-18	233.51	2700
7.05288e-18	229.822	2710
7.1491e-18	233.159	2720
7.16773e-18	233.86	2730
7.27854e-18	237.969	2740
7.13715e-18	232.936	2750
7.0672e-18	230.406	2760
6.98782e-18	227.432	2770
7.06115e-18	230.068	2780
7.04048e-18	229.423	2790
6.99806e-18	227.82	2800
7.07454e-18	230.465	2810
7.12208e-18	232.333	2820
7.07018e-18	230.432	2830
7.02946e-18	228.99	2840
7.04063e-18	229.307	2850
7.05211e-18	229.778	2860
7.05501e-18	229.823	2870
7.15627e-18	233.501	2880
7.0633e-18	230.212	2890
7.13028e-18	232.594	2900
7.149e-18	233.247	2910
7.1714e-18	234.141	2920
7.05671e-18	229.824	2930
7.21756e-18	235.741	2940
7.17663e-18	234.292	2950
7.09538e-18	231.326	2960
7.14269e-18	232.974	2970
7.15708e-18	233.586	2980
7.24603e-18	236.729	2990
7.20552e-18	235.344	3000
7.12968e-18	232.55	3010
7.21256e-18	235.519	3020
7.2102e-18	235.404	3030
7.25276e-18	237.02	3040
7.23532e-18	236.356	3050
7.15041e-18	233.3	3060
7.20607e-18	235.27	3070
7.2519e-18	236.859	3080
7.27525e-18	237.803	3090
7.21501e-18	235.604	3100
7.24738e-18	236.782	3110
7.19253e-18	234.747	3120
7.23731e-18	236.422	3130
7.19048e-18	234.661	3140
7.27874e-18	237.83	3150
7.24167e-18	236.557	3160
7.28191e-18	237.962	3170
7.27786e-18	237.894	3180
7.222e-18	235.806	3190
7.24433e-18	236.626	3200
7.23677e-18	236.359	3210
7.26406e-18	237.316	3220
7.36718e-18	241.054	3230
7.27076e-18	237.621	3240
7.34289e-18	240.1	3250
7.33606e-18	240.007	3260
7.33555e-18	239.819	3270
7.39366e-18	241.984	3280
7.42143e-18	242.978	3290
7.39679e-18	242.101	3300
7.41452e-18	242.724	3310
7.40626e-18	242.403	3320
7.47076e-18	244.722	3330
7.46067e-18	244.492	3340
7.28989e-18	238.229	3350
7.37607e-18	241.366	3360
7.30662e-18	238.878	3370
7.25901e-18	237.053	3380
7.35841e-18	240.643	3390
7.34537e-18	240.261	3400
7.20946e-18	235.332	3410
7.23261e-18	236.094	3420
7.17072e-18	233.935	3430
7.18162e-18	234.26	3440
7.18452e-18	234.351	3450
7.20873e-18	235.209	3460
7.23166e-18	236.018	3470
7.31954e-18	239.214	3480
7.34119e-18	240.048	3490
7.25316e-18	236.842	3500
7.33873e-18	239.899	3510
7.3236e-18	239.43	3520
7.24619e-18	236.567	3530
7.38832e-18	241.599	3540
7.4524e-18	244.002	3550
7.43159e-18	243.262	3560
7.56643e-18	248.023	3570
7.5146e-18	246.297	3580
7.4514e-18	243.988	3590
7.3631e-18	240.798	3600
7.45724e-18	244.021	3610
7.53225e-18	246.957	3620
7.50359e-18	245.794	3630
7.45759e-18	244.181	3640
7.4837e-18	245.09	3650
7.46094e-18	244.284	3660
7.4651e-18	244.406	3670
7.42233e-18	242.912	3680
7.46015e-18	244.273	3690
7.50949e-18	245.929	3700
7.5082e-18	246.022	3710
7.49049e-18	245.329	3720
7.45434e-18	244.077	3730
7.37276e-18	240.993	3740
7.49229e-18	245.352	3750
7.57387e-18	248.329	3760
7.56911e-18	248.115	3770
7.46856e-18	244.519	3780
7.48598e-18	245.045	3790
7.59323e-18	249.004	3800
7.56711e-18	248.11	3810
7.56668e-18	248.053	3820
7.56276e-18	247.906	3830
7.54453e-18	247.198	3840
7.56253e-18	247.91	3850
7.60985e-18	249.529	3860
7.71771e-18	253.426	3870
7.62824e-18	250.36	3880
7.56061e-18	247.84	3890
7.54275e-18	247.061	3900
7.64596e-18	250.92	3910
7.51403e-18	246.196	3920
7.39708e-18	241.956	3930
7.34325e-18	239.914	3940
7.37594e-18	241.133	3950
7.28068e-18	237.71	3960
7.28275e-18	237.802	3970
7.15112e-18	233.004	3980
7.22022e-18	235.492	3990
7.13906e-18	232.598	4000
7.07758e-18	230.35	4010
7.10187e-18	231.15	4020
7.10829e-18	231.453	4030
7.08543e-18	230.589	4040
7.07522e-18	230.195	4050
7.10556e-18	231.377	4060
7.05141e-18	229.337	4070
7.09196e-18	230.792	4080
7.09554e-18	230.975	4090
7.16465e-18	233.392	4100
7.09943e-18	231.065	4110
7.16132e-18	233.364	4120
7.14574e-18	232.662	4130
7.14493e-18	232.761	4140
7.25102e-18	236.463	4150
7.3029e-18	238.418	4160
7.24875e-18	236.417	4170
7.27312e-18	237.369	4180
7.1312e-18	232.22	4190
7.1971e-18	234.54	4200
7.28318e-18	237.555	4210
7.28214e-18	237.72	4220
7.27296e-18	237.312	4230
7.32052e-18	238.94	4240
7.3459e-18	239.98	4250
7.27293e-18	237.321	4260
7.36773e-18	240.604	4270
7.38137e-18	241.273	4280
7.36464e-18	240.556	4290
7.42939e-18	242.901	4300
7.45928e-18	244.011	4310
7.40175e-18	241.936	4320
7.43272e-18	243.053	4330
7.41218e-18	242.296	4340
7.31383e-18	238.704	4350
7.49561e-18	245.221	4360
7.49535e-18	245.304	4370
7.41765e-18	242.509	4380
7.39192e-18	241.567	4390
7.45257e-18	243.629	4400
7.57861e-18	248.256	4410
7.46178e-18	244.107	4420
7.41954e-18	242.465	4430
7.5106e-18	245.814	4440
7.40827e-18	242.135	4450
7.45258e-18	243.664	4460
7.50002e-18	245.405	4470
7.47418e-18	244.522	4480
7.42361e-18	242.607	4490
7.54404e-18	246.95	4500
7.53847e-18	246.715	4510
7.54969e-18	247.266	4520
7.41959e-18	242.476	4530
7.54428e-18	247.001	4540
7.45236e-18	243.666	4550
7.58347e-18	248.279	4560
7.58203e-18	248.448	4570
7.50131e-18	245.426	4580
7.50422e-18	245.439	4590
7.63795e-18	250.314	4600
7.52496e-18	246.435	4610
7.39841e-18	241.616	4620
7.45868e-18	243.834	4630
7.46262e-18	244.037	4640
7.48383e-18	244.714	4650
7.43598e-18	243.045	4660
7.50219e-18	245.348	4670
7.49493e-18	245.231	4680
7.36548e-18	240.458	4690
7.39015e-18	241.312	4700
7.38594e-18	241.228	4710
7.39213e-18	241.423	4720
7.33179e-18	239.208	4730
7.39191e-18	241.39	4740
7.35941e-18	240.224	4750
7.38544e-18	241.096	4760
7.43698e-18	242.991	4770
7.36047e-18	240.238	4780
7.43957e-18	243.079	4790
7.3956e-18	241.46	4800
7.48842e-18	244.809	4810
7.45978e-18	243.811	4820
7.40584e-18	241.846	4830
7.44046e-18	243.063	4840
7.55206e-18	247.077	4850
7.53406e-18	246.421	4860
7.64519e-18	250.393	4870
7.59874e-18	248.883	4880
7.52938e-18	246.253	4890
7.60133e-18	248.807	4900
7.66677e-18	251.192	4910
7.77674e-18	255.135	4920
7.70387e-18	252.644	4930
7.53645e-18	246.45	4940
7.70127e-18	252.383	4950
7.77826e-18	255.217	4960
7.76584e-18	254.791	4970
7.61207e-18	249.232	4980
7.66691e-18	251.207	4990
7.67196e-18	251.343	5000
7.68579e-18	251.817	5010
7.67313e-18	251.392	5020
7.7396e-18	253.675	5030
7.85677e-18	257.986	5040
7.78592e-18	255.511	5050
7.80466e-18	256.054	5060
7.92051e-18	260.19	5070
7.90842e-18	260.003	5080
7.76602e-18	254.684	5090
7.79321e-18	255.595	5100
7.92071e-18	260.245	5110
7.92702e-18	260.501	5120
8.02936e-18	264.21	5130
7.91761e-18	260.252	5140
7.69944e-18	252.284	5150
7.81981e-18	256.656	5160
7.8439e-18	257.461	5170
7.83443e-18	257.074	5180
7.85645e-18	257.982	5190
7.73141e-18	253.454	5200
7.75198e-18	254.088	5210
7.75892e-18	254.412	5220
7.78762e-18	255.392	5230
7.84535e-18	257.526	5240
7.78845e-18	255.534	5250
7.77992e-18	255.167	5260
7.69439e-18	252.02	5270
7.81082e-18	256.192	5280
7.76396e-18	254.644	5290
7.67744e-18	251.405	5300
7.81044e-18	256.2	5310
7.72699e-18	253.238	5320
7.71431e-18	252.737	5330
7.69471e-18	252.031	5340
7.75141e-18	254.065	5350
7.75531e-18	254.26	5360
7.74089e-18	253.652	5370
7.77018e-18	254.785	5380
7.68788e-18	251.809	5390
7.67137e-18	251.191	5400
7.6363e-18	249.939	5410
7.64045e-18	249.972	5420
7.79412e-18	255.555	5430
7.73238e-18	253.508	5440
7.69093e-18	251.836	5450
7.7219e-18	253.004	5460
7.61809e-18	249.263	5470
7.60003e-18	248.656	5480
7.59221e-18	248.268	5490
7.6915e-18	251.846	5500
7.58525e-18	248.131	5510
7.57349e-18	247.608	5520
7.65045e-18	250.322	5530
7.69107e-18	251.883	5540
7.60827e-18	248.935	5550
7.65795e-18	250.525	5560
7.67954e-18	251.517	5570
7.5813e-18	247.878	5580
7.63455e-18	249.764	5590
7.67949e-18	251.394	5600
7.74532e-18	253.762	5610
7.66438e-18	250.983	5620
7.68677e-18	251.645	5630
7.73021e-18	253.2	5640
7.827e-18	256.723	5650
7.85692e-18	257.847	5660
7.7881e-18	255.348	5670
7.73607e-18	253.459	5680
7.74643e-18	253.848	5690
7.7539e-18	254.044	5700
7.7698e-18	254.673	5710
7.85233e-18	257.525	5720
7.92314e-18	260.31	5730
7.76642e-18	254.548	5740
7.71613e-18	252.753	5750
7.63008e-18	249.559	5760
7.71314e-18	252.594	5770
7.71099e-18	252.473	5780
7.83181e-18	256.863	5790
7.7965e-18	255.565	5800
7.89561e-18	259.101	5810
7.91396e-18	259.858	5820
7.89447e-18	259.173	5830
7.861e-18	257.927	5840
7.85162e-18	257.572	5850
7.89871e-18	259.229	5860
7.84203e-18	257.323	5870
7.93246e-18	260.384	5880
7.92853e-18	260.362	5890
7.92242e-18	260.093	5900
7.92778e-18	260.412	5910
7.87478e-18	258.337	5920
7.81952e-18	256.424	5930
7.82037e-18	256.369	5940
7.94311e-18	260.854	5950
7.77715e-18	254.868	5960
7.88981e-18	258.851	5970
7.93874e-18	260.641	5980
7.83075e-18	256.853	5990
7.81868e-18	256.333	6000
7.76958e-18	254.59	6010
7.8236e-18	256.522	6020
7.75472e-18	253.933	6030
7.96711e-18	261.687	6040
7.85707e-18	257.687	6050
7.9757e-18	261.976	6060
7.94351e-18	260.855	6070
7.83967e-18	257.088	6080
7.95152e-18	261.094	6090
7.85961e-18	257.924	6100
7.8289e-18	256.591	6110
7.85961e-18	257.884	6120
7.94095e-18	260.786	6130
7.84821e-18	257.385	6140
7.84829e-18	257.511	6150
7.90555e-18	259.386	6160
7.86789e-18	258.225	6170
7.80438e-18	255.793	6180
7.89936e-18	259.255	6190
7.87056e-18	258.245	6200
7.90528e-18	259.538	6210
7.84144e-18	257.213	6220
7.80509e-18	255.942	6230
7.80908e-18	256.061	6240
7.84981e-18	257.443	6250
7.91113e-18	259.703	6260
7.9167e-18	259.954	6270
7.87175e-18	258.34	6280
7.92154e-18	260.082	6290
7.79002e-18	255.437	6300
7.83691e-18	256.918	6310
7.95746e-18	261.458	6320
7.99741e-18	262.793	6330
7.98689e-18	262.612	6340
7.78923e-18	255.407	6350
7.65463e-18	250.511	6360
7.72454e-18	252.977	6370
7.76141e-18	254.356	6380
7.74314e-18	253.772	6390
7.66398e-18	250.856	6400
7.70313e-18	252.322	6410
7.64592e-18	250.085	6420
7.70935e-18	252.447	6430
7.76319e-18	254.466	6440
7.74562e-18	253.802	6450
7.67999e-18	251.468	6460
7.63933e-18	250.002	6470
7.60037e-18	248.534	6480
7.60552e-18	248.728	6490
7.7316e-18	253.216	6500
7.7313e-18	253.334	6510
7.71811e-18	252.794	6520
7.72007e-18	252.917	6530
7.54854e-18	246.668	6540
7.63225e-18	249.665	6550
7.69509e-18	251.981	6560
7.65927e-18	250.709	6570
7.70322e-18	252.197	6580
7.77572e-18	254.892	6590
7.7124e-18	252.648	6600
7.66184e-18	250.743	6610
7.70054e-18	252.146	6620
7.71025e-18	252.523	6630
7.63247e-18	249.74	6640
7.69647e-18	251.957	6650
7.68614e-18	251.633	6660
7.78422e-18	255.095	6670
7.7888e-18	255.408	6680
7.80507e-18	255.889	6690
7.91226e-18	259.732	6700
7.90534e-18	259.575	6710
7.809e-18	256.184	6720
7.76979e-18	254.573	6730
7.81324e-18	256.156	6740
7.913e-18	259.833	6750
7.77104e-18	254.743	6760
7.82364e-18	256.515	6770
7.83592e-18	256.945	6780
7.7719e-18	254.836	6790
7.78492e-18	255.008	6800
7.83448e-18	256.948	6810
7.76697e-18	254.611	6820
7.78454e-18	255.106	6830
7.75052e-18	253.916	6840
7.76782e-18	254.625	6850
7.63421e-18	249.624	6860
7.79661e-18	255.503	6870
7.79329e-18	255.492	6880
7.73782e-18	253.423	6890
7.81135e-18	256.069	6900
7.75692e-18	254.143	6910
7.71879e-18	252.742	6920
7.80063e-18	255.619	6930
7.86535e-18	257.992	6940
7.9344e-18	260.531	6950
7.84376e-18	257.187	6960
7.88716e-18	258.85	6970
7.86338e-18	257.938	6980
7.80894e-18	256.069	6990
7.68993e-18	251.545	7000
7.9457e-18	260.902	7010
7.93371e-18	260.381	7020
7.8906e-18	259.066	7030
7.79221e-18	255.278	7040
7.87734e-18	258.484	7050
7.90559e-18	259.441	7060
7.86557e-18	258.017	7070
7.85526e-18	257.682	7080
7.84348e-18	257.173	7090
7.92341e-18	260.185	7100
7.87203e-18	258.216	7110
7.83821e-18	257.082	7120
7.82879e-18	256.684	7130
7.80084e-18	255.68	7140
7.87686e-18	258.361	7150
7.9234e-18	260.114	7160
7.90063e-18	259.279	7170
7.88955e-18	258.904	7180
7.8008e-18	255.702	7190
7.81829e-18	256.292	7200
7.85608e-18	257.651	7210
7.91128e-18	259.627	7220
7.90965e-18	259.588	7230
7.92672e-18	260.244	7240
7.80516e-18	255.842	7250
7.86607e-18	258.071	7260
7.87572e-18	258.294	7270
7.95178e-18	261.067	7280
7.98084e-18	262.215	7290
7.94294e-18	260.8	7300
7.97963e-18	262.082	7310
8.05753e-18	264.881	7320
8.08808e-18	265.986	7330
8.02621e-18	263.922	7340
7.92743e-18	260.164	7350
7.98652e-18	262.32	7360
7.87679e-18	258.488	7370
7.95625e-18	261.188	7380
7.85635e-18	257.742	7390
7.80655e-18	255.847	7400
7.91984e-18	259.839	7410
7.96348e-18	261.38	7420
8.05064e-18	264.69	7430
7.9116e-18	259.682	7440
7.75944e-18	254.117	7450
7.91643e-18	259.705	7460
7.98486e-18	262.253	7470
7.97256e-18	261.805	7480
7.85778e-18	257.752	7490
7.81527e-18	256.068	7500
7.93283e-18	260.281	7510
7.88333e-18	258.637	7520
7.90306e-18	259.237	7530
8.04576e-18	264.378	7540
8.00525e-18	263.115	7550
7.91853e-18	259.802	7560
8.02604e-18	263.646	7570
8.02651e-18	263.724	7580
8.12584e-18	267.285	7590
8.05356e-18	264.765	7600
8.12163e-18	267.095	7610
8.15567e-18	268.412	7620
8.06642e-18	265.218	7630
8.10578e-18	266.536	7640
8.09232e-18	266.151	7650
8.11595e-18	266.909	7660
8.05627e-18	264.823	7670
7.98749e-18	262.369	7680
8.01722e-18	263.38	7690
8.07773e-18	265.454	7700
8.15472e-18	268.358	7710
8.10824e-18	266.732	7720
8.12567e-18	267.229	7730
8.21056e-18	270.361	7740
8.07387e-18	265.553	7750
8.08869e-18	265.853	7760
8.12123e-18	267.166	7770
8.14784e-18	268.061	7780
8.04732e-18	264.532	7790
8.08376e-18	265.726	7800
8.15902e-18	268.488	7810
8.13594e-18	267.595	7820
8.19985e-18	270.005	7830
8.169e-18	268.814	7840
8.13504e-18	267.65	7850
8.18792e-18	269.544	7860
8.19361e-18	269.726	7870
8.10541e-18	266.688	7880
8.07926e-18	265.583	7890
8.09753e-18	266.389	7900
8.1013e-18	266.424	7910
8.0807e-18	265.761	7920
8.01879e-18	263.402	7930
8.00732e-18	263.163	7940
7.98353e-18	262.039	7950
8.14117e-18	267.918	7960
8.0024e-18	262.931	7970
7.98432e-18	262.24	7980
8.01174e-18	263.137	7990
8.06777e-18	265.298	8000
7.92275e-18	260.033	8010
7.84514e-18	257.259	8020
7.83989e-18	257.019	8030
7.77884e-18	254.717	8040
7.94168e-18	260.75	8050
7.82863e-18	256.606	8060
7.92472e-18	260.086	8070
7.94103e-18	260.604	8080
7.93721e-18	260.567	8090
7.86973e-18	258.149	8100
7.9107e-18	259.566	8110
7.88923e-18	258.867	8120
7.82016e-18	256.425	8130
7.84218e-18	257.102	8140
7.9031e-18	259.323	8150
7.99544e-18	262.698	8160
7.97472e-18	262.01	8170
7.81663e-18	256.262	8180
7.91971e-18	259.864	8190
7.9022e-18	259.39	8200
7.77817e-18	254.925	8210
7.8081e-18	255.913	8220
7.87199e-18	258.18	8230
7.81982e-18	256.406	8240
7.77956e-18	254.854	8250
7.75762e-18	254.144	8260
7.73508e-18	253.307	8270
7.8412e-18	257.032	8280
7.84879e-18	257.438	8290
7.74047e-18	253.608	8300
7.77209e-18	254.561	8310
7.82834e-18	256.685	8320
7.81222e-18	256.088	8330
7.8169e-18	256.286	8340
7.78028e-18	254.94	8350
7.80404e-18	255.875	8360
7.75712e-18	254.02	8370
7.81541e-18	256.243	8380
7.76857e-18	254.594	8390
7.72444e-18	252.926	8400
7.771e-18	254.582	8410
7.83246e-18	256.741	8420
7.92405e-18	260.055	8430
7.95046e-18	261.185	8440
7.80837e-18	256.043	8450
7.82272e-18	256.454	8460
7.83469e-18	256.868	8470
7.93515e-18	260.48	8480
7.97552e-18	262.023	8490
7.89967e-18	259.294	8500
7.91453e-18	259.763	8510
7.86306e-18	257.998	8520
7.84671e-18	257.269	8530
7.86171e-18	257.971	8540
7.89342e-18	258.934	8550
7.88909e-18	258.927	8560
7.83508e-18	256.948	8570
7.77694e-18	254.812	8580
8.03185e-18	263.893	8590
8.03758e-18	264.298	8600
7.9562e-18	261.401	8610
7.88054e-18	258.545	8620
7.89788e-18	259.19	8630
7.90458e-18	259.399	8640
7.94775e-18	261.104	8650
7.88014e-18	258.543	8660
7.89485e-18	259.101	8670
7.87524e-18	258.366	8680
7.94611e-18	260.92	8690
7.8742e-18	258.389	8700
7.78505e-18	255.168	8710
7.80321e-18	255.724	8720
7.75937e-18	254.196	8730
7.91445e-18	259.749	8740
7.84844e-18	257.476	8750
7.77145e-18	254.624	8760
7.82964e-18	256.598	8770
7.87252e-18	258.292	8780
7.84311e-18	257.225	8790
7.79521e-18	255.523	8800
7.75577e-18	254.004	8810
7.76723e-18	254.483	8820
7.736e-18	253.304	8830
7.84962e-18	257.34	8840
7.81306e-18	256.068	8850
7.90819e-18	259.517	8860
7.80879e-18	256.023	8870
7.79212e-18	255.287	8880
7.80405e-18	255.84	8890
7.74988e-18	253.801	8900
7.79848e-18	255.544	8910
7.84032e-18	257.071	8920
7.76424e-18	254.358	8930
7.73072e-18	253.137	8940
7.77619e-18	254.654	8950
7.86998e-18	258.194	8960
7.88895e-18	258.766	8970
7.89356e-18	259.024	8980
7.86591e-18	258.063	8990
7.77863e-18	254.842	9000
7.87118e-18	258.062	9010
7.92584e-18	260.177	9020
7.8584e-18	257.739	9030
7.88432e-18	258.64	9040
7.8739e-18	258.243	9050
7.91723e-18	259.863	9060
7.94922e-18	260.933	9070
7.92765e-18	260.322	9080
7.90408e-18	259.323	9090
7.9688e-18	261.73	9100
7.91204e-18	259.693	9110
7.9425e-18	260.687	9120
7.88152e-18	258.601	9130
7.92995e-18	260.215	9140
8.07503e-18	265.48	9150
8.08181e-18	265.86	9160
7.89263e-18	259.037	9170
7.90371e-18	259.247	9180
8.02504e-18	263.742	9190
8.01515e-18	263.335	9200
7.94131e-18	260.839	9210
7.97307e-18	261.781	9220
8.0122e-18	263.281	9230
7.97706e-18	262.032	9240
7.9909e-18	262.489	9250
7.95242e-18	261.09	9260
8.05613e-18	264.853	9270
7.97146e-18	261.889	9280
7.90366e-18	259.44	9290
7.97054e-18	261.677	9300
8.07018e-18	265.423	9310
7.95012e-18	261.133	9320
7.89312e-18	258.987	9330
7.93546e-18	260.496	9340
7.91458e-18	259.846	9350
7.94203e-18	260.714	9360
7.95876e-18	261.38	9370
7.87762e-18	258.552	9380
7.76455e-18	254.364	9390
7.84004e-18	256.98	9400
7.91718e-18	259.871	9410
7.91753e-18	259.931	9420
7.83754e-18	257.05	9430
7.90347e-18	259.307	9440
7.96878e-18	261.787	9450
7.82521e-18	256.616	9460
7.77121e-18	254.545	9470
7.95908e-18	261.33	9480
7.93562e-18	260.619	9490
7.76009e-18	254.372	9500
7.77047e-18	254.466	9510
7.88198e-18	258.572	9520
7.85502e-18	257.733	9530
7.71163e-18	252.503	9540
7.77359e-18	254.615	9550
7.81068e-18	256.027	9560
7.82042e-18	256.391	9570
7.81865e-18	256.286	9580
7.90482e-18	259.323	9590
7.85037e-18	257.608	9600
7.73145e-18	253.07	9610
7.84059e-18	257.132	9620
7.81845e-18	256.247	9630
7.93041e-18	260.374	9640
7.9284e-18	260.271	9650
7.89761e-18	259.202	9660
7.84468e-18	257.261	9670
7.93696e-18	260.605	9680
7.8946e-18	259.037	9690
7.95434e-18	261.157	9700
7.89259e-18	259.014	9710
7.87021e-18	258.201	9720
7.98635e-18	262.253	9730
8.00965e-18	263.25	9740
7.9316e-18	260.421	9750
7.97574e-18	261.967	9760
7.9119e-18	259.574	9770
8.02005e-18	263.584	9780
7.9898e-18	262.48	9790
7.93005e-18	260.362	9800
7.95833e-18	261.254	9810
8.12318e-18	267.203	9820
8.01394e-18	263.539	9830
7.79649e-18	255.426	9840
8.05304e-18	264.62	9850
7.97282e-18	261.997	9860
7.86788e-18	258.002	9870
7.97043e-18	261.79	9880
7.92114e-18	259.975	9890
7.87735e-18	258.4	9900
7.95867e-18	261.273	9910
7.99645e-18	262.758	9920
7.96024e-18	261.396	9930
7.91599e-18	259.821	9940
7.81283e-18	255.981	9950
7.95507e-18	261.157	9960
7.99164e-18	262.539	9970
8.00669e-18	263.083	9980
7.95506e-18	261.231	9990
7.92519e-18	260.153	10000
7.92821e-18	260.196	10010
7.93307e-18	260.409	10020
7.98259e-18	262.193	10030
7.91979e-18	259.987	10040
7.93894e-18	260.612	10050
7.94068e-18	260.726	10060
7.84666e-18	257.31	10070
7.96965e-18	261.689	10080
7.91608e-18	259.896	10090
7.74895e-18	253.832	10100
7.7114e-18	252.446	10110
7.73191e-18	253.199	10120
7.81906e-18	256.249	10130
7.81157e-18	256.013	10140
7.88043e-18	258.513	10150
7.9372e-18	260.501	10160
7.92316e-18	260.138	10170
7.7542e-18	253.992	10180
7.78576e-18	255.145	10190
7.79316e-18	255.323	10200
7.81168e-18	256.119	10210
7.77557e-18	254.699	10220
7.91125e-18	259.655	10230
7.84742e-18	257.372	10240
7.82835e-18	256.589	10250
7.84395e-18	257.335	10260
7.7962e-18	255.403	10270
7.85595e-18	257.675	10280
7.93406e-18	260.45	10290
7.89364e-18	259.055	10300
7.94953e-18	261.05	10310
7.82656e-18	256.601	10320
7.92916e-18	260.266	10330
7.80735e-18	256.01	10340
7.73241e-18	253.173	10350
7.81633e-18	256.061	10360
7.94699e-18	260.887	10370
7.96709e-18	261.769	10380
7.82121e-18	256.391	10390
7.88399e-18	258.673	10400
7.79418e-18	255.405	10410
7.98212e-18	262.078	10420
7.90953e-18	259.731	10430
7.88712e-18	258.753	10440
7.90008e-18	259.265	10450
7.95544e-18	261.285	10460
7.88225e-18	258.605	10470
7.89527e-18	259.064	10480
7.91628e-18	259.817	10490
8.02419e-18	263.744	10500
7.951e-18	261.161	10510
7.90788e-18	259.537	10520
7.91895e-18	259.92	10530
7.98429e-18	262.194	10540
8.03515e-18	264.187	10550
7.90642e-18	259.603	10560
7.77626e-18	254.762	10570
7.9353e-18	260.497	10580
7.97676e-18	262.01	10590
7.97698e-18	262.078	10600
7.86152e-18	257.907	10610
7.9294e-18	260.259	10620
7.95115e-18	261.141	10630
7.97414e-18	261.939	10640
8.00894e-18	263.191	10650
7.95705e-18	261.385	10660
7.88392e-18	258.711	10670
7.86797e-18	258.117	10680
7.82658e-18	256.645	10690
7.78894e-18	255.333	10700
7.87347e-18	258.279	10710
7.92662e-18	260.235	10720
7.76336e-18	254.497	10730
7.72634e-18	252.985	10740
7.82252e-18	256.426	10750
7.81269e-18	256.214	10760
7.78787e-18	255.276	10770
7.75822e-18	254.215	10780
7.75979e-18	254.197	10790
7.7167e-18	252.78	10800
7.65403e-18	250.453	10810
7.63703e-18	249.754	10820
7.66736e-18	250.97	10830
7.62228e-18	249.304	10840
7.58992e-18	248.224	10850
7.50474e-18	244.978	10860
7.65765e-18	250.553	10870
7.69105e-18	251.706	10880
7.75637e-18	254.209	10890
7.64182e-18	250.042	10900
7.6876e-18	251.706	10910
7.61062e-18	248.876	10920
7.64339e-18	250.128	10930
7.61524e-18	249.037	10940
7.60646e-18	248.762	10950
7.60005e-18	248.503	10960
7.65239e-18	250.486	10970
7.6511e-18	250.317	10980
7.65361e-18	250.577	10990
7.51997e-18	245.658	11000
7.62978e-18	249.542	11010
7.62486e-18	249.466	11020
7.60182e-18	248.629	11030
7.62901e-18	249.614	11040
7.60064e-18	248.51	11050
7.68972e-18	251.818	11060
7.61197e-18	249.009	11070
7.54726e-18	246.651	11080
7.61554e-18	249.026	11090
7.73803e-18	253.511	11100
7.64746e-18	250.334	11110
7.63514e-18	249.733	11120
7.76041e-18	254.245	11130
7.81203e-18	256.255	11140
7.75602e-18	254.124	11150
7.7455e-18	253.91	11160
7.64989e-18	250.34	11170
7.73615e-18	253.357	11180
7.80274e-18	255.824	11190
7.71716e-18	252.801	11200
7.72942e-18	253.168	11210
7.69052e-18	251.793	11220
7.76545e-18	254.409	11230
7.76482e-18	254.427	11240
7.84794e-18	257.5	11250
7.78112e-18	255.082	11260
7.7891e-18	255.328	11270
7.72666e-18	253.132	11280
7.68913e-18	251.68	11290
7.74823e-18	253.79	11300
7.7476e-18	253.803	11310
7.83055e-18	256.787	11320
7.87911e-18	258.517	11330
7.83329e-18	256.935	11340
7.82488e-18	256.568	11350
7.83918e-18	257.11	11360
7.92667e-18	260.102	11370
7.98894e-18	262.617	11380
7.79615e-18	255.57	11390
7.76012e-18	254.171	11400
7.8859e-18	258.716	11410
7.88517e-18	258.698	11420
7.85957e-18	257.884	11430
7.86383e-18	257.915	11440
7.93697e-18	260.538	11450
7.88753e-18	258.888	11460
7.85028e-18	257.381	11470
7.82647e-18	256.71	11480
7.79828e-18	255.39	11490
7.93096e-18	260.414	11500
7.94703e-18	260.83	11510
7.98936e-18	262.462	11520
7.97998e-18	262.074	11530
8.00768e-18	263.169	11540
7.84783e-18	257.367	11550
7.94052e-18	260.565	11560
8.08319e-18	265.788	11570
8.02349e-18	263.72	11580
7.94917e-18	260.808	11590
8.04246e-18	264.409	11600
8.02682e-18	263.666	11610
8.10919e-18	266.736	11620
7.95451e-18	261.211	11630
8.15749e-18	268.304	11640
8.20882e-18	270.294	11650
8.19758e-18	269.929	11660
8.10155e-18	266.492	11670
8.14526e-18	267.87	11680
8.14948e-18	268.231	11690
8.2324e-18	271.036	11700
8.35593e-18	275.531	11710
8.30123e-18	273.685	11720
8.17834e-18	269.218	11730
8.19993e-18	269.949	11740
8.33353e-18	274.724	11750
8.27692e-18	272.757	11760
8.26553e-18	272.425	11770
8.19982e-18	269.929	11780
8.3146e-18	274.078	11790
8.21598e-18	270.564	11800
8.15911e-18	268.505	11810
8.23916e-18	271.324	11820
8.22385e-18	270.84	11830
8.21783e-18	270.615	11840
8.08834e-18	266.119	11850
8.0307e-18	263.649	11860
8.18519e-18	269.417	11870
8.1412e-18	267.861	11880
8.13224e-18	267.461	11890
8.05707e-18	264.802	11900
8.13536e-18	267.578	11910
8.18027e-18	269.237	11920
8.13462e-18	267.63	11930
8.11855e-18	266.988	11940
8.12115e-18	267.193	11950
8.03006e-18	263.75	11960
8.15937e-18	268.438	11970
8.1429e-18	267.92	11980
8.10922e-18	266.609	11990
8.12885e-18	267.493	12000
8.06035e-18	264.824	12010
8.04314e-18	264.388	12020
8.012e-18	263.174	12030
8.00223e-18	262.816	12040
8.09099e-18	265.986	12050
7.96618e-18	261.572	12060
8.03801e-18	264.132	12070
8.00154e-18	262.863	12080
7.96683e-18	261.572	12090
8.03402e-18	263.945	12100
7.99443e-18	262.555	12110
8.01849e-18	263.412	12120
8.0201e-18	263.55	12130
8.00038e-18	262.705	12140
8.02265e-18	263.709	12150
7.9296e-18	260.145	12160
7.96407e-18	261.517	12170
7.93403e-18	260.442	12180
7.83429e-18	256.725	12190
7.88555e-18	258.646	12200
7.92131e-18	259.894	12210
7.87755e-18	258.441	12220
7.81644e-18	256.095	12230
7.85176e-18	257.428	12240
7.84781e-18	257.351	12250
7.80571e-18	255.741	12260
7.8634e-18	257.812	12270
7.79781e-18	255.552	12280
7.86094e-18	257.743	12290
7.79825e-18	255.506	12300
7.76859e-18	254.494	12310
7.88968e-18	258.667	12320
7.97551e-18	261.988	12330
7.79557e-18	255.474	12340
7.81224e-18	255.927	12350
7.84522e-18	257.229	12360
7.94298e-18	260.638	12370
7.97185e-18	261.802	12380
7.8329e-18	256.754	12390
7.91336e-18	259.561	12400
7.98114e-18	262.158	12410
7.96594e-18	261.562	12420
8.01404e-18	263.195	12430
7.96293e-18	261.489	12440
7.90402e-18	259.202	12450
8.03081e-18	263.901	12460
7.98653e-18	262.267	12470
7.9423e-18	260.698	12480
7.96535e-18	261.53	12490
8.06187e-18	264.828	12500
8.23815e-18	271.296	12510
8.18287e-18	269.457	12520
8.05621e-18	264.731	12530
8.2348e-18	271.151	12540
8.18569e-18	269.527	12550
8.15258e-18	268.188	12560
8.25359e-18	271.784	12570
8.31044e-18	273.964	12580
8.29017e-18	273.142	12590
8.19781e-18	270.02	12600
8.21886e-18	270.559	12610
8.1728e-18	268.983	12620
8.17867e-18	269.136	12630
8.33079e-18	274.62	12640
8.26847e-18	272.425	12650
8.3206e-18	274.276	12660
8.3487e-18	275.387	12670
8.28913e-18	273.105	12680
8.34607e-18	275.258	12690
8.36675e-18	275.827	12700
8.47816e-18	280.001	12710
8.41958e-18	277.897	12720
8.37462e-18	276.246	12730
8.3649e-18	275.936	12740
8.2311e-18	271.099	12750
8.27184e-18	272.56	12760
8.29126e-18	273.19	12770
8.34168e-18	275.043	12780
8.22701e-18	270.927	12790
8.33649e-18	274.804	12800
8.30621e-18	273.875	12810
8.2315e-18	271.064	12820
8.34677e-18	275.127	12830
8.27703e-18	272.764	12840
8.3155e-18	274.076	12850
8.20893e-18	270.298	12860
8.35178e-18	275.39	12870
8.3309e-18	274.75	12880
8.25321e-18	271.847	12890
8.3133e-18	273.927	12900
8.34646e-18	275.315	12910
8.26188e-18	272.168	12920
8.2605e-18	272.189	12930
8.29254e-18	273.233	12940
8.29638e-18	273.485	12950
8.21374e-18	270.452	12960
8.32958e-18	274.642	12970
8.31505e-18	274.112	12980
8.19003e-18	269.668	12990
8.23222e-18	271.048	13000
8.21601e-18	270.539	13010
8.30004e-18	273.522	13020
8.21005e-18	270.347	13030
8.29397e-18	273.378	13040
8.20271e-18	270.013	13050
8.23783e-18	271.3	13060
8.28299e-18	272.873	13070
8.29004e-18	273.27	13080
8.13239e-18	267.526	13090
8.19866e-18	269.865	13100
8.31107e-18	273.829	13110
8.33242e-18	274.894	13120
8.25013e-18	271.607	13130
8.3268e-18	274.617	13140
8.17706e-18	269.022	13150
8.3122e-18	273.945	13160
8.35155e-18	275.41	13170
8.28662e-18	273.15	13180
8.27654e-18	272.654	13190
8.32159e-18	274.316	13200
8.44064e-18	278.524	13210
8.31007e-18	274.064	13220
8.27185e-18	272.414	13230
8.2972e-18	273.549	13240
8.1099e-18	266.691	13250
8.23635e-18	271.114	13260
8.34716e-18	275.263	13270
8.06666e-18	265.227	13280
8.18667e-18	269.373	13290
8.30985e-18	273.812	13300
8.2524e-18	271.91	13310
8.31595e-18	274.073	13320
8.23498e-18	271.274	13330
8.20908e-18	270.178	13340
8.29909e-18	273.574	13350
8.13468e-18	267.507	13360
8.14587e-18	267.998	13370
8.31149e-18	273.85	13380
8.37643e-18	276.262	13390
8.35104e-18	275.467	13400
8.19703e-18	269.775	13410
8.24909e-18	271.687	13420
8.15022e-18	268.224	13430
8.20987e-18	270.214	13440
8.22727e-18	270.843	13450
8.25868e-18	272.134	13460
8.0884e-18	265.887	13470
8.16626e-18	268.562	13480
8.33302e-18	274.757	13490
8.25681e-18	271.95	13500
8.28544e-18	272.941	13510
8.37361e-18	276.246	13520
8.31974e-18	274.295	13530
8.22222e-18	270.791	13540
8.31775e-18	273.997	13550
8.39155e-18	276.87	13560
8.35021e-18	275.422	13570
8.36885e-18	276.009	13580
8.35567e-18	275.58	13590
8.4203e-18	277.865	13600
8.36398e-18	275.886	13610
8.34501e-18	275.089	13620
8.50655e-18	280.979	13630
8.41144e-18	277.625	13640
8.30683e-18	273.824	13650
8.29256e-18	273.232	13660
8.26322e-18	272.223	13670
8.2899e-18	273.185	13680
8.15673e-18	268.403	13690
8.16108e-18	268.388	13700
8.33551e-18	274.84	13710
8.24259e-18	271.448	13720
8.23981e-18	271.437	13730
8.11178e-18	266.748	13740
8.2211e-18	270.641	13750
8.28925e-18	273.092	13760
8.24363e-18	271.629	13770
8.083e-18	265.627	13780
8.20125e-18	269.932	13790
8.10694e-18	266.625	13800
8.07242e-18	265.262	13810
8.13995e-18	267.792	13820
8.05115e-18	264.551	13830
8.00055e-18	262.695	13840
8.09738e-18	266.261	13850
8.16374e-18	268.579	13860
8.20494e-18	270.029	13870
8.30845e-18	273.833	13880
8.19984e-18	269.957	13890
8.24119e-18	271.455	13900
8.14948e-18	268.172	13910
8.17267e-18	268.858	13920
8.3286e-18	274.602	13930
8.32594e-18	274.463	13940
8.28573e-18	273.089	13950
8.13121e-18	267.496	13960
8.19524e-18	269.748	13970
8.19443e-18	269.718	13980
8.28989e-18	273.147	13990
8.29229e-18	273.205	14000
8.32549e-18	274.572	14010
8.22998e-18	270.985	14020
8.33627e-18	274.855	14030
8.19291e-18	269.823	14040
8.17609e-18	268.943	14050
8.38225e-18	276.546	14060
8.30473e-18	273.724	14070
8.19312e-18	269.822	14080
8.21248e-18	270.341	14090
8.20757e-18	270.29	14100
8.28669e-18	273.048	14110
8.30397e-18	273.788	14120
8.16287e-18	268.639	14130
8.20776e-18	270.187	14140
8.22715e-18	270.964	14150
8.23498e-18	271.131	14160
8.26204e-18	272.341	14170
8.10679e-18	266.557	14180
8.2206e-18	270.64	14190
8.18673e-18	269.511	14200
8.26259e-18	272.243	14210
8.14925e-18	268.231	14220
8.10212e-18	266.385	14230
8.15507e-18	268.301	14240
8.19141e-18	269.746	14250
8.14764e-18	268.108	14260
8.11382e-18	266.864	14270
8.14173e-18	267.901	14280
8.1074e-18	266.65	14290
8.13094e-18	267.467	14300
8.22945e-18	270.971	14310
8.10601e-18	266.733	14320
8.20677e-18	270.138	14330
8.27618e-18	272.67	14340
8.25181e-18	272.064	14350
8.06042e-18	264.841	14360
8.12763e-18	267.444	14370
7.97767e-18	262.062	14380
8.03489e-18	263.991	14390
8.01685e-18	263.339	14400
7.98677e-18	262.338	14410
8.08325e-18	265.717	14420
8.00206e-18	262.803	14430
8.14031e-18	267.889	14440
7.97284e-18	261.923	14450
7.92426e-18	260.026	14460
7.98962e-18	262.359	14470
8.0115e-18	263.272	14480
7.94471e-18	260.769	14490
7.97962e-18	262.014	14500
7.99832e-18	262.742	14510
8.0036e-18	262.862	14520
7.97413e-18	261.879	14530
8.01285e-18	263.26	14540
7.85761e-18	257.69	14550
7.96596e-18	261.484	14560
7.9682e-18	261.712	14570
7.82068e-18	256.407	14580
7.82249e-18	256.345	14590
7.88961e-18	258.745	14600
7.97764e-18	262.019	14610
7.98211e-18	262.101	14620
7.96138e-18	261.426	14630
7.93881e-18	260.673	14640
7.87544e-18	258.301	14650
7.93791e-18	260.564	14660
7.8778e-18	258.386	14670
7.98407e-18	262.187	14680
7.8835e-18	258.68	14690
7.85331e-18	257.426	14700
7.99507e-18	262.626	14710
7.94143e-18	260.67	14720
8.01113e-18	263.196	14730
8.02187e-18	263.595	14740
7.97373e-18	261.871	14750
8.01291e-18	263.236	14760
8.04998e-18	264.611	14770
8.0058e-18	263.024	14780
7.95779e-18	261.366	14790
7.98937e-18	262.299	14800
8.07069e-18	265.377	14810
7.99732e-18	262.611	14820
8.01513e-18	263.386	14830
7.91234e-18	259.634	14840
7.95286e-18	261.069	14850
8.00276e-18	262.821	14860
8.19456e-18	269.804	14870
7.97125e-18	261.778	14880
8.06381e-18	265.071	14890
7.94824e-18	261.029	14900
7.87867e-18	258.286	14910
8.06066e-18	264.896	14920
8.05421e-18	264.815	14930
8.02725e-18	263.698	14940
7.94523e-18	260.861	14950
7.99798e-18	262.643	14960
7.98072e-18	262.055	14970
8.04104e-18	264.238	14980
8.07446e-18	265.4	14990
8.04105e-18	264.274	15000
8.04119e-18	264.197	15010
8.20416e-18	270.081	15020
8.11659e-18	266.991	15030
8.00314e-18	262.959	15040
7.9982e-18	262.6	15050
8.03798e-18	264.136	15060
7.991e-18	262.393	15070
8.13917e-18	267.604	15080
8.18822e-18	269.618	15090
8.08002e-18	265.675	15100
8.08792e-18	265.779	15110
8.22803e-18	270.882	15120
8.09524e-18	266.36	15130
8.08685e-18	265.738	15140
8.07488e-18	265.438	15150
8.07141e-18	265.178	15160
8.13594e-18	267.617	15170
8.0326e-18	263.942	15180
8.09892e-18	266.179	15190
8.06551e-18	265.105	15200
8.04281e-18	264.247	15210
8.01821e-18	263.42	15220
8.06919e-18	265.106	15230
8.11323e-18	266.68	15240
8.0882e-18	265.998	15250
8.053e-18	264.473	15260
8.08794e-18	265.885	15270
8.11548e-18	266.725	15280
8.15122e-18	268.232	15290
8.14774e-18	267.832	15300
8.34821e-18	275.243	15310
8.2205e-18	270.732	15320
8.14062e-18	267.752	15330
8.13357e-18	267.421	15340
8.25861e-18	272.001	15350
8.33427e-18	274.716	15360
8.29952e-18	273.554	15370
8.2863e-18	272.973	15380
8.20602e-18	270.123	15390
8.19569e-18	269.785	15400
8.22756e-18	270.83	15410
8.22573e-18	270.826	15420
8.20031e-18	269.889	15430
8.15273e-18	268.229	15440
8.1275e-18	267.261	15450
8.1751e-18	269.074	15460
8.0551e-18	264.598	15470
8.23537e-18	271.071	15480
8.12122e-18	267.179	15490
8.09373e-18	265.999	15500
8.08386e-18	265.696	15510
8.15689e-18	268.275	15520
8.16826e-18	268.799	15530
8.07715e-18	265.523	15540
8.14609e-18	267.889	15550
8.08619e-18	265.859	15560
8.10442e-18	266.389	15570
8.06527e-18	265.175	15580
7.96593e-18	261.425	15590
8.02529e-18	263.612	15600
7.99662e-18	262.583	15610
8.01127e-18	263.047	15620
8.07582e-18	265.424	15630
8.07965e-18	265.554	15640
8.10062e-18	266.349	15650
7.97671e-18	261.903	15660
8.04559e-18	264.312	15670
7.97751e-18	261.983	15680
8.02121e-18	263.409	15690
8.04738e-18	264.468	15700
8.06022e-18	264.844	15710
8.03919e-18	264.166	15720
7.98956e-18	262.242	15730
8.15275e-18	268.166	15740
8.10781e-18	266.64	15750
8.01967e-18	263.474	15760
8.01938e-18	263.366	15770
8.11245e-18	266.758	15780
8.02667e-18	263.66	15790
8.01778e-18	263.345	15800
8.06222e-18	265.043	15810
7.98974e-18	262.27	15820
8.08881e-18	265.952	15830
8.10201e-18	266.37	15840
8.15429e-18	268.28	15850
8.15448e-18	268.251	15860
8.17079e-18	268.903	15870
8.10084e-18	266.568	15880
7.99237e-18	262.315	15890
8.15323e-18	268.267	15900
8.05025e-18	264.597	15910
7.97151e-18	261.62	15920
7.98354e-18	262.296	15930
8.00974e-18	263.034	15940
7.9815e-18	262.129	15950
7.99806e-18	262.633	15960
8.10539e-18	266.507	15970
8.06559e-18	265.166	15980
7.92246e-18	259.994	15990
7.89239e-18	258.893	16000
7.95628e-18	261.152	16010
7.91147e-18	259.551	16020
7.9689e-18	261.612	16030
7.94092e-18	260.561	16040
7.99287e-18	262.505	16050
7.90743e-18	259.471	16060
7.81307e-18	255.936	16070
7.9652e-18	261.452	16080
7.95617e-18	261.178	16090
7.9373e-18	260.488	16100
7.98865e-18	262.306	16110
7.9416e-18	260.706	16120
7.76404e-18	254.153	16130
7.94341e-18	260.747	16140
7.90113e-18	259.157	16150
7.82756e-18	256.53	16160
7.92888e-18	260.161	16170
7.87458e-18	258.301	16180
7.89785e-18	258.924	16190
7.90018e-18	259.262	16200
7.90735e-18	259.246	16210
8.04442e-18	264.277	16220
8.09704e-18	266.282	16230
7.95648e-18	261.141	16240
8.04573e-18	264.299	16250
8.17806e-18	269.139	16260
8.09678e-18	266.277	16270
8.1768e-18	269.044	16280
8.22534e-18	270.797	16290
8.27313e-18	272.571	16300
8.25182e-18	271.861	16310
8.15318e-18	268.314	16320
8.08414e-18	265.606	16330
8.28718e-18	273.035	16340
8.33069e-18	274.683	16350
8.34914e-18	275.297	16360
8.39618e-18	277.045	16370
8.24802e-18	271.842	16380
8.35305e-18	275.471	16390
8.22841e-18	271.088	16400
8.23065e-18	270.992	16410
8.27767e-18	272.704	16420
8.24007e-18	271.387	16430
8.27709e-18	272.776	16440
8.30884e-18	273.868	16450
8.2184e-18	270.61	16460
8.30383e-18	273.692	16470
8.22974e-18	271.054	16480
8.25466e-18	271.87	16490
8.31453e-18	274.047	16500
8.26516e-18	272.339	16510
8.23917e-18	271.297	16520
8.24918e-18	271.806	16530
8.17806e-18	269.128	16540
8.27135e-18	272.459	16550
8.29984e-18	273.493	16560
8.37114e-18	276.072	16570
8.32655e-18	274.521	16580
8.31666e-18	274.112	16590
8.27307e-18	272.633	16600
8.27326e-18	272.531	16610
8.28092e-18	272.825	16620
8.38625e-18	276.596	16630
8.32943e-18	274.62	16640
8.27662e-18	272.671	16650
8.31088e-18	273.917	16660
8.30768e-18	273.728	16670
8.38451e-18	276.604	16680
8.24536e-18	271.594	16690
8.2222e-18	270.69	16700
8.22167e-18	270.648	16710
8.22652e-18	270.836	16720
8.36187e-18	275.71	16730
8.26408e-18	272.317	16740
8.30038e-18	273.503	16750
8.17558e-18	269.025	16760
8.3604e-18	275.587	16770
8.32945e-18	274.666	16780
8.28305e-18	272.978	16790
8.24007e-18	271.259	16800
8.29744e-18	273.426	16810
8.29492e-18	273.345	16820
8.32981e-18	274.509	16830
8.39023e-18	276.787	16840
8.34042e-18	275.035	16850
8.32726e-18	274.492	16860
8.27499e-18	272.608	16870
8.32654e-18	274.458	16880
8.21601e-18	270.514	16890
8.20924e-18	270.229	16900
8.27923e-18	272.705	16910
8.28465e-18	272.983	16920
8.31794e-18	274.183	16930
8.27372e-18	272.615	16940
8.27824e-18	272.731	16950
8.02562e-18	263.827	16960
7.96997e-18	261.539	16970
8.17589e-18	268.896	16980
8.23542e-18	271.254	16990
8.16661e-18	268.683	17000
8.24451e-18	271.516	17010
8.04053e-18	264.319	17020
8.01089e-18	263.063	17030
7.949e-18	260.932	17040
8.07133e-18	265.208	17050
8.08801e-18	265.995	17060
7.97311e-18	261.685	17070
8.14255e-18	267.748	17080
8.15804e-18	268.465	17090
8.09725e-18	266.241	17100
8.04274e-18	264.311	17110
7.84741e-18	257.258	17120
8.04581e-18	264.259	17130
8.13007e-18	267.397	17140
8.10382e-18	266.566	17150
7.88299e-18	258.6	17160
7.85227e-18	257.391	17170
7.98256e-18	261.922	17180
8.10257e-18	266.486	17190
8.07619e-18	265.493	17200
7.97901e-18	262.04	17210
7.94873e-18	260.9	17220
7.97578e-18	261.819	17230
7.9113e-18	259.578	17240
7.91303e-18	259.589	17250
7.93584e-18	260.328	17260
7.98698e-18	262.289	17270
7.95912e-18	261.282	17280
7.89618e-18	258.936	17290
7.97354e-18	261.774	17300
7.90235e-18	259.274	17310
7.99023e-18	262.253	17320
8.06147e-18	264.93	17330
8.04872e-18	264.527	17340
8.07766e-18	265.486	17350
7.99271e-18	262.543	17360
7.89646e-18	258.978	17370
8.034e-18	263.939	17380
8.04034e-18	264.17	17390
8.11499e-18	266.842	17400
8.06997e-18	265.218	17410
8.11649e-18	266.897	17420
8.10046e-18	266.379	17430
8.06707e-18	265.151	17440
8.1415e-18	267.822	17450
8.15936e-18	268.569	17460
8.02212e-18	263.48	17470
8.27784e-18	272.704	17480
8.09208e-18	266.186	17490
7.99322e-18	262.503	17500
7.97779e-18	261.967	17510
7.96494e-18	261.46	17520
7.96597e-18	261.495	17530
7.97829e-18	261.921	17540
7.92977e-18	260.219	17550
7.9956e-18	262.51	17560
8.00469e-18	262.959	17570
7.95268e-18	260.923	17580
8.04648e-18	264.402	17590
7.96149e-18	261.382	17600
7.919e-18	259.811	17610
7.91641e-18	259.649	17620
8.00919e-18	263.04	17630
8.07009e-18	265.214	17640
8.15601e-18	268.234	17650
8.1865e-18	269.459	17660
8.08484e-18	265.853	17670
8.06795e-18	265.093	17680
8.16602e-18	268.615	17690
8.2654e-18	272.381	17700
8.14936e-18	268.056	17710
8.16185e-18	268.559	17720
8.26929e-18	272.408	17730
8.22459e-18	270.786	17740
8.33123e-18	274.667	17750
8.2067e-18	270.249	17760
8.25302e-18	271.799	17770
8.2308e-18	271.079	17780
8.22486e-18	270.829	17790
8.26699e-18	272.361	17800
8.27384e-18	272.574	17810
8.32296e-18	274.373	17820
8.39883e-18	277.071	17830
8.30074e-18	273.702	17840
8.30902e-18	273.864	17850
8.25744e-18	271.991	17860
8.39774e-18	276.943	17870
8.41579e-18	277.843	17880
8.2389e-18	271.368	17890
8.29334e-18	273.24	17900
8.3148e-18	274.158	17910
8.18217e-18	269.27	17920
8.28144e-18	272.82	17930
8.34727e-18	275.251	17940
8.38878e-18	276.767	17950
8.26147e-18	272.276	17960
8.12787e-18	267.38	17970
8.23502e-18	271.103	17980
8.24582e-18	271.612	17990
8.26686e-18	272.349	18000
8.24064e-18	271.417	18010
8.22544e-18	270.914	18020
8.10129e-18	266.391	18030
8.24545e-18	271.605	18040
8.16611e-18	268.742	18050
8.16779e-18	268.849	18060
8.07828e-18	265.604	18070
8.06371e-18	265.028	18080
8.12813e-18	267.433	18090
8.01673e-18	263.363	18100
7.99415e-18	262.546	18110
8.05707e-18	264.858	18120
7.97623e-18	261.784	18130
8.10727e-18	266.662	18140
8.07163e-18	265.427	18150
7.96546e-18	261.548	18160
7.94687e-18	260.929	18170
8.00404e-18	262.888	18180
7.87382e-18	258.3	18190
7.94386e-18	260.673	18200
7.91837e-18	259.999	18210
7.75339e-18	253.843	18220
7.92755e-18	260.183	18230
7.93074e-18	260.225	18240
7.84687e-18	257.403	18250
7.78634e-18	255.077	18260
7.73371e-18	253.293	18270
7.71526e-18	252.48	18280
7.69996e-18	251.99	18290
7.70168e-18	252.072	18300
7.68775e-18	251.548	18310
7.65951e-18	250.563	18320
7.63171e-18	249.534	18330
7.61383e-18	248.811	18340
7.60119e-18	248.5	18350
7.55832e-18	246.892	18360
7.55129e-18	246.613	18370
7.60861e-18	248.685	18380
7.6326e-18	249.519	18390
7.65925e-18	250.56	18400
7.65985e-18	250.496	18410
7.71206e-18	252.384	18420
7.77683e-18	254.811	18430
7.67463e-18	251.134	18440
7.76756e-18	254.351	18450
7.71957e-18	252.773	18460
7.82394e-18	256.364	18470
7.88159e-18	258.6	18480
7.83006e-18	256.698	18490
7.88453e-18	258.691	18500
7.73809e-18	253.422	18510
7.81111e-18	255.948	18520
7.83379e-18	256.839	18530
7.92583e-18	260.091	18540
8.02028e-18	263.53	18550
7.99906e-18	262.835	18560
7.88342e-18	258.59	18570
7.89496e-18	258.966	18580
8.01321e-18	263.286	18590
7.96274e-18	261.477	18600
7.91475e-18	259.76	18610
7.95991e-18	261.342	18620
7.91878e-18	259.918	18630
7.86829e-18	258.058	18640
7.92835e-18	260.174	18650
7.85792e-18	257.726	18660
7.83399e-18	256.812	18670
7.85061e-18	257.375	18680
7.88498e-18	258.647	18690
7.83776e-18	256.901	18700
7.90193e-18	259.195	18710
8.01572e-18	263.386	18720
7.79668e-18	255.433	18730
7.88383e-18	258.608	18740
7.8894e-18	258.774	18750
7.92894e-18	260.163	18760
7.87522e-18	258.412	18770
7.80083e-18	255.455	18780
7.9798e-18	261.974	18790
8.14472e-18	268	18800
7.92527e-18	260.189	18810
7.93997e-18	260.475	18820
8.03806e-18	264.1	18830
8.1495e-18	268.118	18840
8.12769e-18	267.372	18850
8.08785e-18	265.974	18860
8.14335e-18	267.947	18870
8.03975e-18	264.16	18880
8.15028e-18	268.103	18890
8.12071e-18	267.198	18900
8.04639e-18	264.412	18910
8.14793e-18	268.005	18920
8.18767e-18	269.481	18930
8.16554e-18	268.809	18940
8.13408e-18	267.62	18950
8.14215e-18	267.787	18960
8.27486e-18	272.655	18970
8.21838e-18	270.728	18980
8.12843e-18	267.406	18990
8.08204e-18	265.635	19000
8.17044e-18	268.86	19010
8.20783e-18	270.216	19020
8.18385e-18	269.448	19030
8.24536e-18	271.515	19040
8.28801e-18	273.058	19050
8.28442e-18	273.035	19060
8.21871e-18	270.715	19070
8.24021e-18	271.394	19080
8.20695e-18	270.154	19090
8.28981e-18	273.217	19100
8.13219e-18	267.508	19110
8.24225e-18	271.49	19120
8.19643e-18	269.76	19130
8.13367e-18	267.669	19140
8.21636e-18	270.374	19150
8.23007e-18	271.01	19160
8.2468e-18	271.741	19170
8.22204e-18	270.706	19180
8.226e-18	270.891	19190
8.26132e-18	272.15	19200
8.26025e-18	272.101	19210
8.22474e-18	270.909	19220
8.17594e-18	269.098	19230
8.24794e-18	271.665	19240
8.25116e-18	271.814	19250
8.14617e-18	268.11	19260
8.14225e-18	267.854	19270
8.19951e-18	269.919	19280
8.21902e-18	270.639	19290
8.12493e-18	267.31	19300
8.11032e-18	266.736	19310
8.10136e-18	266.452	19320
8.15243e-18	268.271	19330
8.03077e-18	263.95	19340
8.03388e-18	263.914	19350
8.01349e-18	263.229	19360
7.82393e-18	256.578	19370
7.74002e-18	253.294	19380
7.87797e-18	258.249	19390
7.8286e-18	256.683	19400
7.78278e-18	254.817	19410
7.82032e-18	256.282	19420
7.8418e-18	257.03	19430
7.85083e-18	257.363	19440
7.85728e-18	257.565	19450
7.85753e-18	257.728	19460
7.75587e-18	253.863	19470
7.81964e-18	256.264	19480
7.91437e-18	259.669	19490
7.90242e-18	259.202	19500
7.89228e-18	258.968	19510
7.97118e-18	261.713	19520
7.84332e-18	257.199	19530
7.82755e-18	256.571	19540
7.85524e-18	257.51	19550
7.79621e-18	255.506	19560
7.80206e-18	255.633	19570
7.902e-18	259.153	19580
7.93887e-18	260.658	19590
7.93801e-18	260.441	19600
8.04539e-18	264.494	19610
7.88664e-18	258.81	19620
7.8543e-18	257.542	19630
7.89118e-18	258.803	19640
7.99125e-18	262.509	19650
7.90501e-18	259.354	19660
7.96149e-18	261.417	19670
7.9295e-18	260.305	19680
7.93073e-18	260.215	19690
7.85391e-18	257.603	19700
7.88986e-18	258.82	19710
7.91045e-18	259.54	19720
7.8191e-18	256.383	19730
7.80498e-18	255.68	19740
7.82172e-18	256.316	19750
7.95354e-18	261.075	19760
7.94505e-18	260.894	19770
7.87347e-18	258.227	19780
7.84509e-18	257.277	19790
7.84795e-18	257.232	19800
7.86071e-18	257.789	19810
7.97759e-18	261.971	19820
7.87365e-18	258.351	19830
7.75742e-18	254.045	19840
7.92271e-18	259.883	19850
7.94611e-18	260.903	19860
7.94627e-18	260.844	19870
7.95648e-18	261.283	19880
8.09673e-18	266.193	19890
8.14102e-18	267.971	19900
7.98057e-18	262.159	19910
8.07967e-18	265.664	19920
8.19872e-18	269.99	19930
8.20407e-18	270.154	19940
8.11129e-18	266.889	19950
8.12224e-18	267.204	19960
8.14035e-18	267.898	19970
8.1939e-18	269.716	19980
8.13598e-18	267.863	19990
8.06523e-18	265.135	20000
